Objects, 1
Object:, First Vertice:, Vertices:, First Triangle:, Triangles:
Circle.011, 1, 129, 1, 256

Vertices, 129
Vertice:, X:, Y:, Z:
1, 0.45634892221166723, -2.093543787731397, -0.9355356395244598
2, 0.5119695253670216, -2.094173203513492, -0.9410141110420227
3, 0.5654526650905609, -2.0947784293675795, -0.9572390615940094
4, 0.6147430241107941, -2.095336201018654, -0.9835869818925858
5, 0.6579463481903076, -2.0958250884432346, -1.0190452933311462
6, 0.6934024691581726, -2.096226313151419, -1.0622514188289642
7, 0.7197486758232117, -2.096524450229481, -1.1115448772907257
8, 0.7359726428985596, -2.0967080374248326, -1.1650314182043076
9, 0.7414508163928986, -2.0967700239270926, -1.220655565374706
10, 0.735972672700882, -2.096708027878776, -1.2762797176837921
11, 0.7197487950325012, -2.0965244330000132, -1.3297662660479546
12, 0.6934025585651398, -2.0962262873072177, -1.3790597915649414
13, 0.6579464972019196, -2.095825062133372, -1.4222659319639206
14, 0.6147431433200836, -2.0953361588763073, -1.4577243030071259
15, 0.5654527917504311, -2.0947783809388056, -1.4840722382068634
16, 0.5119696408510208, -2.0941731557250023, -1.5002972185611725
17, 0.4563490153845065, -2.0935437473384635, -1.5057757198810577
18, 0.40072838962078094, -2.0929143269895576, -1.5002972185611725
19, 0.3472452387213707, -2.092309107305482, -1.4840722382068634
20, 0.29795488715171814, -2.091751338564791, -1.4577243030071259
21, 0.2547515332698822, -2.091262439265847, -1.4222659468650818
22, 0.21929548680782318, -2.0908612213097513, -1.3790597915649414
23, 0.19294923543930054, -2.0905630856286734, -1.3297662734985352
24, 0.1767253577709198, -2.0903794979676604, -1.2762796878814697
25, 0.1712472140789032, -2.0903175119310617, -1.2206554971948975
26, 0.17672541737556458, -2.0903795077465475, -1.1650313138961792
27, 0.19294938445091248, -2.0905631065834314, -1.1115447506308556
28, 0.2192956805229187, -2.0908612466882914, -1.062251254916191
29, 0.2547517865896225, -2.0912624758202583, -1.0190451741218567
30, 0.297955185174942, -2.0917513775639236, -0.9835868626832962
31, 0.34724557399749756, -2.0923091570148245, -0.9572389721870422
32, 0.4007287509739399, -2.092914380657021, -0.9410140514373779
33, 0.4011041410267353, -2.0597413666546345, -0.9410140514373779
34, 0.34762097150087357, -2.059136141091585, -0.9572389721870422
35, 0.2983305752277374, -2.0585783645510674, -0.9835868626832962
36, 0.2551271915435791, -2.058089464902878, -1.0190451741218567
37, 0.2196710705757141, -2.0576882362365723, -1.062251254916191
38, 0.19332480430603027, -2.0573900938034058, -1.1115447506308556
39, 0.17710080742835999, -2.057206492871046, -1.165031310170889
40, 0.1716226041316986, -2.057144496589899, -1.2206554940210452
41, 0.1771007478237152, -2.057206481695175, -1.2762796841561794
42, 0.19332462549209595, -2.057390071451664, -1.3297662734985352
43, 0.2196708768606186, -2.05768820643425, -1.3790597915649414
44, 0.2551269233226776, -2.0580894239246845, -1.4222659468650818
45, 0.29833027720451355, -2.058578323572874, -1.4577243030071259
46, 0.3476206362247467, -2.0591360926628113, -1.484072208404541
47, 0.40110377967357635, -2.059741321951151, -1.5002972185611725
48, 0.45672440639464185, -2.060370732098818, -1.5057757198810577
49, 0.5123450309038162, -2.0610001422464848, -1.5002972185611725
50, 0.5658281818032265, -2.061605367809534, -1.4840722382068634
51, 0.615118533372879, -2.062163144350052, -1.4577243030071259
52, 0.658321887254715, -2.0626520477235317, -1.4222659319639206
53, 0.6937779635190964, -2.063053272664547, -1.3790597915649414
54, 0.7201241850852966, -2.0633514188230038, -1.329766258597374
55, 0.7363480627536774, -2.063535014167428, -1.2762797139585018
56, 0.741826206445694, -2.063597010448575, -1.2206555624477957
57, 0.736348032951355, -2.0635350234806538, -1.1650314144790173
58, 0.7201240658760071, -2.06335143558681, -1.1115448772907257
59, 0.693777859210968, -2.063053298741579, -1.062251403927803
60, 0.6583217531442642, -2.0626520793884993, -1.0190452933311462
61, 0.6151184141635895, -2.062163185328245, -0.9835869818925858
62, 0.5658280625939369, -2.061605416238308, -0.9572390615940094
63, 0.512344915419817, -2.0610001906752586, -0.9410141110420227
64, 0.45672431311686523, -2.060370773077011, -0.9355356395244598
65, 0.4567243190249428, -2.0603707768023014, -0.949791669845581
66, 0.5095638893544674, -2.060968715697527, -0.9549961984157562
67, 0.5603728741407394, -2.0615436732769012, -0.9704099297523499
68, 0.6071986705064774, -2.0620735585689545, -0.9954404234886169
69, 0.648241862654686, -2.062538009136915, -1.0291258245706558
70, 0.6819251626729965, -2.062919171527028, -1.0701716244220734
71, 0.7069540321826935, -2.06320240162313, -1.1170004159212112
72, 0.7223668098449707, -2.063376808539033, -1.1678126268088818
73, 0.7275710701942444, -2.063435697928071, -1.220655563253736
74, 0.7223668694496155, -2.063376799225807, -1.2734985053539276
75, 0.7069541811943054, -2.0632023848593235, -1.324310727417469
76, 0.6819252520799637, -2.0629191491752863, -1.371139571070671
77, 0.6482419967651367, -2.0625379756093025, -1.412185400724411
78, 0.6071988195180893, -2.062073525041342, -1.4458708316087723
79, 0.5603729858994484, -2.0615436360239983, -1.4709013998508453
80, 0.509563997387886, -2.0609686747193336, -1.4863151013851166
81, 0.45672440764610656, -2.060370732098818, -1.491519719362259
82, 0.40388481691479683, -2.0597727932035923, -1.486315131187439
83, 0.3530758246779442, -2.0591978318989277, -1.470901370048523
84, 0.3062499612569809, -2.058667942881584, -1.4458708316087723
85, 0.26520681381225586, -2.0582034960389137, -1.412185400724411
86, 0.2315235435962677, -2.057822335511446, -1.371139571070671
87, 0.20649464428424835, -2.0575391054153442, -1.324310727417469
88, 0.1910819411277771, -2.057364698499441, -1.2734984755516052
89, 0.1858777105808258, -2.0573058128356934, -1.2206554988564733
90, 0.19108200073242188, -2.0573647059500217, -1.167812529951334
91, 0.2064947783946991, -2.0575391240417957, -1.1170002967119217
92, 0.23152375221252441, -2.057822361588478, -1.0701714605093002
93, 0.26520706713199615, -2.0582035332918167, -1.029125690460205
94, 0.3062502592802048, -2.0586679838597775, -0.9954403191804886
95, 0.35307615250349045, -2.0591978766024113, -0.9704098403453827
96, 0.4038851633667946, -2.059772841632366, -0.9549961388111115
97, 0.4036226086318493, -2.082974724471569, -0.9549961388111115
98, 0.35281359404325485, -2.082399759441614, -0.9704098403453827
99, 0.3059877008199692, -2.081869867630303, -0.9954403191804886
100, 0.26494450867176056, -2.0814054161310196, -1.029125690460205
101, 0.23126119375228882, -2.081024244427681, -1.0701714605093002
102, 0.2062322199344635, -2.080741005949676, -1.1170002967119217
103, 0.19081944227218628, -2.0805665887892246, -1.1678125336766243
104, 0.1856151819229126, -2.080507691949606, -1.2206555012699454
105, 0.1908193826675415, -2.080566579475999, -1.2734984755516052
106, 0.20623210072517395, -2.0807409891858697, -1.324310727417469
107, 0.2312610000371933, -2.0810242146253586, -1.371139571070671
108, 0.26494425535202026, -2.081405377946794, -1.412185400724411
109, 0.3059874027967453, -2.081869827583432, -1.4458708316087723
110, 0.3528132736682892, -2.082399705424905, -1.470901370048523
111, 0.40362226217985153, -2.082974667660892, -1.486315131187439
112, 0.45646185155783314, -2.083572616800666, -1.491519719362259
113, 0.5093014426529408, -2.0841705491766334, -1.486315131187439
114, 0.5601104274392128, -2.0847455207258463, -1.4709013998508453
115, 0.6069362610578537, -2.0852754088118672, -1.4458708316087723
116, 0.6479794383049011, -2.085739859379828, -1.412185400724411
117, 0.6816626936197281, -2.086121026892215, -1.371139571070671
118, 0.7066916227340698, -2.0864042625762522, -1.3243107348680496
119, 0.7221043109893799, -2.086578680668026, -1.2734985053539276
120, 0.7273085117340088, -2.086637577507645, -1.2206555657268225
121, 0.7221042513847351, -2.0865786904469132, -1.1678126268088818
122, 0.7066914737224579, -2.0864042793400586, -1.1170004233717918
123, 0.6816626042127609, -2.0861210552975535, -1.0701716244220734
124, 0.6479793041944504, -2.085739887319505, -1.029125839471817
125, 0.6069361120462418, -2.08527544233948, -0.9954404234886169
126, 0.5601103156805038, -2.0847455579787493, -0.9704099297523499
127, 0.5093013346195221, -2.084170600399375, -0.9549961984157562
128, 0.4564617629876011, -2.083572660572827, -0.949791669845581
129, 0.45646187227248447, -2.0835726354271173, -1.2206555898234441

Triangles, 224
Triangle:, Side1:, Side2:, Side3:
1, 32, 1, 64
2, 32, 64, 33
3, 32, 31, 34
4, 32, 34, 33
5, 31, 30, 35
6, 31, 35, 34
7, 30, 29, 36
8, 30, 36, 35
9, 29, 28, 37
10, 29, 37, 36
11, 28, 27, 38
12, 28, 38, 37
13, 27, 26, 39
14, 27, 39, 38
15, 26, 25, 40
16, 26, 40, 39
17, 25, 24, 41
18, 25, 41, 40
19, 24, 23, 42
20, 24, 42, 41
21, 23, 22, 43
22, 23, 43, 42
23, 22, 21, 44
24, 22, 44, 43
25, 21, 20, 45
26, 21, 45, 44
27, 20, 19, 46
28, 20, 46, 45
29, 19, 18, 47
30, 19, 47, 46
31, 18, 17, 48
32, 18, 48, 47
33, 17, 16, 49
34, 17, 49, 48
35, 16, 15, 50
36, 16, 50, 49
37, 15, 14, 51
38, 15, 51, 50
39, 14, 13, 52
40, 14, 52, 51
41, 13, 12, 53
42, 13, 53, 52
43, 12, 11, 54
44, 12, 54, 53
45, 11, 10, 55
46, 11, 55, 54
47, 10, 9, 56
48, 10, 56, 55
49, 9, 8, 57
50, 9, 57, 56
51, 8, 7, 58
52, 8, 58, 57
53, 7, 6, 59
54, 7, 59, 58
55, 6, 5, 60
56, 6, 60, 59
57, 5, 4, 61
58, 5, 61, 60
59, 4, 3, 62
60, 4, 62, 61
61, 3, 2, 63
62, 3, 63, 62
63, 2, 1, 64
64, 2, 64, 63
65, 63, 64, 65
66, 63, 65, 66
67, 62, 63, 66
68, 62, 66, 67
69, 61, 62, 67
70, 61, 67, 68
71, 60, 61, 68
72, 60, 68, 69
73, 59, 60, 69
74, 59, 69, 70
75, 58, 59, 70
76, 58, 70, 71
77, 57, 58, 71
78, 57, 71, 72
79, 56, 57, 72
80, 56, 72, 73
81, 55, 56, 73
82, 55, 73, 74
83, 54, 55, 74
84, 54, 74, 75
85, 53, 54, 75
86, 53, 75, 76
87, 52, 53, 76
88, 52, 76, 77
89, 51, 52, 77
90, 51, 77, 78
91, 50, 51, 78
92, 50, 78, 79
93, 49, 50, 79
94, 49, 79, 80
95, 48, 49, 80
96, 48, 80, 81
97, 47, 48, 81
98, 47, 81, 82
99, 46, 47, 82
100, 46, 82, 83
101, 45, 46, 83
102, 45, 83, 84
103, 44, 45, 84
104, 44, 84, 85
105, 43, 44, 85
106, 43, 85, 86
107, 42, 43, 86
108, 42, 86, 87
109, 41, 42, 87
110, 41, 87, 88
111, 40, 41, 88
112, 40, 88, 89
113, 39, 40, 89
114, 39, 89, 90
115, 38, 39, 90
116, 38, 90, 91
117, 37, 38, 91
118, 37, 91, 92
119, 36, 37, 92
120, 36, 92, 93
121, 35, 36, 93
122, 35, 93, 94
123, 34, 35, 94
124, 34, 94, 95
125, 33, 34, 95
126, 33, 95, 96
127, 33, 64, 65
128, 33, 65, 96
129, 96, 65, 128
130, 96, 128, 97
131, 96, 95, 98
132, 96, 98, 97
133, 95, 94, 99
134, 95, 99, 98
135, 94, 93, 100
136, 94, 100, 99
137, 93, 92, 101
138, 93, 101, 100
139, 92, 91, 102
140, 92, 102, 101
141, 91, 90, 103
142, 91, 103, 102
143, 90, 89, 104
144, 90, 104, 103
145, 89, 88, 105
146, 89, 105, 104
147, 88, 87, 106
148, 88, 106, 105
149, 87, 86, 107
150, 87, 107, 106
151, 86, 85, 108
152, 86, 108, 107
153, 85, 84, 109
154, 85, 109, 108
155, 84, 83, 110
156, 84, 110, 109
157, 83, 82, 111
158, 83, 111, 110
159, 82, 81, 112
160, 82, 112, 111
161, 81, 80, 113
162, 81, 113, 112
163, 80, 79, 114
164, 80, 114, 113
165, 79, 78, 115
166, 79, 115, 114
167, 78, 77, 116
168, 78, 116, 115
169, 77, 76, 117
170, 77, 117, 116
171, 76, 75, 118
172, 76, 118, 117
173, 75, 74, 119
174, 75, 119, 118
175, 74, 73, 120
176, 74, 120, 119
177, 73, 72, 121
178, 73, 121, 120
179, 72, 71, 122
180, 72, 122, 121
181, 71, 70, 123
182, 71, 123, 122
183, 70, 69, 124
184, 70, 124, 123
185, 69, 68, 125
186, 69, 125, 124
187, 68, 67, 126
188, 68, 126, 125
189, 67, 66, 127
190, 67, 127, 126
191, 66, 65, 128
192, 66, 128, 127
193, 127, 128, 129
194, 126, 127, 129
195, 125, 126, 129
196, 124, 125, 129
197, 123, 124, 129
198, 122, 123, 129
199, 121, 122, 129
200, 120, 121, 129
201, 119, 120, 129
202, 118, 119, 129
203, 117, 118, 129
204, 116, 117, 129
205, 115, 116, 129
206, 114, 115, 129
207, 113, 114, 129
208, 112, 113, 129
209, 111, 112, 129
210, 110, 111, 129
211, 109, 110, 129
212, 108, 109, 129
213, 107, 108, 129
214, 106, 107, 129
215, 105, 106, 129
216, 104, 105, 129
217, 103, 104, 129
218, 102, 103, 129
219, 101, 102, 129
220, 100, 101, 129
221, 99, 100, 129
222, 98, 99, 129
223, 97, 98, 129
224, 97, 128, 129

Colors, 224
Triangle:, Red:, Green:, Blue:
1, 1, 1, 1
2, 1, 1, 1
3, 1, 1, 1
4, 1, 1, 1
5, 1, 1, 1
6, 1, 1, 1
7, 1, 1, 1
8, 1, 1, 1
9, 1, 1, 1
10, 1, 1, 1
11, 1, 1, 1
12, 1, 1, 1
13, 1, 1, 1
14, 1, 1, 1
15, 1, 1, 1
16, 1, 1, 1
17, 1, 1, 1
18, 1, 1, 1
19, 1, 1, 1
20, 1, 1, 1
21, 1, 1, 1
22, 1, 1, 1
23, 1, 1, 1
24, 1, 1, 1
25, 1, 1, 1
26, 1, 1, 1
27, 1, 1, 1
28, 1, 1, 1
29, 1, 1, 1
30, 1, 1, 1
31, 1, 1, 1
32, 1, 1, 1
33, 1, 1, 1
34, 1, 1, 1
35, 1, 1, 1
36, 1, 1, 1
37, 1, 1, 1
38, 1, 1, 1
39, 1, 1, 1
40, 1, 1, 1
41, 1, 1, 1
42, 1, 1, 1
43, 1, 1, 1
44, 1, 1, 1
45, 1, 1, 1
46, 1, 1, 1
47, 1, 1, 1
48, 1, 1, 1
49, 1, 1, 1
50, 1, 1, 1
51, 1, 1, 1
52, 1, 1, 1
53, 1, 1, 1
54, 1, 1, 1
55, 1, 1, 1
56, 1, 1, 1
57, 1, 1, 1
58, 1, 1, 1
59, 1, 1, 1
60, 1, 1, 1
61, 1, 1, 1
62, 1, 1, 1
63, 1, 1, 1
64, 1, 1, 1
65, 1, 1, 1
66, 1, 1, 1
67, 1, 1, 1
68, 1, 1, 1
69, 1, 1, 1
70, 1, 1, 1
71, 1, 1, 1
72, 1, 1, 1
73, 1, 1, 1
74, 1, 1, 1
75, 1, 1, 1
76, 1, 1, 1
77, 1, 1, 1
78, 1, 1, 1
79, 1, 1, 1
80, 1, 1, 1
81, 1, 1, 1
82, 1, 1, 1
83, 1, 1, 1
84, 1, 1, 1
85, 1, 1, 1
86, 1, 1, 1
87, 1, 1, 1
88, 1, 1, 1
89, 1, 1, 1
90, 1, 1, 1
91, 1, 1, 1
92, 1, 1, 1
93, 1, 1, 1
94, 1, 1, 1
95, 1, 1, 1
96, 1, 1, 1
97, 1, 1, 1
98, 1, 1, 1
99, 1, 1, 1
100, 1, 1, 1
101, 1, 1, 1
102, 1, 1, 1
103, 1, 1, 1
104, 1, 1, 1
105, 1, 1, 1
106, 1, 1, 1
107, 1, 1, 1
108, 1, 1, 1
109, 1, 1, 1
110, 1, 1, 1
111, 1, 1, 1
112, 1, 1, 1
113, 1, 1, 1
114, 1, 1, 1
115, 1, 1, 1
116, 1, 1, 1
117, 1, 1, 1
118, 1, 1, 1
119, 1, 1, 1
120, 1, 1, 1
121, 1, 1, 1
122, 1, 1, 1
123, 1, 1, 1
124, 1, 1, 1
125, 1, 1, 1
126, 1, 1, 1
127, 1, 1, 1
128, 1, 1, 1
129, 1, 1, 1
130, 1, 1, 1
131, 1, 1, 1
132, 1, 1, 1
133, 1, 1, 1
134, 1, 1, 1
135, 1, 1, 1
136, 1, 1, 1
137, 1, 1, 1
138, 1, 1, 1
139, 1, 1, 1
140, 1, 1, 1
141, 1, 1, 1
142, 1, 1, 1
143, 1, 1, 1
144, 1, 1, 1
145, 1, 1, 1
146, 1, 1, 1
147, 1, 1, 1
148, 1, 1, 1
149, 1, 1, 1
150, 1, 1, 1
151, 1, 1, 1
152, 1, 1, 1
153, 1, 1, 1
154, 1, 1, 1
155, 1, 1, 1
156, 1, 1, 1
157, 1, 1, 1
158, 1, 1, 1
159, 1, 1, 1
160, 1, 1, 1
161, 1, 1, 1
162, 1, 1, 1
163, 1, 1, 1
164, 1, 1, 1
165, 1, 1, 1
166, 1, 1, 1
167, 1, 1, 1
168, 1, 1, 1
169, 1, 1, 1
170, 1, 1, 1
171, 1, 1, 1
172, 1, 1, 1
173, 1, 1, 1
174, 1, 1, 1
175, 1, 1, 1
176, 1, 1, 1
177, 1, 1, 1
178, 1, 1, 1
179, 1, 1, 1
180, 1, 1, 1
181, 1, 1, 1
182, 1, 1, 1
183, 1, 1, 1
184, 1, 1, 1
185, 1, 1, 1
186, 1, 1, 1
187, 1, 1, 1
188, 1, 1, 1
189, 1, 1, 1
190, 1, 1, 1
191, 1, 1, 1
192, 1, 1, 1
193, 1, 1, 1
194, 1, 1, 1
195, 1, 1, 1
196, 1, 1, 1
197, 1, 1, 1
198, 1, 1, 1
199, 1, 1, 1
200, 1, 1, 1
201, 1, 1, 1
202, 1, 1, 1
203, 1, 1, 1
204, 1, 1, 1
205, 1, 1, 1
206, 1, 1, 1
207, 1, 1, 1
208, 1, 1, 1
209, 1, 1, 1
210, 1, 1, 1
211, 1, 1, 1
212, 1, 1, 1
213, 1, 1, 1
214, 1, 1, 1
215, 1, 1, 1
216, 1, 1, 1
217, 1, 1, 1
218, 1, 1, 1
219, 1, 1, 1
220, 1, 1, 1
221, 1, 1, 1
222, 1, 1, 1
223, 1, 1, 1
224, 1, 1, 1
