Objects, 1
Object:, First Vertice:, Vertices:, First Triangle:, Triangles:
Circle.003, 1, 129, 1, 256

Vertices, 129
Vertice:, X:, Y:, Z:
1, 1.1503483727051815, -2.1130261770762537, -1.4614454507827759
2, 1.0761875659227371, -2.11386539041996, -1.4541408121585846
3, 1.0048767030239105, -2.114672359311953, -1.4325075149536133
4, 0.939156249165535, -2.1154160674195737, -1.3973769843578339
5, 0.8815517723560333, -2.1160679273307323, -1.3500992059707642
6, 0.8342770040035248, -2.116602896247059, -1.2924910336732864
7, 0.799148678779602, -2.1170004052110016, -1.2267663776874542
8, 0.7775167524814606, -2.117245191708207, -1.1554509922862053
9, 0.7702125310897827, -2.11732784146443, -1.0812854528398148
10, 0.7775167226791382, -2.1172451791353524, -1.0071199089288712
11, 0.7991486191749573, -2.117000379599631, -0.9358045011758804
12, 0.8342769145965576, -2.1166028575971723, -0.8700797855854034
13, 0.8815516829490662, -2.1160678821615875, -0.8124715983867645
14, 0.9391561448574066, -2.1154160127043724, -0.7651938199996948
15, 1.0048766434192657, -2.11467230389826, -0.7300632297992706
16, 1.0761875212192535, -2.113865323655773, -0.7084299325942993
17, 1.1503483625334106, -2.1130261061133986, -0.7011252641677856
18, 1.2245092019438744, -2.1121868986519985, -0.7084299623966217
19, 1.2958200722932816, -2.1113799209706485, -0.7300632894039154
20, 1.3615405410528183, -2.110636218916625, -0.7651938498020172
21, 1.41914501786232, -2.1099843606352806, -0.8124716877937317
22, 1.466419756412506, -2.109449387760833, -0.8700798898935318
23, 1.5015480518341064, -2.1090518785640597, -0.93580462038517
24, 1.5231799185276031, -2.108807091601193, -1.0071200653910637
25, 1.5304840803146362, -2.1087244427762926, -1.081285657891982
26, 1.5231797993183136, -2.1088071069680154, -1.1554512456059456
27, 1.5015478134155273, -2.1090519037097692, -1.226766660809517
28, 1.4664194285869598, -2.1094494280405343, -1.2924913316965103
29, 1.4191445708274841, -2.1099844097625464, -1.3500994443893433
30, 1.361540049314499, -2.110636273631826, -1.3973771929740906
31, 1.2958195060491562, -2.1113799897721037, -1.4325076937675476
32, 1.2245086133480072, -2.112186962098349, -1.4541408717632294
33, 1.2240080907940865, -2.067956268787384, -1.4541408717632294
34, 1.295318990945816, -2.067149296402931, -1.4325076639652252
35, 1.3610395193099976, -2.066405590623617, -1.3973771929740906
36, 1.4186440706253052, -2.06575371325016, -1.3500994443893433
37, 1.4659188985824585, -2.0652187429368496, -1.2924913316965103
38, 1.501047283411026, -2.0648212134838104, -1.226766660809517
39, 1.5226792693138123, -2.064576417207718, -1.1554512456059456
40, 1.5299835503101349, -2.064493753015995, -1.0812856619511422
41, 1.5226793885231018, -2.064576406031847, -1.0071200728416443
42, 1.501047521829605, -2.064821183681488, -0.93580462038517
43, 1.4659192264080048, -2.0652187019586563, -0.8700798898935318
44, 1.4186444878578186, -2.0657536648213863, -0.8124716877937317
45, 1.3610400259494781, -2.066405523568392, -0.7651938498020172
46, 1.2953195571899414, -2.0671492256224155, -0.7300632894039154
47, 1.2240086793899536, -2.067956205457449, -0.7084299325942993
48, 1.149847838387359, -2.0687954127788544, -0.7011252343654633
49, 1.0756869986653328, -2.069634649902582, -0.7084299325942993
50, 1.0043761134147644, -2.070441607385874, -0.7300632297992706
51, 0.9386556297540665, -2.071185316890478, -0.7651938199996948
52, 0.8810511529445648, -2.0718371868133545, -0.8124715983867645
53, 0.8337764143943787, -2.0723721608519554, -0.8700797855854034
54, 0.7986480891704559, -2.072769694030285, -0.9358045011758804
55, 0.7770162224769592, -2.0730144903063774, -1.0071199163794518
56, 0.7697120308876038, -2.0730971544981003, -1.0812854570636148
57, 0.7770162224769592, -2.0730145014822483, -1.1554509997367859
58, 0.7986481487751007, -2.0727697163820267, -1.2267663925886154
59, 0.8337764739990234, -2.0723722018301487, -1.2924910336732864
60, 0.881051242351532, -2.071837231516838, -1.3500992059707642
61, 0.9386557191610336, -2.0711853727698326, -1.3973769843578339
62, 1.0043761730194092, -2.070441674441099, -1.4325075149536133
63, 1.0756870433688164, -2.0696347057819366, -1.4541408121585846
64, 1.1498478486319073, -2.06879548355937, -1.4614454507827759
65, 1.1498478435678408, -2.0687954872846603, -1.4424374401569366
66, 1.0793950781226158, -2.069592736661434, -1.4354979991912842
67, 1.0116497725248337, -2.0703593604266644, -1.4149463772773743
68, 0.9492153525352478, -2.071065880358219, -1.3815723955631256
69, 0.8944911062717438, -2.071685142815113, -1.3366584777832031
70, 0.8495800495147705, -2.0721933655440807, -1.2819307446479797
71, 0.8162081837654114, -2.0725710056722164, -1.219492346048355
72, 0.7956578731536865, -2.0728035494685173, -1.1517427191138268
73, 0.7887188494205475, -2.072882067412138, -1.0812854575518855
74, 0.7956577837467194, -2.0728035382926464, -1.0108281970024109
75, 0.8162080943584442, -2.072570975869894, -0.9430785626173019
76, 0.8495799899101257, -2.0721933357417583, -0.8806401044130325
77, 0.8944910168647766, -2.07168510183692, -0.8259123265743256
78, 0.9492152482271194, -2.0710658244788647, -0.7809984087944031
79, 1.011649712920189, -2.0703593157231808, -0.7476243674755096
80, 1.0793950408697128, -2.0695926882326603, -0.7270727455615997
81, 1.1498478338471614, -2.068795420229435, -0.7201332747936249
82, 1.2203006222844124, -2.0679981745779514, -0.7270727753639221
83, 1.2880459427833557, -2.0672315508127213, -0.7476244270801544
84, 1.3504804223775864, -2.066525023430586, -0.7809984683990479
85, 1.4052046239376068, -2.0659057572484016, -0.8259123861789703
86, 1.4501156508922577, -2.0653975419700146, -0.8806402087211609
87, 1.4834875166416168, -2.065019901841879, -0.9430786669254303
88, 1.5040377974510193, -2.0647873543202877, -1.0108283460140228
89, 1.5109767317771912, -2.0647088401019573, -1.0812856521849312
90, 1.5040376782417297, -2.064787369221449, -1.1517429500818253
91, 1.48348730802536, -2.065019927918911, -1.2194926142692566
92, 1.4501153230667114, -2.0653975754976273, -1.2819310277700424
93, 1.4052042365074158, -2.0659058056771755, -1.3366587460041046
94, 1.3504799455404282, -2.06652507558465, -1.38157257437706
95, 1.288045421242714, -2.067231610417366, -1.4149465560913086
96, 1.2203000634908676, -2.067998234182596, -1.4354980885982513
97, 1.2206501364707947, -2.098934075795114, -1.4354980885982513
98, 1.288395494222641, -2.098167452029884, -1.4149465560913086
99, 1.3508300334215164, -2.0974609283730388, -1.38157257437706
100, 1.405554324388504, -2.096841648221016, -1.3366587460041046
101, 1.4504653811454773, -2.096333423629403, -1.2819310277700424
102, 1.483837366104126, -2.0959557686001062, -1.2194925993680954
103, 1.504387766122818, -2.0957232117652893, -1.1517429500818253
104, 1.511326789855957, -2.0956446826457977, -1.0812856495550136
105, 1.5043878853321075, -2.095723196864128, -1.0108283385634422
106, 1.483837604522705, -2.095955742523074, -0.9430786669254303
107, 1.450465738773346, -2.096333384513855, -0.8806401938199997
108, 1.405554711818695, -2.096841599792242, -0.8259123861789703
109, 1.3508304953575134, -2.0974608659744263, -0.7809984683990479
110, 1.2883960157632828, -2.0981673821806908, -0.7476244270801544
111, 1.22065070271492, -2.098934004083276, -0.7270727455615997
112, 1.1501979106542422, -2.0997312730178237, -0.7201332747936249
113, 1.07974511384964, -2.1005285205319524, -0.7270727455615997
114, 1.011999785900116, -2.1012951461598277, -0.7476243376731873
115, 0.9495653361082077, -2.102001676335931, -0.7809984087944031
116, 0.8948411047458649, -2.1026209434494376, -0.8259123265743256
117, 0.849930077791214, -2.103129177354276, -0.8806400895118713
118, 0.8165581524372101, -2.10350682400167, -0.9430785626173019
119, 0.7960078716278076, -2.103739380836487, -1.0108281895518303
120, 0.7890689074993134, -2.1038179099559784, -1.081285454921975
121, 0.7960079312324524, -2.103739393875003, -1.1517427191138268
122, 0.8165582716464996, -2.1035068463534117, -1.219492331147194
123, 0.8499301373958588, -2.1031292071565986, -1.2819307446479797
124, 0.894841194152832, -2.102620986290276, -1.3366584777832031
125, 0.9495654404163361, -2.102001723833382, -1.3815723955631256
126, 1.0119998455047607, -2.1012952029705048, -1.4149463772773743
127, 1.0797451585531235, -2.1005285792052746, -1.4354979991912842
128, 1.1501979203458177, -2.0997313298285007, -1.4424374401569366
129, 1.150197828785167, -2.099731296300888, -1.0812854769172873

Triangles, 224
Triangle:, Side1:, Side2:, Side3:
1, 32, 1, 64
2, 32, 64, 33
3, 32, 31, 34
4, 32, 34, 33
5, 31, 30, 35
6, 31, 35, 34
7, 30, 29, 36
8, 30, 36, 35
9, 29, 28, 37
10, 29, 37, 36
11, 28, 27, 38
12, 28, 38, 37
13, 27, 26, 39
14, 27, 39, 38
15, 26, 25, 40
16, 26, 40, 39
17, 25, 24, 41
18, 25, 41, 40
19, 24, 23, 42
20, 24, 42, 41
21, 23, 22, 43
22, 23, 43, 42
23, 22, 21, 44
24, 22, 44, 43
25, 21, 20, 45
26, 21, 45, 44
27, 20, 19, 46
28, 20, 46, 45
29, 19, 18, 47
30, 19, 47, 46
31, 18, 17, 48
32, 18, 48, 47
33, 17, 16, 49
34, 17, 49, 48
35, 16, 15, 50
36, 16, 50, 49
37, 15, 14, 51
38, 15, 51, 50
39, 14, 13, 52
40, 14, 52, 51
41, 13, 12, 53
42, 13, 53, 52
43, 12, 11, 54
44, 12, 54, 53
45, 11, 10, 55
46, 11, 55, 54
47, 10, 9, 56
48, 10, 56, 55
49, 9, 8, 57
50, 9, 57, 56
51, 8, 7, 58
52, 8, 58, 57
53, 7, 6, 59
54, 7, 59, 58
55, 6, 5, 60
56, 6, 60, 59
57, 5, 4, 61
58, 5, 61, 60
59, 4, 3, 62
60, 4, 62, 61
61, 3, 2, 63
62, 3, 63, 62
63, 2, 1, 64
64, 2, 64, 63
65, 63, 64, 65
66, 63, 65, 66
67, 62, 63, 66
68, 62, 66, 67
69, 61, 62, 67
70, 61, 67, 68
71, 60, 61, 68
72, 60, 68, 69
73, 59, 60, 69
74, 59, 69, 70
75, 58, 59, 70
76, 58, 70, 71
77, 57, 58, 71
78, 57, 71, 72
79, 56, 57, 72
80, 56, 72, 73
81, 55, 56, 73
82, 55, 73, 74
83, 54, 55, 74
84, 54, 74, 75
85, 53, 54, 75
86, 53, 75, 76
87, 52, 53, 76
88, 52, 76, 77
89, 51, 52, 77
90, 51, 77, 78
91, 50, 51, 78
92, 50, 78, 79
93, 49, 50, 79
94, 49, 79, 80
95, 48, 49, 80
96, 48, 80, 81
97, 47, 48, 81
98, 47, 81, 82
99, 46, 47, 82
100, 46, 82, 83
101, 45, 46, 83
102, 45, 83, 84
103, 44, 45, 84
104, 44, 84, 85
105, 43, 44, 85
106, 43, 85, 86
107, 42, 43, 86
108, 42, 86, 87
109, 41, 42, 87
110, 41, 87, 88
111, 40, 41, 88
112, 40, 88, 89
113, 39, 40, 89
114, 39, 89, 90
115, 38, 39, 90
116, 38, 90, 91
117, 37, 38, 91
118, 37, 91, 92
119, 36, 37, 92
120, 36, 92, 93
121, 35, 36, 93
122, 35, 93, 94
123, 34, 35, 94
124, 34, 94, 95
125, 33, 34, 95
126, 33, 95, 96
127, 33, 64, 65
128, 33, 65, 96
129, 96, 65, 128
130, 96, 128, 97
131, 96, 95, 98
132, 96, 98, 97
133, 95, 94, 99
134, 95, 99, 98
135, 94, 93, 100
136, 94, 100, 99
137, 93, 92, 101
138, 93, 101, 100
139, 92, 91, 102
140, 92, 102, 101
141, 91, 90, 103
142, 91, 103, 102
143, 90, 89, 104
144, 90, 104, 103
145, 89, 88, 105
146, 89, 105, 104
147, 88, 87, 106
148, 88, 106, 105
149, 87, 86, 107
150, 87, 107, 106
151, 86, 85, 108
152, 86, 108, 107
153, 85, 84, 109
154, 85, 109, 108
155, 84, 83, 110
156, 84, 110, 109
157, 83, 82, 111
158, 83, 111, 110
159, 82, 81, 112
160, 82, 112, 111
161, 81, 80, 113
162, 81, 113, 112
163, 80, 79, 114
164, 80, 114, 113
165, 79, 78, 115
166, 79, 115, 114
167, 78, 77, 116
168, 78, 116, 115
169, 77, 76, 117
170, 77, 117, 116
171, 76, 75, 118
172, 76, 118, 117
173, 75, 74, 119
174, 75, 119, 118
175, 74, 73, 120
176, 74, 120, 119
177, 73, 72, 121
178, 73, 121, 120
179, 72, 71, 122
180, 72, 122, 121
181, 71, 70, 123
182, 71, 123, 122
183, 70, 69, 124
184, 70, 124, 123
185, 69, 68, 125
186, 69, 125, 124
187, 68, 67, 126
188, 68, 126, 125
189, 67, 66, 127
190, 67, 127, 126
191, 66, 65, 128
192, 66, 128, 127
193, 127, 128, 129
194, 126, 127, 129
195, 125, 126, 129
196, 124, 125, 129
197, 123, 124, 129
198, 122, 123, 129
199, 121, 122, 129
200, 120, 121, 129
201, 119, 120, 129
202, 118, 119, 129
203, 117, 118, 129
204, 116, 117, 129
205, 115, 116, 129
206, 114, 115, 129
207, 113, 114, 129
208, 112, 113, 129
209, 111, 112, 129
210, 110, 111, 129
211, 109, 110, 129
212, 108, 109, 129
213, 107, 108, 129
214, 106, 107, 129
215, 105, 106, 129
216, 104, 105, 129
217, 103, 104, 129
218, 102, 103, 129
219, 101, 102, 129
220, 100, 101, 129
221, 99, 100, 129
222, 98, 99, 129
223, 97, 98, 129
224, 97, 128, 129

Colors, 224
Triangle:, Red:, Green:, Blue:
1, 1, 1, 1
2, 1, 1, 1
3, 1, 1, 1
4, 1, 1, 1
5, 1, 1, 1
6, 1, 1, 1
7, 1, 1, 1
8, 1, 1, 1
9, 1, 1, 1
10, 1, 1, 1
11, 1, 1, 1
12, 1, 1, 1
13, 1, 1, 1
14, 1, 1, 1
15, 1, 1, 1
16, 1, 1, 1
17, 1, 1, 1
18, 1, 1, 1
19, 1, 1, 1
20, 1, 1, 1
21, 1, 1, 1
22, 1, 1, 1
23, 1, 1, 1
24, 1, 1, 1
25, 1, 1, 1
26, 1, 1, 1
27, 1, 1, 1
28, 1, 1, 1
29, 1, 1, 1
30, 1, 1, 1
31, 1, 1, 1
32, 1, 1, 1
33, 1, 1, 1
34, 1, 1, 1
35, 1, 1, 1
36, 1, 1, 1
37, 1, 1, 1
38, 1, 1, 1
39, 1, 1, 1
40, 1, 1, 1
41, 1, 1, 1
42, 1, 1, 1
43, 1, 1, 1
44, 1, 1, 1
45, 1, 1, 1
46, 1, 1, 1
47, 1, 1, 1
48, 1, 1, 1
49, 1, 1, 1
50, 1, 1, 1
51, 1, 1, 1
52, 1, 1, 1
53, 1, 1, 1
54, 1, 1, 1
55, 1, 1, 1
56, 1, 1, 1
57, 1, 1, 1
58, 1, 1, 1
59, 1, 1, 1
60, 1, 1, 1
61, 1, 1, 1
62, 1, 1, 1
63, 1, 1, 1
64, 1, 1, 1
65, 1, 1, 1
66, 1, 1, 1
67, 1, 1, 1
68, 1, 1, 1
69, 1, 1, 1
70, 1, 1, 1
71, 1, 1, 1
72, 1, 1, 1
73, 1, 1, 1
74, 1, 1, 1
75, 1, 1, 1
76, 1, 1, 1
77, 1, 1, 1
78, 1, 1, 1
79, 1, 1, 1
80, 1, 1, 1
81, 1, 1, 1
82, 1, 1, 1
83, 1, 1, 1
84, 1, 1, 1
85, 1, 1, 1
86, 1, 1, 1
87, 1, 1, 1
88, 1, 1, 1
89, 1, 1, 1
90, 1, 1, 1
91, 1, 1, 1
92, 1, 1, 1
93, 1, 1, 1
94, 1, 1, 1
95, 1, 1, 1
96, 1, 1, 1
97, 1, 1, 1
98, 1, 1, 1
99, 1, 1, 1
100, 1, 1, 1
101, 1, 1, 1
102, 1, 1, 1
103, 1, 1, 1
104, 1, 1, 1
105, 1, 1, 1
106, 1, 1, 1
107, 1, 1, 1
108, 1, 1, 1
109, 1, 1, 1
110, 1, 1, 1
111, 1, 1, 1
112, 1, 1, 1
113, 1, 1, 1
114, 1, 1, 1
115, 1, 1, 1
116, 1, 1, 1
117, 1, 1, 1
118, 1, 1, 1
119, 1, 1, 1
120, 1, 1, 1
121, 1, 1, 1
122, 1, 1, 1
123, 1, 1, 1
124, 1, 1, 1
125, 1, 1, 1
126, 1, 1, 1
127, 1, 1, 1
128, 1, 1, 1
129, 1, 1, 1
130, 1, 1, 1
131, 1, 1, 1
132, 1, 1, 1
133, 1, 1, 1
134, 1, 1, 1
135, 1, 1, 1
136, 1, 1, 1
137, 1, 1, 1
138, 1, 1, 1
139, 1, 1, 1
140, 1, 1, 1
141, 1, 1, 1
142, 1, 1, 1
143, 1, 1, 1
144, 1, 1, 1
145, 1, 1, 1
146, 1, 1, 1
147, 1, 1, 1
148, 1, 1, 1
149, 1, 1, 1
150, 1, 1, 1
151, 1, 1, 1
152, 1, 1, 1
153, 1, 1, 1
154, 1, 1, 1
155, 1, 1, 1
156, 1, 1, 1
157, 1, 1, 1
158, 1, 1, 1
159, 1, 1, 1
160, 1, 1, 1
161, 1, 1, 1
162, 1, 1, 1
163, 1, 1, 1
164, 1, 1, 1
165, 1, 1, 1
166, 1, 1, 1
167, 1, 1, 1
168, 1, 1, 1
169, 1, 1, 1
170, 1, 1, 1
171, 1, 1, 1
172, 1, 1, 1
173, 1, 1, 1
174, 1, 1, 1
175, 1, 1, 1
176, 1, 1, 1
177, 1, 1, 1
178, 1, 1, 1
179, 1, 1, 1
180, 1, 1, 1
181, 1, 1, 1
182, 1, 1, 1
183, 1, 1, 1
184, 1, 1, 1
185, 1, 1, 1
186, 1, 1, 1
187, 1, 1, 1
188, 1, 1, 1
189, 1, 1, 1
190, 1, 1, 1
191, 1, 1, 1
192, 1, 1, 1
193, 1, 1, 1
194, 1, 1, 1
195, 1, 1, 1
196, 1, 1, 1
197, 1, 1, 1
198, 1, 1, 1
199, 1, 1, 1
200, 1, 1, 1
201, 1, 1, 1
202, 1, 1, 1
203, 1, 1, 1
204, 1, 1, 1
205, 1, 1, 1
206, 1, 1, 1
207, 1, 1, 1
208, 1, 1, 1
209, 1, 1, 1
210, 1, 1, 1
211, 1, 1, 1
212, 1, 1, 1
213, 1, 1, 1
214, 1, 1, 1
215, 1, 1, 1
216, 1, 1, 1
217, 1, 1, 1
218, 1, 1, 1
219, 1, 1, 1
220, 1, 1, 1
221, 1, 1, 1
222, 1, 1, 1
223, 1, 1, 1
224, 1, 1, 1
