Objects, 1
Object:, First Vertice:, Vertices:, First Triangle:, Triangles:
Cube.001, 1, 9, 1, 10

Vertices, 9
Vertice:, X:, Y:, Z:
1, -0.8216050770133734, -2.0067276852205396, -1.1751661403104663
2, -0.8216050770133734, -2.030371674336493, -1.1751661403104663
3, -0.850333584472537, -2.0303716734051704, -1.1751661403104663
4, -0.8503335788846016, -2.010371670126915, -1.1751661403104663
5, -0.8355178852379324, -2.0203716762363912, -1.1480255015194416
6, -0.8503335788846016, -2.010371670126915, -1.1751661403104663
7, -0.850333584472537, -2.0303716734051704, -1.1751661403104663
8, -0.8216050770133734, -2.030371674336493, -1.1751661403104663
9, -0.8216050770133734, -2.0067276852205396, -1.1751661403104663

Triangles, 6
Triangle:, Side1:, Side2:, Side3:
1, 1, 5, 2
2, 2, 5, 3
3, 3, 5, 4
4, 5, 1, 4
5, 9, 8, 7
6, 9, 7, 6

Colors, 6
Triangle:, Red:, Green:, Blue:
1, 204, 204, 204
2, 204, 204, 204
3, 204, 204, 204
4, 204, 204, 204
5, 204, 204, 204
6, 204, 204, 204
