Objects, 1
Object:, First Vertice:, Vertices:, First Triangle:, Triangles:
Cylinder.002, 1, 161, 1, 320

Vertices, 161
Vertice:, X:, Y:, Z:
1, -0.01861637830734253, -1.9109724760055542, -1.1889533996582031
2, -0.07266093045473099, -1.9050312042236328, -1.1889533996582031
3, -0.12450797855854034, -1.8886606693267822, -1.1889533996582031
4, -0.17216505110263824, -1.8624898195266724, -1.1889533996582031
5, -0.21380074322223663, -1.8275244235992432, -1.1889533996582031
6, -0.24781502783298492, -1.7851080894470215, -1.1889533996582031
7, -0.27290067076683044, -1.7368710041046143, -1.1889533996582031
8, -0.2880937457084656, -1.6846668720245361, -1.1889533996582031
9, -0.2928103506565094, -1.630501627922058, -1.1889533996582031
10, -0.28686922788619995, -1.576457142829895, -1.1889533996582031
11, -0.27049872279167175, -1.524610161781311, -1.1889533996582031
12, -0.24432788789272308, -1.4769530296325684, -1.1889533996582031
13, -0.2093624770641327, -1.4353173971176147, -1.1889533996582031
14, -0.1669461727142334, -1.4013030529022217, -1.1889533996582031
15, -0.11870905011892319, -1.376217246055603, -1.1889533996582031
16, -0.06650479137897491, -1.3610243797302246, -1.1889533996582031
17, -0.012339616194367409, -1.3563076257705688, -1.1889533996582031
18, 0.04170495644211769, -1.3622488975524902, -1.1889533996582031
19, 0.09355200827121735, -1.3786194324493408, -1.1889533996582031
20, 0.14120912551879883, -1.4047901630401611, -1.1889533996582031
21, 0.18284480273723602, -1.4397555589675903, -1.1889533996582031
22, 0.21685902774333954, -1.4821720123291016, -1.1889533996582031
23, 0.24194470047950745, -1.5304092168807983, -1.1889533996582031
24, 0.2571377456188202, -1.582613468170166, -1.1889533996582031
25, 0.26185426115989685, -1.6367785930633545, -1.1889533996582031
26, 0.255913108587265, -1.6908231973648071, -1.1889533996582031
27, 0.23954251408576965, -1.7426702976226807, -1.1889533996582031
28, 0.21337160468101501, -1.7903273105621338, -1.1889533996582031
29, 0.17840613424777985, -1.831963062286377, -1.1889533996582031
30, 0.13598981499671936, -1.865977168083191, -1.1889533996582031
31, 0.08775262534618378, -1.89106285572052, -1.1889533996582031
32, 0.03554835915565491, -1.9062557220458984, -1.1889533996582031
33, -0.019252851605415344, -1.9110386371612549, -1.174767017364502
34, -0.073297418653965, -1.905097484588623, -1.174767017364502
35, -0.12514445185661316, -1.888726830482483, -1.174767017364502
36, -0.17280150949954987, -1.8625558614730835, -1.174767017364502
37, -0.21443714201450348, -1.8275904655456543, -1.174767017364502
38, -0.2484513372182846, -1.785174012184143, -1.174767017364502
39, -0.27353692054748535, -1.7369368076324463, -1.174767017364502
40, -0.2887299060821533, -1.684732437133789, -1.174767017364502
41, -0.2934463620185852, -1.6305674314498901, -1.174767017364502
42, -0.2875051498413086, -1.576522946357727, -1.174767017364502
43, -0.27113455533981323, -1.5246760845184326, -1.174767017364502
44, -0.24496372044086456, -1.477019190788269, -1.174767017364502
45, -0.20999835431575775, -1.4353834390640259, -1.174767017364502
46, -0.16758215427398682, -1.401369333267212, -1.174767017364502
47, -0.11934514343738556, -1.3762836456298828, -1.174767017364502
48, -0.06714103370904922, -1.3610905408859253, -1.174767017364502
49, -0.012975993566215038, -1.3563740253448486, -1.174767017364502
50, 0.04106845706701279, -1.3623149394989014, -1.174767017364502
51, 0.09291542321443558, -1.378685474395752, -1.174767017364502
52, 0.1405724734067917, -1.4048560857772827, -1.174767017364502
53, 0.18220815062522888, -1.439821481704712, -1.174767017364502
54, 0.21622246503829956, -1.482237696647644, -1.174767017364502
55, 0.24130824208259583, -1.5304744243621826, -1.174767017364502
56, 0.2565014660358429, -1.5826785564422607, -1.174767017364502
57, 0.26121824979782104, -1.6368434429168701, -1.174767017364502
58, 0.2552773952484131, -1.6908879280090332, -1.174767017364502
59, 0.238907128572464, -1.7427350282669067, -1.174767017364502
60, 0.2127366065979004, -1.7903921604156494, -1.174767017364502
61, 0.17777150869369507, -1.8320279121398926, -1.174767017364502
62, 0.13535550236701965, -1.8660423755645752, -1.174767017364502
63, 0.08711864054203033, -1.8911283016204834, -1.174767017364502
64, 0.03491462394595146, -1.9063217639923096, -1.174767017364502
65, -0.01547804195433855, -1.633639931678772, -1.1889533996582031
66, 0.036790598183870316, -1.9062697887420654, -1.2672195434570312
67, 0.08899486064910889, -1.891076922416687, -1.2672195434570312
68, 0.13723203539848328, -1.865991234779358, -1.2672195434570312
69, 0.17964838445186615, -1.831977128982544, -1.2672195434570312
70, 0.21461383998394012, -1.7903413772583008, -1.2672195434570312
71, 0.24078474938869476, -1.742684245109558, -1.2672195434570312
72, 0.25715532898902893, -1.6908371448516846, -1.2672195434570312
73, 0.26309654116630554, -1.6367926597595215, -1.2672195434570312
74, 0.2583799660205841, -1.582627534866333, -1.2672195434570312
75, 0.24318693578243256, -1.5304232835769653, -1.2672195434570312
76, 0.21810127794742584, -1.4821860790252686, -1.2672195434570312
77, 0.18408703804016113, -1.4397696256637573, -1.2672195434570312
78, 0.14245134592056274, -1.4048042297363281, -1.2672195434570312
79, 0.09479425102472305, -1.3786334991455078, -1.2672195434570312
80, 0.0429471917450428, -1.3622629642486572, -1.2672195434570312
81, -0.011097375303506851, -1.3563216924667358, -1.2672195434570312
82, -0.0652625560760498, -1.3610384464263916, -1.2672195434570312
83, -0.11746679991483688, -1.37623131275177, -1.2672195434570312
84, -0.16570395231246948, -1.4013171195983887, -1.2672195434570312
85, -0.2081202268600464, -1.4353313446044922, -1.2672195434570312
86, -0.24308565258979797, -1.4769670963287354, -1.2672195434570312
87, -0.26925650238990784, -1.524624228477478, -1.2672195434570312
88, -0.28562700748443604, -1.576471209526062, -1.2672195434570312
89, -0.2915681302547455, -1.630515694618225, -1.2672195434570312
90, -0.28685152530670166, -1.6846809387207031, -1.2672195434570312
91, -0.27165845036506653, -1.7368850708007812, -1.2672195434570312
92, -0.24657277762889862, -1.7851221561431885, -1.2672195434570312
93, -0.21255849301815033, -1.8275384902954102, -1.2672195434570312
94, -0.17092281579971313, -1.8625038862228394, -1.2672195434570312
95, -0.12326574325561523, -1.8886747360229492, -1.2672195434570312
96, -0.07141868770122528, -1.9050452709197998, -1.2672195434570312
97, -0.017374137416481972, -1.9109865427017212, -1.2672195434570312
98, 0.03236319497227669, -1.8926910161972046, -1.174767017364502
99, 0.08195700496435165, -1.8782572746276855, -1.174767017364502
100, 0.12778203189373016, -1.8544255495071411, -1.174767017364502
101, 0.1680772304534912, -1.82211172580719, -1.174767017364502
102, 0.20129407942295074, -1.7825578451156616, -1.174767017364502
103, 0.2261560708284378, -1.73728346824646, -1.174767017364502
104, 0.24170783162117004, -1.6880289316177368, -1.174767017364502
105, 0.24735164642333984, -1.6366865634918213, -1.174767017364502
106, 0.24287067353725433, -1.5852298736572266, -1.174767017364502
107, 0.2284371256828308, -1.535636067390442, -1.174767017364502
108, 0.20460563898086548, -1.489810824394226, -1.174767017364502
109, 0.17229203879833221, -1.449515461921692, -1.174767017364502
110, 0.1327381283044815, -1.416298747062683, -1.174767017364502
111, 0.08746395260095596, -1.3914364576339722, -1.174767017364502
112, 0.03820933774113655, -1.3758845329284668, -1.174767017364502
113, -0.013132892549037933, -1.3702404499053955, -1.174767017364502
114, -0.06458968669176102, -1.3747214078903198, -1.174767017364502
115, -0.11418358236551285, -1.3891547918319702, -1.174767017364502
116, -0.1600087434053421, -1.412986159324646, -1.174767017364502
117, -0.20030413568019867, -1.4452996253967285, -1.174767017364502
118, -0.2335212379693985, -1.4848533868789673, -1.174767017364502
119, -0.25838354229927063, -1.5301275253295898, -1.174767017364502
120, -0.27393558621406555, -1.579382061958313, -1.174767017364502
121, -0.279579758644104, -1.630724310874939, -1.174767017364502
122, -0.27509909868240356, -1.6821812391281128, -1.174767017364502
123, -0.26066577434539795, -1.7317754030227661, -1.174767017364502
124, -0.23683446645736694, -1.7776007652282715, -1.174767017364502
125, -0.20452097058296204, -1.8178961277008057, -1.174767017364502
126, -0.1649671196937561, -1.8511134386062622, -1.174767017364502
127, -0.11969292163848877, -1.8759758472442627, -1.174767017364502
128, -0.07043824344873428, -1.891527771949768, -1.174767017364502
129, -0.019095908850431442, -1.897171974182129, -1.174767017364502
130, -0.019095908850431442, -1.897171974182129, -1.174767017364502
131, -0.07043824344873428, -1.891527771949768, -1.174767017364502
132, -0.11969292163848877, -1.8759758472442627, -1.174767017364502
133, -0.1649671196937561, -1.8511134386062622, -1.174767017364502
134, -0.20452097058296204, -1.8178961277008057, -1.174767017364502
135, -0.23683446645736694, -1.7776007652282715, -1.174767017364502
136, -0.26066577434539795, -1.7317754030227661, -1.174767017364502
137, -0.27509909868240356, -1.6821812391281128, -1.174767017364502
138, -0.279579758644104, -1.630724310874939, -1.174767017364502
139, -0.27393558621406555, -1.579382061958313, -1.174767017364502
140, -0.25838354229927063, -1.5301275253295898, -1.174767017364502
141, -0.2335212379693985, -1.4848533868789673, -1.174767017364502
142, -0.20030413568019867, -1.4452996253967285, -1.174767017364502
143, -0.1600087434053421, -1.412986159324646, -1.174767017364502
144, -0.11418358236551285, -1.3891547918319702, -1.174767017364502
145, -0.06458968669176102, -1.3747214078903198, -1.174767017364502
146, -0.013132892549037933, -1.3702404499053955, -1.174767017364502
147, 0.03820933774113655, -1.3758845329284668, -1.174767017364502
148, 0.08746395260095596, -1.3914364576339722, -1.174767017364502
149, 0.1327381283044815, -1.416298747062683, -1.174767017364502
150, 0.17229203879833221, -1.449515461921692, -1.174767017364502
151, 0.20460563898086548, -1.489810824394226, -1.174767017364502
152, 0.2284371256828308, -1.535636067390442, -1.174767017364502
153, 0.24287067353725433, -1.5852298736572266, -1.174767017364502
154, 0.24735164642333984, -1.6366865634918213, -1.174767017364502
155, 0.24170783162117004, -1.6880289316177368, -1.174767017364502
156, 0.2261560708284378, -1.73728346824646, -1.174767017364502
157, 0.20129407942295074, -1.7825578451156616, -1.174767017364502
158, 0.1680772304534912, -1.82211172580719, -1.174767017364502
159, 0.12778203189373016, -1.8544255495071411, -1.174767017364502
160, 0.08195700496435165, -1.8782572746276855, -1.174767017364502
161, 0.03236319497227669, -1.8926910161972046, -1.174767017364502

Triangles, 288
Triangle:, Side1:, Side2:, Side3:
1, 65, 1, 2
2, 65, 2, 3
3, 65, 3, 4
4, 65, 4, 5
5, 65, 5, 6
6, 65, 6, 7
7, 65, 7, 8
8, 65, 8, 9
9, 65, 9, 10
10, 65, 10, 11
11, 65, 11, 12
12, 65, 12, 13
13, 65, 13, 14
14, 65, 14, 15
15, 65, 15, 16
16, 65, 16, 17
17, 65, 17, 18
18, 65, 18, 19
19, 65, 19, 20
20, 65, 20, 21
21, 65, 21, 22
22, 65, 22, 23
23, 65, 23, 24
24, 65, 24, 25
25, 65, 25, 26
26, 65, 26, 27
27, 65, 27, 28
28, 65, 28, 29
29, 65, 29, 30
30, 65, 30, 31
31, 65, 31, 32
32, 32, 1, 65
33, 1, 33, 34
34, 1, 34, 2
35, 2, 34, 35
36, 2, 35, 3
37, 3, 35, 36
38, 3, 36, 4
39, 4, 36, 37
40, 4, 37, 5
41, 5, 37, 38
42, 5, 38, 6
43, 6, 38, 39
44, 6, 39, 7
45, 7, 39, 40
46, 7, 40, 8
47, 8, 40, 41
48, 8, 41, 9
49, 9, 41, 42
50, 9, 42, 10
51, 10, 42, 43
52, 10, 43, 11
53, 11, 43, 44
54, 11, 44, 12
55, 12, 44, 45
56, 12, 45, 13
57, 13, 45, 46
58, 13, 46, 14
59, 14, 46, 47
60, 14, 47, 15
61, 15, 47, 48
62, 15, 48, 16
63, 16, 48, 49
64, 16, 49, 17
65, 17, 49, 50
66, 17, 50, 18
67, 18, 50, 51
68, 18, 51, 19
69, 19, 51, 52
70, 19, 52, 20
71, 20, 52, 53
72, 20, 53, 21
73, 21, 53, 54
74, 21, 54, 22
75, 22, 54, 55
76, 22, 55, 23
77, 23, 55, 56
78, 23, 56, 24
79, 24, 56, 57
80, 24, 57, 25
81, 25, 57, 58
82, 25, 58, 26
83, 26, 58, 59
84, 26, 59, 27
85, 27, 59, 60
86, 27, 60, 28
87, 28, 60, 61
88, 28, 61, 29
89, 29, 61, 62
90, 29, 62, 30
91, 30, 62, 63
92, 30, 63, 31
93, 31, 63, 64
94, 31, 64, 32
95, 33, 1, 32
96, 33, 32, 64
97, 32, 1, 97
98, 32, 97, 66
99, 31, 32, 66
100, 31, 66, 67
101, 30, 31, 67
102, 30, 67, 68
103, 29, 30, 68
104, 29, 68, 69
105, 28, 29, 69
106, 28, 69, 70
107, 27, 28, 70
108, 27, 70, 71
109, 26, 27, 71
110, 26, 71, 72
111, 25, 26, 72
112, 25, 72, 73
113, 24, 25, 73
114, 24, 73, 74
115, 23, 24, 74
116, 23, 74, 75
117, 22, 23, 75
118, 22, 75, 76
119, 21, 22, 76
120, 21, 76, 77
121, 20, 21, 77
122, 20, 77, 78
123, 19, 20, 78
124, 19, 78, 79
125, 18, 19, 79
126, 18, 79, 80
127, 17, 18, 80
128, 17, 80, 81
129, 16, 17, 81
130, 16, 81, 82
131, 15, 16, 82
132, 15, 82, 83
133, 14, 15, 83
134, 14, 83, 84
135, 13, 14, 84
136, 13, 84, 85
137, 12, 13, 85
138, 12, 85, 86
139, 11, 12, 86
140, 11, 86, 87
141, 10, 11, 87
142, 10, 87, 88
143, 9, 10, 88
144, 9, 88, 89
145, 8, 9, 89
146, 8, 89, 90
147, 7, 8, 90
148, 7, 90, 91
149, 6, 7, 91
150, 6, 91, 92
151, 5, 6, 92
152, 5, 92, 93
153, 4, 5, 93
154, 4, 93, 94
155, 3, 4, 94
156, 3, 94, 95
157, 2, 3, 95
158, 2, 95, 96
159, 1, 2, 96
160, 1, 96, 97
161, 33, 64, 98
162, 33, 98, 129
163, 64, 63, 99
164, 64, 99, 98
165, 63, 62, 100
166, 63, 100, 99
167, 62, 61, 101
168, 62, 101, 100
169, 61, 60, 102
170, 61, 102, 101
171, 60, 59, 103
172, 60, 103, 102
173, 59, 58, 104
174, 59, 104, 103
175, 58, 57, 105
176, 58, 105, 104
177, 57, 56, 106
178, 57, 106, 105
179, 56, 55, 107
180, 56, 107, 106
181, 55, 54, 108
182, 55, 108, 107
183, 54, 53, 109
184, 54, 109, 108
185, 53, 52, 110
186, 53, 110, 109
187, 52, 51, 111
188, 52, 111, 110
189, 51, 50, 112
190, 51, 112, 111
191, 50, 49, 113
192, 50, 113, 112
193, 49, 48, 114
194, 49, 114, 113
195, 48, 47, 115
196, 48, 115, 114
197, 47, 46, 116
198, 47, 116, 115
199, 46, 45, 117
200, 46, 117, 116
201, 45, 44, 118
202, 45, 118, 117
203, 44, 43, 119
204, 44, 119, 118
205, 43, 42, 120
206, 43, 120, 119
207, 42, 41, 121
208, 42, 121, 120
209, 41, 40, 122
210, 41, 122, 121
211, 40, 39, 123
212, 40, 123, 122
213, 39, 38, 124
214, 39, 124, 123
215, 38, 37, 125
216, 38, 125, 124
217, 37, 36, 126
218, 37, 126, 125
219, 36, 35, 127
220, 36, 127, 126
221, 35, 34, 128
222, 35, 128, 127
223, 34, 33, 129
224, 34, 129, 128
225, 128, 129, 130
226, 128, 130, 131
227, 127, 128, 131
228, 127, 131, 132
229, 126, 127, 132
230, 126, 132, 133
231, 125, 126, 133
232, 125, 133, 134
233, 124, 125, 134
234, 124, 134, 135
235, 123, 124, 135
236, 123, 135, 136
237, 122, 123, 136
238, 122, 136, 137
239, 121, 122, 137
240, 121, 137, 138
241, 120, 121, 138
242, 120, 138, 139
243, 119, 120, 139
244, 119, 139, 140
245, 118, 119, 140
246, 118, 140, 141
247, 117, 118, 141
248, 117, 141, 142
249, 116, 117, 142
250, 116, 142, 143
251, 115, 116, 143
252, 115, 143, 144
253, 114, 115, 144
254, 114, 144, 145
255, 113, 114, 145
256, 113, 145, 146
257, 112, 113, 146
258, 112, 146, 147
259, 111, 112, 147
260, 111, 147, 148
261, 110, 111, 148
262, 110, 148, 149
263, 109, 110, 149
264, 109, 149, 150
265, 108, 109, 150
266, 108, 150, 151
267, 107, 108, 151
268, 107, 151, 152
269, 106, 107, 152
270, 106, 152, 153
271, 105, 106, 153
272, 105, 153, 154
273, 104, 105, 154
274, 104, 154, 155
275, 103, 104, 155
276, 103, 155, 156
277, 102, 103, 156
278, 102, 156, 157
279, 101, 102, 157
280, 101, 157, 158
281, 100, 101, 158
282, 100, 158, 159
283, 99, 100, 159
284, 99, 159, 160
285, 98, 99, 160
286, 98, 160, 161
287, 129, 98, 161
288, 129, 161, 130

Colors, 288
Triangle:, Red:, Green:, Blue:
1, 1, 1, 1
2, 1, 1, 1
3, 1, 1, 1
4, 1, 1, 1
5, 1, 1, 1
6, 1, 1, 1
7, 1, 1, 1
8, 1, 1, 1
9, 1, 1, 1
10, 1, 1, 1
11, 1, 1, 1
12, 1, 1, 1
13, 1, 1, 1
14, 1, 1, 1
15, 1, 1, 1
16, 1, 1, 1
17, 1, 1, 1
18, 1, 1, 1
19, 1, 1, 1
20, 1, 1, 1
21, 1, 1, 1
22, 1, 1, 1
23, 1, 1, 1
24, 1, 1, 1
25, 1, 1, 1
26, 1, 1, 1
27, 1, 1, 1
28, 1, 1, 1
29, 1, 1, 1
30, 1, 1, 1
31, 1, 1, 1
32, 1, 1, 1
33, 1, 1, 1
34, 1, 1, 1
35, 1, 1, 1
36, 1, 1, 1
37, 1, 1, 1
38, 1, 1, 1
39, 1, 1, 1
40, 1, 1, 1
41, 1, 1, 1
42, 1, 1, 1
43, 1, 1, 1
44, 1, 1, 1
45, 1, 1, 1
46, 1, 1, 1
47, 1, 1, 1
48, 1, 1, 1
49, 1, 1, 1
50, 1, 1, 1
51, 1, 1, 1
52, 1, 1, 1
53, 1, 1, 1
54, 1, 1, 1
55, 1, 1, 1
56, 1, 1, 1
57, 1, 1, 1
58, 1, 1, 1
59, 1, 1, 1
60, 1, 1, 1
61, 1, 1, 1
62, 1, 1, 1
63, 1, 1, 1
64, 1, 1, 1
65, 1, 1, 1
66, 1, 1, 1
67, 1, 1, 1
68, 1, 1, 1
69, 1, 1, 1
70, 1, 1, 1
71, 1, 1, 1
72, 1, 1, 1
73, 1, 1, 1
74, 1, 1, 1
75, 1, 1, 1
76, 1, 1, 1
77, 1, 1, 1
78, 1, 1, 1
79, 1, 1, 1
80, 1, 1, 1
81, 1, 1, 1
82, 1, 1, 1
83, 1, 1, 1
84, 1, 1, 1
85, 1, 1, 1
86, 1, 1, 1
87, 1, 1, 1
88, 1, 1, 1
89, 1, 1, 1
90, 1, 1, 1
91, 1, 1, 1
92, 1, 1, 1
93, 1, 1, 1
94, 1, 1, 1
95, 1, 1, 1
96, 1, 1, 1
97, 1, 1, 1
98, 1, 1, 1
99, 1, 1, 1
100, 1, 1, 1
101, 1, 1, 1
102, 1, 1, 1
103, 1, 1, 1
104, 1, 1, 1
105, 1, 1, 1
106, 1, 1, 1
107, 1, 1, 1
108, 1, 1, 1
109, 1, 1, 1
110, 1, 1, 1
111, 1, 1, 1
112, 1, 1, 1
113, 1, 1, 1
114, 1, 1, 1
115, 1, 1, 1
116, 1, 1, 1
117, 1, 1, 1
118, 1, 1, 1
119, 1, 1, 1
120, 1, 1, 1
121, 1, 1, 1
122, 1, 1, 1
123, 1, 1, 1
124, 1, 1, 1
125, 1, 1, 1
126, 1, 1, 1
127, 1, 1, 1
128, 1, 1, 1
129, 1, 1, 1
130, 1, 1, 1
131, 1, 1, 1
132, 1, 1, 1
133, 1, 1, 1
134, 1, 1, 1
135, 1, 1, 1
136, 1, 1, 1
137, 1, 1, 1
138, 1, 1, 1
139, 1, 1, 1
140, 1, 1, 1
141, 1, 1, 1
142, 1, 1, 1
143, 1, 1, 1
144, 1, 1, 1
145, 1, 1, 1
146, 1, 1, 1
147, 1, 1, 1
148, 1, 1, 1
149, 1, 1, 1
150, 1, 1, 1
151, 1, 1, 1
152, 1, 1, 1
153, 1, 1, 1
154, 1, 1, 1
155, 1, 1, 1
156, 1, 1, 1
157, 1, 1, 1
158, 1, 1, 1
159, 1, 1, 1
160, 1, 1, 1
161, 1, 1, 1
162, 1, 1, 1
163, 1, 1, 1
164, 1, 1, 1
165, 1, 1, 1
166, 1, 1, 1
167, 1, 1, 1
168, 1, 1, 1
169, 1, 1, 1
170, 1, 1, 1
171, 1, 1, 1
172, 1, 1, 1
173, 1, 1, 1
174, 1, 1, 1
175, 1, 1, 1
176, 1, 1, 1
177, 1, 1, 1
178, 1, 1, 1
179, 1, 1, 1
180, 1, 1, 1
181, 1, 1, 1
182, 1, 1, 1
183, 1, 1, 1
184, 1, 1, 1
185, 1, 1, 1
186, 1, 1, 1
187, 1, 1, 1
188, 1, 1, 1
189, 1, 1, 1
190, 1, 1, 1
191, 1, 1, 1
192, 1, 1, 1
193, 1, 1, 1
194, 1, 1, 1
195, 1, 1, 1
196, 1, 1, 1
197, 1, 1, 1
198, 1, 1, 1
199, 1, 1, 1
200, 1, 1, 1
201, 1, 1, 1
202, 1, 1, 1
203, 1, 1, 1
204, 1, 1, 1
205, 1, 1, 1
206, 1, 1, 1
207, 1, 1, 1
208, 1, 1, 1
209, 1, 1, 1
210, 1, 1, 1
211, 1, 1, 1
212, 1, 1, 1
213, 1, 1, 1
214, 1, 1, 1
215, 1, 1, 1
216, 1, 1, 1
217, 1, 1, 1
218, 1, 1, 1
219, 1, 1, 1
220, 1, 1, 1
221, 1, 1, 1
222, 1, 1, 1
223, 1, 1, 1
224, 1, 1, 1
225, 1, 1, 1
226, 1, 1, 1
227, 1, 1, 1
228, 1, 1, 1
229, 1, 1, 1
230, 1, 1, 1
231, 1, 1, 1
232, 1, 1, 1
233, 1, 1, 1
234, 1, 1, 1
235, 1, 1, 1
236, 1, 1, 1
237, 1, 1, 1
238, 1, 1, 1
239, 1, 1, 1
240, 1, 1, 1
241, 1, 1, 1
242, 1, 1, 1
243, 1, 1, 1
244, 1, 1, 1
245, 1, 1, 1
246, 1, 1, 1
247, 1, 1, 1
248, 1, 1, 1
249, 1, 1, 1
250, 1, 1, 1
251, 1, 1, 1
252, 1, 1, 1
253, 1, 1, 1
254, 1, 1, 1
255, 1, 1, 1
256, 1, 1, 1
257, 1, 1, 1
258, 1, 1, 1
259, 1, 1, 1
260, 1, 1, 1
261, 1, 1, 1
262, 1, 1, 1
263, 1, 1, 1
264, 1, 1, 1
265, 1, 1, 1
266, 1, 1, 1
267, 1, 1, 1
268, 1, 1, 1
269, 1, 1, 1
270, 1, 1, 1
271, 1, 1, 1
272, 1, 1, 1
273, 1, 1, 1
274, 1, 1, 1
275, 1, 1, 1
276, 1, 1, 1
277, 1, 1, 1
278, 1, 1, 1
279, 1, 1, 1
280, 1, 1, 1
281, 1, 1, 1
282, 1, 1, 1
283, 1, 1, 1
284, 1, 1, 1
285, 1, 1, 1
286, 1, 1, 1
287, 1, 1, 1
288, 1, 1, 1
