Objects, 1
Object:, First Vertice:, Vertices:, First Triangle:, Triangles:
Cylinder.001, 1, 66, 1, 192

Vertices, 66
Vertice:, X:, Y:, Z:
1, -0.019446680322289467, -1.963616132736206, -1.8211404085159302
2, -0.08375062048435211, -1.9565471410751343, -1.8211404085159302
3, -0.14543989300727844, -1.937069058418274, -1.8211404085159302
4, -0.2021438181400299, -1.9059300422668457, -1.8211404085159302
5, -0.2516832947731018, -1.8643271923065186, -1.8211404085159302
6, -0.29215455055236816, -1.8138588666915894, -1.8211404085159302
7, -0.3220022916793823, -1.7564648389816284, -1.8211404085159302
8, -0.34007948637008667, -1.6943506002426147, -1.8211404085159302
9, -0.345691442489624, -1.6299031972885132, -1.8211404085159302
10, -0.3386225402355194, -1.5655990839004517, -1.8211404085159302
11, -0.3191443681716919, -1.5039100646972656, -1.8211404085159302
12, -0.28800544142723083, -1.4472060203552246, -1.8211404085159302
13, -0.24640248715877533, -1.397666573524475, -1.8211404085159302
14, -0.1959342360496521, -1.357195258140564, -1.8211404085159302
15, -0.138540118932724, -1.3273475170135498, -1.8211404085159302
16, -0.07642585784196854, -1.3092702627182007, -1.8211404085159302
17, -0.01197838969528675, -1.303658366203308, -1.8211404085159302
18, 0.05232556536793709, -1.3107273578643799, -1.8211404085159302
19, 0.11401486396789551, -1.3302056789398193, -1.8211404085159302
20, 0.17071878910064697, -1.361344337463379, -1.8211404085159302
21, 0.22025825083255768, -1.4029474258422852, -1.8211404085159302
22, 0.26072949171066284, -1.4534157514572144, -1.8211404085159302
23, 0.2905772030353546, -1.5108098983764648, -1.8211404085159302
24, 0.3086543381214142, -1.572924256324768, -1.8211404085159302
25, 0.31426629424095154, -1.6373716592788696, -1.8211404085159302
26, 0.307197242975235, -1.701675534248352, -1.8211404085159302
27, 0.2877190113067627, -1.7633650302886963, -1.8211404085159302
28, 0.25658002495765686, -1.8200688362121582, -1.8211404085159302
29, 0.21497699618339539, -1.8696081638336182, -1.8211404085159302
30, 0.16450868546962738, -1.9100794792175293, -1.8211404085159302
31, 0.10711456090211868, -1.9399272203445435, -1.8211404085159302
32, 0.04500025510787964, -1.958004117012024, -1.8211404085159302
33, -0.01944720931351185, -1.9636160135269165, -1.266140341758728
34, -0.08375116437673569, -1.9565470218658447, -1.266140341758728
35, -0.14544041454792023, -1.9370687007904053, -1.266140341758728
36, -0.2021443396806717, -1.9059298038482666, -1.266140341758728
37, -0.2516837418079376, -1.86432683467865, -1.266140341758728
38, -0.2921549081802368, -1.8138583898544312, -1.266140341758728
39, -0.3220025300979614, -1.7564642429351807, -1.266140341758728
40, -0.340079665184021, -1.694350004196167, -1.266140341758728
41, -0.345691442489624, -1.6299024820327759, -1.266140341758728
42, -0.33862239122390747, -1.565598487854004, -1.266140341758728
43, -0.3191441595554352, -1.5039095878601074, -1.266140341758728
44, -0.2880052328109741, -1.4472057819366455, -1.266140341758728
45, -0.2464023232460022, -1.3976664543151855, -1.266140341758728
46, -0.19593417644500732, -1.357195258140564, -1.266140341758728
47, -0.13854020833969116, -1.3273475170135498, -1.266140341758728
48, -0.07642610371112823, -1.3092703819274902, -1.266140341758728
49, -0.011978804133832455, -1.303658366203308, -1.266140341758728
50, 0.05232500657439232, -1.3107272386550903, -1.266140341758728
51, 0.11401419341564178, -1.3302054405212402, -1.266140341758728
52, 0.17071804404258728, -1.3613439798355103, -1.266140341758728
53, 0.22025752067565918, -1.4029468297958374, -1.266140341758728
54, 0.2607288360595703, -1.453414797782898, -1.266140341758728
55, 0.290576696395874, -1.5108087062835693, -1.266140341758728
56, 0.3086540699005127, -1.572922706604004, -1.266140341758728
57, 0.31426629424095154, -1.6373698711395264, -1.266140341758728
58, 0.307197630405426, -1.7016737461090088, -1.266140341758728
59, 0.2877197861671448, -1.7633631229400635, -1.266140341758728
60, 0.25658124685287476, -1.820067048072815, -1.266140341758728
61, 0.2149786502122879, -1.869606614112854, -1.266140341758728
62, 0.16451074182987213, -1.9100781679153442, -1.266140341758728
63, 0.10711698979139328, -1.939926266670227, -1.266140341758728
64, 0.04500298574566841, -1.9580036401748657, -1.266140341758728
65, -0.015712589025497437, -1.6336371898651123, -1.8211404085159302
66, -0.015712589025497437, -1.6336371898651123, -1.266140341758728

Triangles, 128
Triangle:, Side1:, Side2:, Side3:
1, 65, 1, 2
2, 66, 34, 33
3, 65, 2, 3
4, 66, 35, 34
5, 65, 3, 4
6, 66, 36, 35
7, 65, 4, 5
8, 66, 37, 36
9, 65, 5, 6
10, 66, 38, 37
11, 65, 6, 7
12, 66, 39, 38
13, 65, 7, 8
14, 66, 40, 39
15, 65, 8, 9
16, 66, 41, 40
17, 65, 9, 10
18, 66, 42, 41
19, 65, 10, 11
20, 66, 43, 42
21, 65, 11, 12
22, 66, 44, 43
23, 65, 12, 13
24, 66, 45, 44
25, 65, 13, 14
26, 66, 46, 45
27, 65, 14, 15
28, 66, 47, 46
29, 65, 15, 16
30, 66, 48, 47
31, 65, 16, 17
32, 66, 49, 48
33, 65, 17, 18
34, 66, 50, 49
35, 65, 18, 19
36, 66, 51, 50
37, 65, 19, 20
38, 66, 52, 51
39, 65, 20, 21
40, 66, 53, 52
41, 65, 21, 22
42, 66, 54, 53
43, 65, 22, 23
44, 66, 55, 54
45, 65, 23, 24
46, 66, 56, 55
47, 65, 24, 25
48, 66, 57, 56
49, 65, 25, 26
50, 66, 58, 57
51, 65, 26, 27
52, 66, 59, 58
53, 65, 27, 28
54, 66, 60, 59
55, 65, 28, 29
56, 66, 61, 60
57, 65, 29, 30
58, 66, 62, 61
59, 65, 30, 31
60, 66, 63, 62
61, 65, 31, 32
62, 66, 64, 63
63, 32, 1, 65
64, 66, 33, 64
65, 1, 33, 34
66, 1, 34, 2
67, 2, 34, 35
68, 2, 35, 3
69, 3, 35, 36
70, 3, 36, 4
71, 4, 36, 37
72, 4, 37, 5
73, 5, 37, 38
74, 5, 38, 6
75, 6, 38, 39
76, 6, 39, 7
77, 7, 39, 40
78, 7, 40, 8
79, 8, 40, 41
80, 8, 41, 9
81, 9, 41, 42
82, 9, 42, 10
83, 10, 42, 43
84, 10, 43, 11
85, 11, 43, 44
86, 11, 44, 12
87, 12, 44, 45
88, 12, 45, 13
89, 13, 45, 46
90, 13, 46, 14
91, 14, 46, 47
92, 14, 47, 15
93, 15, 47, 48
94, 15, 48, 16
95, 16, 48, 49
96, 16, 49, 17
97, 17, 49, 50
98, 17, 50, 18
99, 18, 50, 51
100, 18, 51, 19
101, 19, 51, 52
102, 19, 52, 20
103, 20, 52, 53
104, 20, 53, 21
105, 21, 53, 54
106, 21, 54, 22
107, 22, 54, 55
108, 22, 55, 23
109, 23, 55, 56
110, 23, 56, 24
111, 24, 56, 57
112, 24, 57, 25
113, 25, 57, 58
114, 25, 58, 26
115, 26, 58, 59
116, 26, 59, 27
117, 27, 59, 60
118, 27, 60, 28
119, 28, 60, 61
120, 28, 61, 29
121, 29, 61, 62
122, 29, 62, 30
123, 30, 62, 63
124, 30, 63, 31
125, 31, 63, 64
126, 31, 64, 32
127, 33, 1, 32
128, 33, 32, 64

Colors, 128
Triangle:, Red:, Green:, Blue:
1, 58, 1, 2
2, 58, 1, 2
3, 58, 1, 2
4, 58, 1, 2
5, 58, 1, 2
6, 58, 1, 2
7, 58, 1, 2
8, 58, 1, 2
9, 58, 1, 2
10, 58, 1, 2
11, 58, 1, 2
12, 58, 1, 2
13, 58, 1, 2
14, 58, 1, 2
15, 58, 1, 2
16, 58, 1, 2
17, 58, 1, 2
18, 58, 1, 2
19, 58, 1, 2
20, 58, 1, 2
21, 58, 1, 2
22, 58, 1, 2
23, 58, 1, 2
24, 58, 1, 2
25, 58, 1, 2
26, 58, 1, 2
27, 58, 1, 2
28, 58, 1, 2
29, 58, 1, 2
30, 58, 1, 2
31, 58, 1, 2
32, 58, 1, 2
33, 58, 1, 2
34, 58, 1, 2
35, 58, 1, 2
36, 58, 1, 2
37, 58, 1, 2
38, 58, 1, 2
39, 58, 1, 2
40, 58, 1, 2
41, 58, 1, 2
42, 58, 1, 2
43, 58, 1, 2
44, 58, 1, 2
45, 58, 1, 2
46, 58, 1, 2
47, 58, 1, 2
48, 58, 1, 2
49, 58, 1, 2
50, 58, 1, 2
51, 58, 1, 2
52, 58, 1, 2
53, 58, 1, 2
54, 58, 1, 2
55, 58, 1, 2
56, 58, 1, 2
57, 58, 1, 2
58, 58, 1, 2
59, 58, 1, 2
60, 58, 1, 2
61, 58, 1, 2
62, 58, 1, 2
63, 58, 1, 2
64, 58, 1, 2
65, 58, 1, 2
66, 58, 1, 2
67, 58, 1, 2
68, 58, 1, 2
69, 58, 1, 2
70, 58, 1, 2
71, 58, 1, 2
72, 58, 1, 2
73, 58, 1, 2
74, 58, 1, 2
75, 58, 1, 2
76, 58, 1, 2
77, 58, 1, 2
78, 58, 1, 2
79, 58, 1, 2
80, 58, 1, 2
81, 58, 1, 2
82, 58, 1, 2
83, 58, 1, 2
84, 58, 1, 2
85, 58, 1, 2
86, 58, 1, 2
87, 58, 1, 2
88, 58, 1, 2
89, 58, 1, 2
90, 58, 1, 2
91, 58, 1, 2
92, 58, 1, 2
93, 58, 1, 2
94, 58, 1, 2
95, 58, 1, 2
96, 58, 1, 2
97, 58, 1, 2
98, 58, 1, 2
99, 58, 1, 2
100, 58, 1, 2
101, 58, 1, 2
102, 58, 1, 2
103, 58, 1, 2
104, 58, 1, 2
105, 58, 1, 2
106, 58, 1, 2
107, 58, 1, 2
108, 58, 1, 2
109, 58, 1, 2
110, 58, 1, 2
111, 58, 1, 2
112, 58, 1, 2
113, 58, 1, 2
114, 58, 1, 2
115, 58, 1, 2
116, 58, 1, 2
117, 58, 1, 2
118, 58, 1, 2
119, 58, 1, 2
120, 58, 1, 2
121, 58, 1, 2
122, 58, 1, 2
123, 58, 1, 2
124, 58, 1, 2
125, 58, 1, 2
126, 58, 1, 2
127, 58, 1, 2
128, 58, 1, 2
