Objects, 1
Object:, First Vertice:, Vertices:, First Triangle:, Triangles:
Plane.012, 1, 138, 1, 332

Vertices, 138
Vertice:, X:, Y:, Z:
1, -0.1925906240940094, -2.1169620733708143, -1.4372059106826782
2, -0.8837906420230865, -2.116962308064103, -1.4372060894966125
3, -0.8837907910346985, -2.1091397935524583, -0.7460501790046692
4, -0.1925906538963318, -2.1091395681723952, -0.7460501492023468
5, -0.1580306589603424, -2.1130507758742283, -1.0916279756255847
6, -0.16533538699150085, -2.1138901229714975, -1.1657887920737267
7, -0.1869686245918274, -2.114697228651494, -1.2370996475219727
8, -0.22209912538528442, -2.1154410627204925, -1.3028201013803482
9, -0.2693769037723541, -2.1160930418409407, -1.3604245781898499
10, -0.32698506116867065, -2.1166281199548393, -1.4076993763446808
11, -0.3927096873521805, -2.117025728803128, -1.4428276717662811
12, -0.4640250578522682, -2.1172705832868814, -1.4644595980644226
13, -0.5381905894003296, -2.1173532768152654, -1.4717638492584229
14, -0.6123561337590218, -2.117270627990365, -1.4644596576690674
15, -0.6836715042591095, -2.1170258251950145, -1.4428277611732483
16, -0.7493962198495865, -2.11662826850079, -1.407699465751648
17, -0.8070044219493866, -2.116093219490722, -1.3604247272014618
18, -0.8542822003364563, -2.1154412704054266, -1.3028202503919601
19, -0.8894127905368805, -2.1146974604343995, -1.2370997667312622
20, -0.9110460877418518, -2.1138903689570725, -1.165788896381855
21, -0.9183507859706879, -2.113051027394775, -1.0916280527656408
22, -0.9110460579395294, -2.1122116651386023, -1.0174672082066536
23, -0.8894127607345581, -2.1114045631838962, -0.9461563527584076
24, -0.8542822003364563, -2.110660719452426, -0.8804358541965485
25, -0.8070043623447418, -2.1100087396334857, -0.822831392288208
26, -0.7493961900472641, -2.1094736624509096, -0.7755566239356995
27, -0.6836714744567871, -2.1090760631486773, -0.7404283285140991
28, -0.6123560443520546, -2.108831217046827, -0.7187964916229248
29, -0.5381904600253051, -2.1087485156022012, -0.7114923000335693
30, -0.4640248864889145, -2.108831162098795, -0.718796581029892
31, -0.39270947873592377, -2.1090759690850973, -0.7404285371303558
32, -0.32698482275009155, -2.10947352880612, -0.7755569517612457
33, -0.2693767249584198, -2.1100085680373013, -0.8228317499160767
34, -0.22209897637367249, -2.110660516889766, -0.8804363012313843
35, -0.18696847558021545, -2.1114043364068493, -0.9461568295955658
36, -0.1653352677822113, -2.112211432075128, -1.0174677446484566
37, -0.5381906047669318, -2.1130508968413757, -1.0916281091225777
38, -0.5381905941396639, -2.147994376718998, -1.0912326187535655
39, -0.1653352677822113, -2.147154901176691, -1.0170722529292107
40, -0.18696844577789307, -2.1463478170335293, -0.9457613378763199
41, -0.22209897637367249, -2.145604006946087, -0.8800407946109772
42, -0.2693766951560974, -2.144952043890953, -0.8224362730979919
43, -0.32698480784893036, -2.1444170214235783, -0.7751614451408386
44, -0.3927094638347626, -2.144019454717636, -0.7400330305099487
45, -0.4640248715877533, -2.1437746472656727, -0.7184010744094849
46, -0.53819045105854, -2.1436919942498207, -0.7110968232154846
47, -0.612356036901474, -2.143774688243866, -0.7184010148048401
48, -0.6836714595556259, -2.1440195478498936, -0.7400328516960144
49, -0.7493961751461029, -2.144417144358158, -0.7751611471176147
50, -0.8070043623447418, -2.1449522227048874, -0.8224359154701233
51, -0.8542821705341339, -2.1456042043864727, -0.8800403624773026
52, -0.8894127607345581, -2.1463480442762375, -0.9457608610391617
53, -0.9110460579395294, -2.147155150771141, -1.0170717164874077
54, -0.9183507859706879, -2.147994499653578, -1.091232562204823
55, -0.9110460877418518, -2.148833855986595, -1.165393404662609
56, -0.8894127905368805, -2.1496409438550472, -1.2367042750120163
57, -0.8542822003364563, -2.1503847539424896, -1.3024247586727142
58, -0.8070043921470642, -2.151036709547043, -1.3600292205810547
59, -0.7493962049484253, -2.1515717431902885, -1.4073039889335632
60, -0.6836715042591095, -2.15196930244565, -1.4424322843551636
61, -0.61235611140728, -2.152214113622904, -1.4640641808509827
62, -0.5381905804335645, -2.152296755462885, -1.4713683724403381
63, -0.464025042951107, -2.1522140689194202, -1.4640640914440155
64, -0.3927096724510193, -2.151969201862812, -1.442432165145874
65, -0.32698504626750946, -2.1515716053545475, -1.4073038697242737
66, -0.26937687397003174, -2.151036523282528, -1.3600290715694427
67, -0.22209912538528442, -2.150384545326233, -1.3024246096611023
68, -0.186968594789505, -2.1496407091617584, -1.2367041558027267
69, -0.16533535718917847, -2.1488336101174355, -1.1653933003544807
70, -0.1580306589603424, -2.1479942463338375, -1.0912324850796722
71, -0.1925906538963318, -2.144083058461547, -0.7456546425819397
72, -0.8837907910346985, -2.1440832763910294, -0.7456546723842621
73, -0.8837906122207642, -2.151905782520771, -1.4368106126785278
74, -0.1925906240940094, -2.151905555278063, -1.4368104338645935
75, -0.1653352677822113, -2.1188386362046003, -1.0173927322030067
76, -0.1580306589603424, -2.119677979964763, -1.091552968187898
77, -0.18696847558021545, -2.1180315441451967, -0.9460818320512772
78, -0.22209897637367249, -2.1172877340577543, -0.8803612887859344
79, -0.2693766951560974, -2.116635784273967, -0.8227567672729492
80, -0.32698482275009155, -2.1161007459741086, -0.7754819393157959
81, -0.39270947873592377, -2.115703180897981, -0.740353524684906
82, -0.4640248790383339, -2.1154583811294287, -0.7187215685844421
83, -0.538190458945536, -2.115375727415085, -0.7114172875881195
84, -0.6123560443520546, -2.115458420943469, -0.718721479177475
85, -0.6836714744567871, -2.1157032744958997, -0.7403533160686493
86, -0.7493961751461029, -2.1161008852068335, -0.775481641292572
87, -0.8070043623447418, -2.116635947721079, -0.8227563798427582
88, -0.8542822003364563, -2.1172879422083497, -0.8803608566522598
89, -0.8894127607345581, -2.118031778372824, -0.9460813403129578
90, -0.9110460579395294, -2.1188388764858246, -1.017392210662365
91, -0.9183507859706879, -2.119678231421858, -1.0915530453276006
92, -0.9110460877418518, -2.1205175877548754, -1.1657138913869858
93, -0.8894127905368805, -2.121324676088989, -1.2370247542858124
94, -0.8542822003364563, -2.1220684871077538, -1.3027452379465103
95, -0.8070043921470642, -2.1227204352617264, -1.360349714756012
96, -0.7493962198495865, -2.1232554707676172, -1.4076244831085205
97, -0.6836715042591095, -2.123653036542237, -1.4427527785301208
98, -0.6123561263084412, -2.123897846788168, -1.46438467502594
99, -0.5381905883205462, -2.123980488628149, -1.471688836812973
100, -0.4640250578522682, -2.1238977946341038, -1.4643845856189728
101, -0.3927096724510193, -2.123652944341302, -1.4427526593208313
102, -0.32698504626750946, -2.123255342245102, -1.407624363899231
103, -0.2693769037723541, -2.1227202648296952, -1.3603495657444
104, -0.22209912538528442, -2.1220682859420776, -1.3027451038360596
105, -0.1869686245918274, -2.121324436739087, -1.2370246350765228
106, -0.16533535718917847, -2.1205173418857157, -1.1657137796282768
107, -0.1653352677822113, -2.1417845841497183, -1.0171330273151398
108, -0.1580306589603424, -2.1426239274442196, -1.0912932622013614
109, -0.18696844577789307, -2.1409775000065565, -0.9458221197128296
110, -0.22209897637367249, -2.1402336731553078, -0.8801015913486481
111, -0.2693766951560974, -2.13958172313869, -0.8224970698356628
112, -0.32698480784893036, -2.139046685770154, -0.7752222418785095
113, -0.3927094489336014, -2.138649132102728, -0.7400937974452972
114, -0.4640248790383339, -2.1384043134748936, -0.7184618711471558
115, -0.5381904469817016, -2.138321675360203, -0.7111575901508331
116, -0.612356036901474, -2.138404367491603, -0.7184617817401886
117, -0.6836714744567871, -2.1386492140591145, -0.7400936186313629
118, -0.7493961602449417, -2.1390468291938305, -0.7752219438552856
119, -0.8070043623447418, -2.1395818907767534, -0.8224966824054718
120, -0.8542821705341339, -2.140233885496855, -0.8801011592149734
121, -0.8894127607345581, -2.1409777142107487, -0.9458216279745102
122, -0.9110460579395294, -2.1417848244309425, -1.0171324983239174
123, -0.9183507561683655, -2.1426241789013147, -1.091293339326512
124, -0.9110460877418518, -2.1434635277837515, -1.1654541939496994
125, -0.8894127905368805, -2.1442706156522036, -1.236765056848526
126, -0.8542822003364563, -2.145014423877001, -1.302485540509224
127, -0.8070043921470642, -2.1456663757562637, -1.3600900173187256
128, -0.7493962049484253, -2.14620141685009, -1.4073647856712341
129, -0.6836715042591095, -2.146598983556032, -1.442493051290512
130, -0.6123561188578606, -2.1468437872827053, -1.4641249477863312
131, -0.5381905763567261, -2.146926436573267, -1.4714291393756866
132, -0.4640250578522682, -2.146843735128641, -1.4641248881816864
133, -0.3927096724510193, -2.1465988866984844, -1.442492961883545
134, -0.32698503136634827, -2.1462012864649296, -1.4073646664619446
135, -0.26937687397003174, -2.1456662081182003, -1.3600898683071136
136, -0.22209912538528442, -2.1450142301619053, -1.3024854063987732
137, -0.1869686245918274, -2.1442703809589148, -1.2367649376392365
138, -0.16533535718917847, -2.143463274464011, -1.1654540747404099

Triangles, 268
Triangle:, Side1:, Side2:, Side3:
1, 1, 4, 3
2, 1, 3, 2
3, 36, 5, 37
4, 36, 35, 37
5, 35, 34, 37
6, 34, 33, 37
7, 33, 32, 37
8, 32, 31, 37
9, 31, 30, 37
10, 30, 29, 37
11, 29, 28, 37
12, 28, 27, 37
13, 27, 26, 37
14, 26, 25, 37
15, 25, 24, 37
16, 24, 23, 37
17, 23, 22, 37
18, 22, 21, 37
19, 21, 20, 37
20, 20, 19, 37
21, 19, 18, 37
22, 18, 17, 37
23, 17, 16, 37
24, 16, 15, 37
25, 15, 14, 37
26, 14, 13, 37
27, 13, 12, 37
28, 12, 11, 37
29, 11, 10, 37
30, 10, 9, 37
31, 9, 8, 37
32, 8, 7, 37
33, 7, 6, 37
34, 6, 5, 37
35, 3, 4, 71
36, 3, 71, 72
37, 4, 1, 74
38, 4, 74, 71
39, 1, 2, 73
40, 1, 73, 74
41, 2, 3, 72
42, 2, 72, 73
43, 72, 71, 74
44, 72, 74, 73
45, 38, 70, 39
46, 38, 40, 39
47, 38, 41, 40
48, 38, 42, 41
49, 38, 43, 42
50, 38, 44, 43
51, 38, 45, 44
52, 38, 46, 45
53, 38, 47, 46
54, 38, 48, 47
55, 38, 49, 48
56, 38, 50, 49
57, 38, 51, 50
58, 38, 52, 51
59, 38, 53, 52
60, 38, 54, 53
61, 38, 55, 54
62, 38, 56, 55
63, 38, 57, 56
64, 38, 58, 57
65, 38, 59, 58
66, 38, 60, 59
67, 38, 61, 60
68, 38, 62, 61
69, 38, 63, 62
70, 38, 64, 63
71, 38, 65, 64
72, 38, 66, 65
73, 38, 67, 66
74, 38, 68, 67
75, 38, 69, 68
76, 38, 70, 69
77, 36, 75, 76
78, 36, 76, 5
79, 36, 75, 77
80, 36, 77, 35
81, 35, 77, 78
82, 35, 78, 34
83, 34, 78, 79
84, 34, 79, 33
85, 33, 79, 80
86, 33, 80, 32
87, 32, 80, 81
88, 32, 81, 31
89, 31, 81, 82
90, 31, 82, 30
91, 30, 82, 83
92, 30, 83, 29
93, 29, 83, 84
94, 29, 84, 28
95, 28, 84, 85
96, 28, 85, 27
97, 27, 85, 86
98, 27, 86, 26
99, 26, 86, 87
100, 26, 87, 25
101, 25, 87, 88
102, 25, 88, 24
103, 24, 88, 89
104, 24, 89, 23
105, 23, 89, 90
106, 23, 90, 22
107, 22, 90, 91
108, 22, 91, 21
109, 21, 91, 92
110, 21, 92, 20
111, 20, 92, 93
112, 20, 93, 19
113, 19, 93, 94
114, 19, 94, 18
115, 18, 94, 95
116, 18, 95, 17
117, 17, 95, 96
118, 17, 96, 16
119, 16, 96, 97
120, 16, 97, 15
121, 15, 97, 98
122, 15, 98, 14
123, 14, 98, 99
124, 14, 99, 13
125, 13, 99, 100
126, 13, 100, 12
127, 12, 100, 101
128, 12, 101, 11
129, 11, 101, 102
130, 11, 102, 10
131, 10, 102, 103
132, 10, 103, 9
133, 9, 103, 104
134, 9, 104, 8
135, 8, 104, 105
136, 8, 105, 7
137, 7, 105, 106
138, 7, 106, 6
139, 6, 106, 76
140, 6, 76, 5
141, 75, 107, 108
142, 75, 108, 76
143, 107, 39, 70
144, 107, 70, 108
145, 75, 107, 109
146, 75, 109, 77
147, 107, 39, 40
148, 107, 40, 109
149, 77, 109, 110
150, 77, 110, 78
151, 109, 40, 41
152, 109, 41, 110
153, 78, 110, 111
154, 78, 111, 79
155, 110, 41, 42
156, 110, 42, 111
157, 79, 111, 112
158, 79, 112, 80
159, 111, 42, 43
160, 111, 43, 112
161, 80, 112, 113
162, 80, 113, 81
163, 112, 43, 44
164, 112, 44, 113
165, 81, 113, 114
166, 81, 114, 82
167, 113, 44, 45
168, 113, 45, 114
169, 82, 114, 115
170, 82, 115, 83
171, 114, 45, 46
172, 114, 46, 115
173, 83, 115, 116
174, 83, 116, 84
175, 115, 46, 47
176, 115, 47, 116
177, 84, 116, 117
178, 84, 117, 85
179, 116, 47, 48
180, 116, 48, 117
181, 85, 117, 118
182, 85, 118, 86
183, 117, 48, 49
184, 117, 49, 118
185, 86, 118, 119
186, 86, 119, 87
187, 118, 49, 50
188, 118, 50, 119
189, 87, 119, 120
190, 87, 120, 88
191, 119, 50, 51
192, 119, 51, 120
193, 88, 120, 121
194, 88, 121, 89
195, 120, 51, 52
196, 120, 52, 121
197, 89, 121, 122
198, 89, 122, 90
199, 121, 52, 53
200, 121, 53, 122
201, 90, 122, 123
202, 90, 123, 91
203, 122, 53, 54
204, 122, 54, 123
205, 91, 123, 124
206, 91, 124, 92
207, 123, 54, 55
208, 123, 55, 124
209, 92, 124, 125
210, 92, 125, 93
211, 124, 55, 56
212, 124, 56, 125
213, 93, 125, 126
214, 93, 126, 94
215, 125, 56, 57
216, 125, 57, 126
217, 94, 126, 127
218, 94, 127, 95
219, 126, 57, 58
220, 126, 58, 127
221, 95, 127, 128
222, 95, 128, 96
223, 127, 58, 59
224, 127, 59, 128
225, 96, 128, 129
226, 96, 129, 97
227, 128, 59, 60
228, 128, 60, 129
229, 97, 129, 130
230, 97, 130, 98
231, 129, 60, 61
232, 129, 61, 130
233, 98, 130, 131
234, 98, 131, 99
235, 130, 61, 62
236, 130, 62, 131
237, 99, 131, 132
238, 99, 132, 100
239, 131, 62, 63
240, 131, 63, 132
241, 100, 132, 133
242, 100, 133, 101
243, 132, 63, 64
244, 132, 64, 133
245, 101, 133, 134
246, 101, 134, 102
247, 133, 64, 65
248, 133, 65, 134
249, 102, 134, 135
250, 102, 135, 103
251, 134, 65, 66
252, 134, 66, 135
253, 103, 135, 136
254, 103, 136, 104
255, 135, 66, 67
256, 135, 67, 136
257, 104, 136, 137
258, 104, 137, 105
259, 136, 67, 68
260, 136, 68, 137
261, 105, 137, 138
262, 105, 138, 106
263, 137, 68, 69
264, 137, 69, 138
265, 106, 138, 108
266, 106, 108, 76
267, 138, 69, 70
268, 138, 70, 108

Colors, 268
Triangle:, Red:, Green:, Blue:
1, 1, 1, 1
2, 1, 1, 1
3, 1, 1, 1
4, 1, 1, 1
5, 1, 1, 1
6, 1, 1, 1
7, 1, 1, 1
8, 1, 1, 1
9, 1, 1, 1
10, 1, 1, 1
11, 1, 1, 1
12, 1, 1, 1
13, 1, 1, 1
14, 1, 1, 1
15, 1, 1, 1
16, 1, 1, 1
17, 1, 1, 1
18, 1, 1, 1
19, 1, 1, 1
20, 1, 1, 1
21, 1, 1, 1
22, 1, 1, 1
23, 1, 1, 1
24, 1, 1, 1
25, 1, 1, 1
26, 1, 1, 1
27, 1, 1, 1
28, 1, 1, 1
29, 1, 1, 1
30, 1, 1, 1
31, 1, 1, 1
32, 1, 1, 1
33, 1, 1, 1
34, 1, 1, 1
35, 1, 1, 1
36, 1, 1, 1
37, 1, 1, 1
38, 1, 1, 1
39, 1, 1, 1
40, 1, 1, 1
41, 1, 1, 1
42, 1, 1, 1
43, 1, 1, 1
44, 1, 1, 1
45, 1, 1, 1
46, 1, 1, 1
47, 1, 1, 1
48, 1, 1, 1
49, 1, 1, 1
50, 1, 1, 1
51, 1, 1, 1
52, 1, 1, 1
53, 1, 1, 1
54, 1, 1, 1
55, 1, 1, 1
56, 1, 1, 1
57, 1, 1, 1
58, 1, 1, 1
59, 1, 1, 1
60, 1, 1, 1
61, 1, 1, 1
62, 1, 1, 1
63, 1, 1, 1
64, 1, 1, 1
65, 1, 1, 1
66, 1, 1, 1
67, 1, 1, 1
68, 1, 1, 1
69, 1, 1, 1
70, 1, 1, 1
71, 1, 1, 1
72, 1, 1, 1
73, 1, 1, 1
74, 1, 1, 1
75, 1, 1, 1
76, 1, 1, 1
77, 1, 1, 1
78, 1, 1, 1
79, 1, 1, 1
80, 1, 1, 1
81, 1, 1, 1
82, 1, 1, 1
83, 1, 1, 1
84, 1, 1, 1
85, 1, 1, 1
86, 1, 1, 1
87, 1, 1, 1
88, 1, 1, 1
89, 1, 1, 1
90, 1, 1, 1
91, 1, 1, 1
92, 1, 1, 1
93, 1, 1, 1
94, 1, 1, 1
95, 1, 1, 1
96, 1, 1, 1
97, 1, 1, 1
98, 1, 1, 1
99, 1, 1, 1
100, 1, 1, 1
101, 1, 1, 1
102, 1, 1, 1
103, 1, 1, 1
104, 1, 1, 1
105, 1, 1, 1
106, 1, 1, 1
107, 1, 1, 1
108, 1, 1, 1
109, 1, 1, 1
110, 1, 1, 1
111, 1, 1, 1
112, 1, 1, 1
113, 1, 1, 1
114, 1, 1, 1
115, 1, 1, 1
116, 1, 1, 1
117, 1, 1, 1
118, 1, 1, 1
119, 1, 1, 1
120, 1, 1, 1
121, 1, 1, 1
122, 1, 1, 1
123, 1, 1, 1
124, 1, 1, 1
125, 1, 1, 1
126, 1, 1, 1
127, 1, 1, 1
128, 1, 1, 1
129, 1, 1, 1
130, 1, 1, 1
131, 1, 1, 1
132, 1, 1, 1
133, 1, 1, 1
134, 1, 1, 1
135, 1, 1, 1
136, 1, 1, 1
137, 1, 1, 1
138, 1, 1, 1
139, 1, 1, 1
140, 1, 1, 1
141, 1, 1, 1
142, 1, 1, 1
143, 1, 1, 1
144, 1, 1, 1
145, 1, 1, 1
146, 1, 1, 1
147, 1, 1, 1
148, 1, 1, 1
149, 1, 1, 1
150, 1, 1, 1
151, 1, 1, 1
152, 1, 1, 1
153, 1, 1, 1
154, 1, 1, 1
155, 1, 1, 1
156, 1, 1, 1
157, 1, 1, 1
158, 1, 1, 1
159, 1, 1, 1
160, 1, 1, 1
161, 1, 1, 1
162, 1, 1, 1
163, 1, 1, 1
164, 1, 1, 1
165, 1, 1, 1
166, 1, 1, 1
167, 1, 1, 1
168, 1, 1, 1
169, 1, 1, 1
170, 1, 1, 1
171, 1, 1, 1
172, 1, 1, 1
173, 1, 1, 1
174, 1, 1, 1
175, 1, 1, 1
176, 1, 1, 1
177, 1, 1, 1
178, 1, 1, 1
179, 1, 1, 1
180, 1, 1, 1
181, 1, 1, 1
182, 1, 1, 1
183, 1, 1, 1
184, 1, 1, 1
185, 1, 1, 1
186, 1, 1, 1
187, 1, 1, 1
188, 1, 1, 1
189, 1, 1, 1
190, 1, 1, 1
191, 1, 1, 1
192, 1, 1, 1
193, 1, 1, 1
194, 1, 1, 1
195, 1, 1, 1
196, 1, 1, 1
197, 1, 1, 1
198, 1, 1, 1
199, 1, 1, 1
200, 1, 1, 1
201, 1, 1, 1
202, 1, 1, 1
203, 1, 1, 1
204, 1, 1, 1
205, 1, 1, 1
206, 1, 1, 1
207, 1, 1, 1
208, 1, 1, 1
209, 1, 1, 1
210, 1, 1, 1
211, 1, 1, 1
212, 1, 1, 1
213, 1, 1, 1
214, 1, 1, 1
215, 1, 1, 1
216, 1, 1, 1
217, 1, 1, 1
218, 1, 1, 1
219, 1, 1, 1
220, 1, 1, 1
221, 1, 1, 1
222, 1, 1, 1
223, 1, 1, 1
224, 1, 1, 1
225, 1, 1, 1
226, 1, 1, 1
227, 1, 1, 1
228, 1, 1, 1
229, 1, 1, 1
230, 1, 1, 1
231, 1, 1, 1
232, 1, 1, 1
233, 1, 1, 1
234, 1, 1, 1
235, 1, 1, 1
236, 1, 1, 1
237, 1, 1, 1
238, 1, 1, 1
239, 1, 1, 1
240, 1, 1, 1
241, 1, 1, 1
242, 1, 1, 1
243, 1, 1, 1
244, 1, 1, 1
245, 1, 1, 1
246, 1, 1, 1
247, 1, 1, 1
248, 1, 1, 1
249, 1, 1, 1
250, 1, 1, 1
251, 1, 1, 1
252, 1, 1, 1
253, 1, 1, 1
254, 1, 1, 1
255, 1, 1, 1
256, 1, 1, 1
257, 1, 1, 1
258, 1, 1, 1
259, 1, 1, 1
260, 1, 1, 1
261, 1, 1, 1
262, 1, 1, 1
263, 1, 1, 1
264, 1, 1, 1
265, 1, 1, 1
266, 1, 1, 1
267, 1, 1, 1
268, 1, 1, 1
