Objects, 1
Object:, First Vertice:, Vertices:, First Triangle:, Triangles:
Plane.014, 1, 8, 1, 12

Vertices, 8
Vertice:, X:, Y:, Z:
1, 1.1453723656013608, -2.0679238848388195, -1.0532200783491135
2, 1.1553929205983877, -2.06792388856411, -1.0532200783491135
3, 1.1553929103538394, -2.071947205811739, -1.4087536334991455
4, 1.1453723507001996, -2.0719471983611584, -1.4087535589933395
5, 1.1453723525628448, -2.0790009405463934, -1.408673733472824
6, 1.1553929084911942, -2.0790009442716837, -1.40867380797863
7, 1.1553929187357426, -2.0749776270240545, -1.053140252828598
8, 1.145372367464006, -2.0749776270240545, -1.053140252828598

Triangles, 12
Triangle:, Side1:, Side2:, Side3:
1, 1, 4, 3
2, 1, 3, 2
3, 3, 4, 5
4, 3, 5, 6
5, 4, 1, 8
6, 4, 8, 5
7, 1, 2, 7
8, 1, 7, 8
9, 2, 3, 6
10, 2, 6, 7
11, 6, 5, 8
12, 6, 8, 7

Colors, 12
Triangle:, Red:, Green:, Blue:
1, 204, 204, 204
2, 204, 204, 204
3, 204, 204, 204
4, 204, 204, 204
5, 204, 204, 204
6, 204, 204, 204
7, 204, 204, 204
8, 204, 204, 204
9, 204, 204, 204
10, 204, 204, 204
11, 204, 204, 204
12, 204, 204, 204
