Objects, 1
Object:, First Vertice:, Vertices:, First Triangle:, Triangles:
Plane.007, 1, 138, 1, 332

Vertices, 138
Vertice:, X:, Y:, Z:
1, 0.7625242918729782, -1.6601004742551595, -0.5834879130125046
2, 0.7625244557857513, -1.6601004344411194, -1.0634879171848297
3, 0.28255513310432434, -1.6546690273098648, -1.0634880512952805
4, 0.28255508840084076, -1.6546690731775016, -0.5834879726171494
5, 0.522539648967232, -1.657384743722508, -0.5594879686832428
6, 0.5740402042865753, -1.657967532519251, -0.5645606517791748
7, 0.6235616356134415, -1.6585279266582802, -0.5795837640762329
8, 0.6692008227109909, -1.6590443856548518, -0.6039799451828003
9, 0.7092039287090302, -1.6594970568548888, -0.6368117332458496
10, 0.7420336455106735, -1.6598685658536851, -0.676817387342453
11, 0.7664282917976379, -1.6601446154527366, -0.7224594801664352
12, 0.781450480222702, -1.6603146018460393, -0.771984051913023
13, 0.7865228652954102, -1.660371998557821, -0.823487891197189
14, 0.7814505100250244, -1.660314594162628, -0.8749917335808277
15, 0.7664283812046051, -1.6601445984560996, -0.9245163127779961
16, 0.7420337498188019, -1.6598685390781611, -0.9701584726572037
17, 0.7092040479183197, -1.659497035201639, -1.0101641416549683
18, 0.6692009568214417, -1.6590443417662755, -1.0429959744215012
19, 0.6235617399215698, -1.6585278894053772, -1.0673922151327133
20, 0.5740403085947037, -1.6579674900858663, -1.0824153423309326
21, 0.522539735320795, -1.657384701784597, -1.0874880254268646
22, 0.47103916108608246, -1.656801912758965, -1.0824153423309326
23, 0.4215177297592163, -1.6562415248481557, -1.0673922002315521
24, 0.3758785277605057, -1.6557250674813986, -1.0429959446191788
25, 0.33587542176246643, -1.6552723813802004, -1.0101641565561295
26, 0.30304573476314545, -1.6549008842557669, -0.9701584577560425
27, 0.27865107357501984, -1.6546248346567154, -0.9245163127779961
28, 0.2636289596557617, -1.6544548459351063, -0.8749917037785053
29, 0.258556604385376, -1.6543974506203085, -0.8234878280796636
30, 0.2636290192604065, -1.65445485454984, -0.7719839587807655
31, 0.2786512076854706, -1.6546248504891992, -0.7224593758583069
32, 0.30304592847824097, -1.6549009094014764, -0.6768172532320023
33, 0.33587564527988434, -1.6552724172361195, -0.6368116289377213
34, 0.37587878108024597, -1.6557251017075032, -0.6039798557758331
35, 0.4215180426836014, -1.6562415736261755, -0.5795836448669434
36, 0.4710394963622093, -1.6568019607802853, -0.56456059217453
37, 0.5225397587824006, -1.6573847248861107, -0.8234879153199088
38, 0.5222651575459167, -1.6816510260105133, -0.8234879179658989
39, 0.4707648940384388, -1.6810682602226734, -0.5645606219768524
40, 0.42124343663454056, -1.6805078722536564, -0.5795836597681046
41, 0.37560418248176575, -1.6799914110451937, -0.6039798557758331
42, 0.3356010615825653, -1.6795387268066406, -0.6368116289377213
43, 0.30277131497859955, -1.6791672129184008, -0.6768172532320023
44, 0.27837660908699036, -1.6788911540061235, -0.7224593758583069
45, 0.2633543908596039, -1.6787211559712887, -0.7719839625060558
46, 0.25828200578689575, -1.6786637529730797, -0.8234878297194257
47, 0.2633543312549591, -1.678721146658063, -0.8749917075037956
48, 0.2783764600753784, -1.678891135379672, -0.9245163127779961
49, 0.30277112126350403, -1.6791671831160784, -0.9701584577560425
50, 0.3356008231639862, -1.6795386858284473, -1.0101641565561295
51, 0.37560392916202545, -1.67999136634171, -1.04299595952034
52, 0.4212431311607361, -1.6805078238248825, -1.0673922002315521
53, 0.47076455876231194, -1.6810682117938995, -1.0824153423309326
54, 0.522265134146437, -1.6816509999334812, -1.0874880254268646
55, 0.5737657099962234, -1.682233789935708, -1.0824153423309326
56, 0.6232871413230896, -1.682794189080596, -1.0673922151327133
57, 0.6689263582229614, -1.6833106521517038, -1.04299595952034
58, 0.7089294642210007, -1.6837633345276117, -1.0101641416549683
59, 0.7417591363191605, -1.6841348428279161, -0.9701584726572037
60, 0.7661537826061249, -1.6844108998775482, -0.9245163127779961
61, 0.7811759412288666, -1.684580897912383, -0.8749917335808277
62, 0.7862482666969299, -1.684638300910592, -0.8234878937424313
63, 0.7811758518218994, -1.6845809053629637, -0.771984051913023
64, 0.7661536782979965, -1.6844109147787094, -0.7224594801664352
65, 0.7417590469121933, -1.684134865179658, -0.676817387342453
66, 0.7089293301105499, -1.6837633661925793, -0.6368117332458496
67, 0.6689262241125107, -1.6833106838166714, -0.6039799600839615
68, 0.6232870370149612, -1.682794226333499, -0.5795837789773941
69, 0.5737656019628048, -1.6822338309139013, -0.5645606517791748
70, 0.5222650477371644, -1.6816510539501905, -0.5594879686832428
71, 0.28228048980236053, -1.6789353732019663, -0.5834879726171494
72, 0.2822805345058441, -1.6789353378117085, -1.0634880512952805
73, 0.7622498422861099, -1.6843667440116405, -1.0634879171848297
74, 0.762249693274498, -1.6843667849898338, -0.5834879130125046
75, 0.4709874168038368, -1.6614041938446462, -0.56456059217453
76, 0.5224875694584625, -1.6619869768619537, -0.5594879686832428
77, 0.4214659631252289, -1.6608437963295728, -0.5795836597681046
78, 0.3758267015218735, -1.6603273348882794, -0.6039798557758331
79, 0.33582356572151184, -1.6598746504168957, -0.6368116289377213
80, 0.3029938340187073, -1.6595031425822526, -0.6768172383308411
81, 0.2785991281270981, -1.6592270836699754, -0.7224593684077263
82, 0.2635769248008728, -1.659057085053064, -0.7719839587807655
83, 0.2585045099258423, -1.658999680657871, -0.823487828505364
84, 0.263576865196228, -1.6590570764383301, -0.8749917037785053
85, 0.27859899401664734, -1.6592270624823868, -0.9245163127779961
86, 0.30299365520477295, -1.6595031120814383, -0.9701584577560425
87, 0.33582332730293274, -1.6598746145609766, -1.0101641565561295
88, 0.3758264482021332, -1.6603272901847959, -1.04299595952034
89, 0.4214656576514244, -1.6608437581453472, -1.067392185330391
90, 0.47098708152770996, -1.6614041458815336, -1.0824153423309326
91, 0.522487655729492, -1.6619869349524379, -1.0874880254268646
92, 0.5739882290363312, -1.6625697230920196, -1.0824153423309326
93, 0.6235096603631973, -1.6631301119923592, -1.0673922151327133
94, 0.6691488772630692, -1.663646575063467, -1.04299595952034
95, 0.7091519683599472, -1.6640992579050362, -1.0101641565561295
96, 0.7419816702604294, -1.6644707722589374, -0.9701584577560425
97, 0.7663763016462326, -1.6647468265146017, -0.9245163127779961
98, 0.7813984453678131, -1.6649168245494366, -0.8749917335808277
99, 0.7864708006381989, -1.6649742284789681, -0.8234878917052058
100, 0.7813983857631683, -1.6649168324656785, -0.771984051913023
101, 0.7663761973381042, -1.664746843278408, -0.7224594801664352
102, 0.741981565952301, -1.6644707936793566, -0.676817387342453
103, 0.7091518491506577, -1.664099290035665, -0.6368117332458496
104, 0.6691487431526184, -1.6636466081254184, -0.6039799600839615
105, 0.6235095486044884, -1.6631301599554718, -0.5795837640762329
106, 0.5739881247282028, -1.662569765932858, -0.5645606517791748
107, 0.47080709785223007, -1.6773388758301735, -0.56456059217453
108, 0.522307250124868, -1.6779216602444649, -0.5594879686832428
109, 0.42128564417362213, -1.6767784785479307, -0.5795836597681046
110, 0.3756463825702667, -1.676262017339468, -0.6039798557758331
111, 0.3356432616710663, -1.675809333100915, -0.6368116289377213
112, 0.3028135150671005, -1.675437819212675, -0.6768172532320023
113, 0.27841880917549133, -1.6751617603003979, -0.7224593758583069
114, 0.26339659094810486, -1.6749917641282082, -0.7719839625060558
115, 0.25832420587539673, -1.6749343611299992, -0.8234878295240833
116, 0.2633965313434601, -1.6749917566776276, -0.8749917037785053
117, 0.2784186601638794, -1.6751617453992367, -0.9245163127779961
118, 0.3028133362531662, -1.6754377949982882, -0.9701584577560425
119, 0.3356430232524872, -1.6758092977106571, -1.0101641565561295
120, 0.37564612925052643, -1.6762619726359844, -1.04299595952034
121, 0.42128533869981766, -1.6767784301191568, -1.0673922002315521
122, 0.4708067625761032, -1.6773388292640448, -1.0824153423309326
123, 0.5223073365050368, -1.6779216062277555, -1.0874880254268646
124, 0.5738079100847244, -1.6785044055432081, -1.0824153423309326
125, 0.6233293414115906, -1.6790647953748703, -1.0673922151327133
126, 0.6689685583114624, -1.6795812584459782, -1.04299595952034
127, 0.7089716494083405, -1.680033940821886, -1.0101641416549683
128, 0.7418013364076614, -1.6804054491221905, -0.9701584726572037
129, 0.7661959826946259, -1.6806815080344677, -0.9245163127779961
130, 0.7812181413173676, -1.6808515042066574, -0.8749917335808277
131, 0.7862904667854309, -1.6809089090675116, -0.8234878928885578
132, 0.7812180519104004, -1.680851511657238, -0.7719840556383133
133, 0.7661958783864975, -1.6806815266609192, -0.7224594801664352
134, 0.7418012470006943, -1.6804054770618677, -0.676817387342453
135, 0.7089715301990509, -1.6800339724868536, -0.6368117332458496
136, 0.6689684242010117, -1.6795812901109457, -0.6039799600839615
137, 0.6233292296528816, -1.6790648326277733, -0.5795837789773941
138, 0.5738078057765961, -1.6785044483840466, -0.5645606517791748

Triangles, 268
Triangle:, Side1:, Side2:, Side3:
1, 1, 4, 3
2, 1, 3, 2
3, 36, 5, 37
4, 36, 35, 37
5, 35, 34, 37
6, 34, 33, 37
7, 33, 32, 37
8, 32, 31, 37
9, 31, 30, 37
10, 30, 29, 37
11, 29, 28, 37
12, 28, 27, 37
13, 27, 26, 37
14, 26, 25, 37
15, 25, 24, 37
16, 24, 23, 37
17, 23, 22, 37
18, 22, 21, 37
19, 21, 20, 37
20, 20, 19, 37
21, 19, 18, 37
22, 18, 17, 37
23, 17, 16, 37
24, 16, 15, 37
25, 15, 14, 37
26, 14, 13, 37
27, 13, 12, 37
28, 12, 11, 37
29, 11, 10, 37
30, 10, 9, 37
31, 9, 8, 37
32, 8, 7, 37
33, 7, 6, 37
34, 6, 5, 37
35, 3, 4, 71
36, 3, 71, 72
37, 4, 1, 74
38, 4, 74, 71
39, 1, 2, 73
40, 1, 73, 74
41, 2, 3, 72
42, 2, 72, 73
43, 72, 71, 74
44, 72, 74, 73
45, 38, 70, 39
46, 38, 40, 39
47, 38, 41, 40
48, 38, 42, 41
49, 38, 43, 42
50, 38, 44, 43
51, 38, 45, 44
52, 38, 46, 45
53, 38, 47, 46
54, 38, 48, 47
55, 38, 49, 48
56, 38, 50, 49
57, 38, 51, 50
58, 38, 52, 51
59, 38, 53, 52
60, 38, 54, 53
61, 38, 55, 54
62, 38, 56, 55
63, 38, 57, 56
64, 38, 58, 57
65, 38, 59, 58
66, 38, 60, 59
67, 38, 61, 60
68, 38, 62, 61
69, 38, 63, 62
70, 38, 64, 63
71, 38, 65, 64
72, 38, 66, 65
73, 38, 67, 66
74, 38, 68, 67
75, 38, 69, 68
76, 38, 70, 69
77, 36, 75, 76
78, 36, 76, 5
79, 36, 75, 77
80, 36, 77, 35
81, 35, 77, 78
82, 35, 78, 34
83, 34, 78, 79
84, 34, 79, 33
85, 33, 79, 80
86, 33, 80, 32
87, 32, 80, 81
88, 32, 81, 31
89, 31, 81, 82
90, 31, 82, 30
91, 30, 82, 83
92, 30, 83, 29
93, 29, 83, 84
94, 29, 84, 28
95, 28, 84, 85
96, 28, 85, 27
97, 27, 85, 86
98, 27, 86, 26
99, 26, 86, 87
100, 26, 87, 25
101, 25, 87, 88
102, 25, 88, 24
103, 24, 88, 89
104, 24, 89, 23
105, 23, 89, 90
106, 23, 90, 22
107, 22, 90, 91
108, 22, 91, 21
109, 21, 91, 92
110, 21, 92, 20
111, 20, 92, 93
112, 20, 93, 19
113, 19, 93, 94
114, 19, 94, 18
115, 18, 94, 95
116, 18, 95, 17
117, 17, 95, 96
118, 17, 96, 16
119, 16, 96, 97
120, 16, 97, 15
121, 15, 97, 98
122, 15, 98, 14
123, 14, 98, 99
124, 14, 99, 13
125, 13, 99, 100
126, 13, 100, 12
127, 12, 100, 101
128, 12, 101, 11
129, 11, 101, 102
130, 11, 102, 10
131, 10, 102, 103
132, 10, 103, 9
133, 9, 103, 104
134, 9, 104, 8
135, 8, 104, 105
136, 8, 105, 7
137, 7, 105, 106
138, 7, 106, 6
139, 6, 106, 76
140, 6, 76, 5
141, 75, 107, 108
142, 75, 108, 76
143, 107, 39, 70
144, 107, 70, 108
145, 75, 107, 109
146, 75, 109, 77
147, 107, 39, 40
148, 107, 40, 109
149, 77, 109, 110
150, 77, 110, 78
151, 109, 40, 41
152, 109, 41, 110
153, 78, 110, 111
154, 78, 111, 79
155, 110, 41, 42
156, 110, 42, 111
157, 79, 111, 112
158, 79, 112, 80
159, 111, 42, 43
160, 111, 43, 112
161, 80, 112, 113
162, 80, 113, 81
163, 112, 43, 44
164, 112, 44, 113
165, 81, 113, 114
166, 81, 114, 82
167, 113, 44, 45
168, 113, 45, 114
169, 82, 114, 115
170, 82, 115, 83
171, 114, 45, 46
172, 114, 46, 115
173, 83, 115, 116
174, 83, 116, 84
175, 115, 46, 47
176, 115, 47, 116
177, 84, 116, 117
178, 84, 117, 85
179, 116, 47, 48
180, 116, 48, 117
181, 85, 117, 118
182, 85, 118, 86
183, 117, 48, 49
184, 117, 49, 118
185, 86, 118, 119
186, 86, 119, 87
187, 118, 49, 50
188, 118, 50, 119
189, 87, 119, 120
190, 87, 120, 88
191, 119, 50, 51
192, 119, 51, 120
193, 88, 120, 121
194, 88, 121, 89
195, 120, 51, 52
196, 120, 52, 121
197, 89, 121, 122
198, 89, 122, 90
199, 121, 52, 53
200, 121, 53, 122
201, 90, 122, 123
202, 90, 123, 91
203, 122, 53, 54
204, 122, 54, 123
205, 91, 123, 124
206, 91, 124, 92
207, 123, 54, 55
208, 123, 55, 124
209, 92, 124, 125
210, 92, 125, 93
211, 124, 55, 56
212, 124, 56, 125
213, 93, 125, 126
214, 93, 126, 94
215, 125, 56, 57
216, 125, 57, 126
217, 94, 126, 127
218, 94, 127, 95
219, 126, 57, 58
220, 126, 58, 127
221, 95, 127, 128
222, 95, 128, 96
223, 127, 58, 59
224, 127, 59, 128
225, 96, 128, 129
226, 96, 129, 97
227, 128, 59, 60
228, 128, 60, 129
229, 97, 129, 130
230, 97, 130, 98
231, 129, 60, 61
232, 129, 61, 130
233, 98, 130, 131
234, 98, 131, 99
235, 130, 61, 62
236, 130, 62, 131
237, 99, 131, 132
238, 99, 132, 100
239, 131, 62, 63
240, 131, 63, 132
241, 100, 132, 133
242, 100, 133, 101
243, 132, 63, 64
244, 132, 64, 133
245, 101, 133, 134
246, 101, 134, 102
247, 133, 64, 65
248, 133, 65, 134
249, 102, 134, 135
250, 102, 135, 103
251, 134, 65, 66
252, 134, 66, 135
253, 103, 135, 136
254, 103, 136, 104
255, 135, 66, 67
256, 135, 67, 136
257, 104, 136, 137
258, 104, 137, 105
259, 136, 67, 68
260, 136, 68, 137
261, 105, 137, 138
262, 105, 138, 106
263, 137, 68, 69
264, 137, 69, 138
265, 106, 138, 108
266, 106, 108, 76
267, 138, 69, 70
268, 138, 70, 108

Colors, 268
Triangle:, Red:, Green:, Blue:
1, 1, 1, 1
2, 1, 1, 1
3, 1, 1, 1
4, 1, 1, 1
5, 1, 1, 1
6, 1, 1, 1
7, 1, 1, 1
8, 1, 1, 1
9, 1, 1, 1
10, 1, 1, 1
11, 1, 1, 1
12, 1, 1, 1
13, 1, 1, 1
14, 1, 1, 1
15, 1, 1, 1
16, 1, 1, 1
17, 1, 1, 1
18, 1, 1, 1
19, 1, 1, 1
20, 1, 1, 1
21, 1, 1, 1
22, 1, 1, 1
23, 1, 1, 1
24, 1, 1, 1
25, 1, 1, 1
26, 1, 1, 1
27, 1, 1, 1
28, 1, 1, 1
29, 1, 1, 1
30, 1, 1, 1
31, 1, 1, 1
32, 1, 1, 1
33, 1, 1, 1
34, 1, 1, 1
35, 1, 1, 1
36, 1, 1, 1
37, 1, 1, 1
38, 1, 1, 1
39, 1, 1, 1
40, 1, 1, 1
41, 1, 1, 1
42, 1, 1, 1
43, 1, 1, 1
44, 1, 1, 1
45, 1, 1, 1
46, 1, 1, 1
47, 1, 1, 1
48, 1, 1, 1
49, 1, 1, 1
50, 1, 1, 1
51, 1, 1, 1
52, 1, 1, 1
53, 1, 1, 1
54, 1, 1, 1
55, 1, 1, 1
56, 1, 1, 1
57, 1, 1, 1
58, 1, 1, 1
59, 1, 1, 1
60, 1, 1, 1
61, 1, 1, 1
62, 1, 1, 1
63, 1, 1, 1
64, 1, 1, 1
65, 1, 1, 1
66, 1, 1, 1
67, 1, 1, 1
68, 1, 1, 1
69, 1, 1, 1
70, 1, 1, 1
71, 1, 1, 1
72, 1, 1, 1
73, 1, 1, 1
74, 1, 1, 1
75, 1, 1, 1
76, 1, 1, 1
77, 1, 1, 1
78, 1, 1, 1
79, 1, 1, 1
80, 1, 1, 1
81, 1, 1, 1
82, 1, 1, 1
83, 1, 1, 1
84, 1, 1, 1
85, 1, 1, 1
86, 1, 1, 1
87, 1, 1, 1
88, 1, 1, 1
89, 1, 1, 1
90, 1, 1, 1
91, 1, 1, 1
92, 1, 1, 1
93, 1, 1, 1
94, 1, 1, 1
95, 1, 1, 1
96, 1, 1, 1
97, 1, 1, 1
98, 1, 1, 1
99, 1, 1, 1
100, 1, 1, 1
101, 1, 1, 1
102, 1, 1, 1
103, 1, 1, 1
104, 1, 1, 1
105, 1, 1, 1
106, 1, 1, 1
107, 1, 1, 1
108, 1, 1, 1
109, 1, 1, 1
110, 1, 1, 1
111, 1, 1, 1
112, 1, 1, 1
113, 1, 1, 1
114, 1, 1, 1
115, 1, 1, 1
116, 1, 1, 1
117, 1, 1, 1
118, 1, 1, 1
119, 1, 1, 1
120, 1, 1, 1
121, 1, 1, 1
122, 1, 1, 1
123, 1, 1, 1
124, 1, 1, 1
125, 1, 1, 1
126, 1, 1, 1
127, 1, 1, 1
128, 1, 1, 1
129, 1, 1, 1
130, 1, 1, 1
131, 1, 1, 1
132, 1, 1, 1
133, 1, 1, 1
134, 1, 1, 1
135, 1, 1, 1
136, 1, 1, 1
137, 1, 1, 1
138, 1, 1, 1
139, 1, 1, 1
140, 1, 1, 1
141, 1, 1, 1
142, 1, 1, 1
143, 1, 1, 1
144, 1, 1, 1
145, 1, 1, 1
146, 1, 1, 1
147, 1, 1, 1
148, 1, 1, 1
149, 1, 1, 1
150, 1, 1, 1
151, 1, 1, 1
152, 1, 1, 1
153, 1, 1, 1
154, 1, 1, 1
155, 1, 1, 1
156, 1, 1, 1
157, 1, 1, 1
158, 1, 1, 1
159, 1, 1, 1
160, 1, 1, 1
161, 1, 1, 1
162, 1, 1, 1
163, 1, 1, 1
164, 1, 1, 1
165, 1, 1, 1
166, 1, 1, 1
167, 1, 1, 1
168, 1, 1, 1
169, 1, 1, 1
170, 1, 1, 1
171, 1, 1, 1
172, 1, 1, 1
173, 1, 1, 1
174, 1, 1, 1
175, 1, 1, 1
176, 1, 1, 1
177, 1, 1, 1
178, 1, 1, 1
179, 1, 1, 1
180, 1, 1, 1
181, 1, 1, 1
182, 1, 1, 1
183, 1, 1, 1
184, 1, 1, 1
185, 1, 1, 1
186, 1, 1, 1
187, 1, 1, 1
188, 1, 1, 1
189, 1, 1, 1
190, 1, 1, 1
191, 1, 1, 1
192, 1, 1, 1
193, 1, 1, 1
194, 1, 1, 1
195, 1, 1, 1
196, 1, 1, 1
197, 1, 1, 1
198, 1, 1, 1
199, 1, 1, 1
200, 1, 1, 1
201, 1, 1, 1
202, 1, 1, 1
203, 1, 1, 1
204, 1, 1, 1
205, 1, 1, 1
206, 1, 1, 1
207, 1, 1, 1
208, 1, 1, 1
209, 1, 1, 1
210, 1, 1, 1
211, 1, 1, 1
212, 1, 1, 1
213, 1, 1, 1
214, 1, 1, 1
215, 1, 1, 1
216, 1, 1, 1
217, 1, 1, 1
218, 1, 1, 1
219, 1, 1, 1
220, 1, 1, 1
221, 1, 1, 1
222, 1, 1, 1
223, 1, 1, 1
224, 1, 1, 1
225, 1, 1, 1
226, 1, 1, 1
227, 1, 1, 1
228, 1, 1, 1
229, 1, 1, 1
230, 1, 1, 1
231, 1, 1, 1
232, 1, 1, 1
233, 1, 1, 1
234, 1, 1, 1
235, 1, 1, 1
236, 1, 1, 1
237, 1, 1, 1
238, 1, 1, 1
239, 1, 1, 1
240, 1, 1, 1
241, 1, 1, 1
242, 1, 1, 1
243, 1, 1, 1
244, 1, 1, 1
245, 1, 1, 1
246, 1, 1, 1
247, 1, 1, 1
248, 1, 1, 1
249, 1, 1, 1
250, 1, 1, 1
251, 1, 1, 1
252, 1, 1, 1
253, 1, 1, 1
254, 1, 1, 1
255, 1, 1, 1
256, 1, 1, 1
257, 1, 1, 1
258, 1, 1, 1
259, 1, 1, 1
260, 1, 1, 1
261, 1, 1, 1
262, 1, 1, 1
263, 1, 1, 1
264, 1, 1, 1
265, 1, 1, 1
266, 1, 1, 1
267, 1, 1, 1
268, 1, 1, 1
