Objects, 1
Object:, First Vertice:, Vertices:, First Triangle:, Triangles:
Plane.005, 1, 654, 1, 986

Vertices, 654
Vertice:, X:, Y:, Z:
1, -0.011709392070770264, -1.6453315019607544, -1.174795389175415
2, -0.01202462613582611, -1.8864538669586182, -1.174795389175415
3, -0.0031468570232391357, -1.6453315019607544, -1.174795389175415
4, -0.012339890003204346, -1.6453315019607544, -1.174795389175415
5, -0.020902395248413086, -1.6453315019607544, -1.174795389175415
6, -0.011709392070770264, -1.6275759935379028, -1.174795389175415
7, -0.01112210750579834, -1.6275759935379028, -1.174795389175415
8, -0.012024655938148499, -1.3864538669586182, -1.174795389175415
9, -0.012339890003204346, -1.6275759935379028, -1.174795389175415
10, -0.0031468868255615234, -1.6275759935379028, -1.174795389175415
11, 0.2379753440618515, -1.6364537477493286, -1.174795389175415
12, -0.020902425050735474, -1.6275759935379028, -1.174795389175415
13, -0.2620246410369873, -1.6364537477493286, -1.174795389175415
14, -0.0031468570232391357, -1.6453315019607544, -1.1786147356033325
15, -0.01202462613582611, -1.8864538669586182, -1.1786147356033325
16, -0.011709392070770264, -1.6453315019607544, -1.1786147356033325
17, -0.020902395248413086, -1.6453315019607544, -1.1786147356033325
18, -0.012339890003204346, -1.6453315019607544, -1.1786147356033325
19, -0.012024655938148499, -1.3864538669586182, -1.1786147356033325
20, -0.01112210750579834, -1.6275759935379028, -1.1786147356033325
21, -0.011709392070770264, -1.6275759935379028, -1.1786147356033325
22, -0.012339890003204346, -1.6275759935379028, -1.1786147356033325
23, -0.0031468868255615234, -1.6275759935379028, -1.1786147356033325
24, 0.2379753440618515, -1.6364537477493286, -1.1786147356033325
25, -0.2620246410369873, -1.6364537477493286, -1.1786147356033325
26, -0.020902425050735474, -1.6275759935379028, -1.1786147356033325
27, 0.07948392629623413, -1.802484154701233, -1.1758670806884766
28, 0.07226523756980896, -1.8656015396118164, -1.1758670806884766
29, 0.07948394119739532, -1.8656015396118164, -1.1758670806884766
30, 0.07096957415342331, -1.8510714769363403, -1.1758670806884766
31, 0.0295083150267601, -1.8167364597320557, -1.1758670806884766
32, 0.020993955433368683, -1.8656015396118164, -1.1758670806884766
33, 0.029508322477340698, -1.8656015396118164, -1.1758670806884766
34, 0.020993947982788086, -1.802484154701233, -1.1758670806884766
35, 0.07096956670284271, -1.802484154701233, -1.1758670806884766
36, 0.02876792848110199, -1.802484154701233, -1.1758670806884766
37, 0.07226523756980896, -1.8656015396118164, -1.1832709312438965
38, 0.07948392629623413, -1.802484154701233, -1.1832709312438965
39, 0.07948394119739532, -1.8656015396118164, -1.1832709312438965
40, 0.07096957415342331, -1.8510714769363403, -1.1832709312438965
41, 0.0295083150267601, -1.8167364597320557, -1.1832709312438965
42, 0.020993955433368683, -1.8656015396118164, -1.1832709312438965
43, 0.029508322477340698, -1.8656015396118164, -1.1832709312438965
44, 0.020993947982788086, -1.802484154701233, -1.1832709312438965
45, 0.07096956670284271, -1.802484154701233, -1.1832709312438965
46, 0.02876792848110199, -1.802484154701233, -1.1832709312438965
47, -0.06099703907966614, -1.4015477895736694, -1.1757289171218872
48, -0.056664109230041504, -1.4014348983764648, -1.1757289171218872
49, -0.05796387791633606, -1.4014016389846802, -1.1757289171218872
50, -0.055365726351737976, -1.4015350341796875, -1.1757289171218872
51, -0.0540701262652874, -1.4017016887664795, -1.1757289171218872
52, -0.06383749097585678, -1.4019789695739746, -1.1757289171218872
53, -0.0527786910533905, -1.4019348621368408, -1.1757289171218872
54, -0.05149281024932861, -1.4022349119186401, -1.1757289171218872
55, -0.06647168844938278, -1.4026843309402466, -1.1757289171218872
56, -0.050213877111673355, -1.402601718902588, -1.1757289171218872
57, -0.04894327372312546, -1.403035044670105, -1.1757289171218872
58, -0.06888610124588013, -1.4036533832550049, -1.1757289171218872
59, -0.047682397067546844, -1.4035348892211914, -1.1757289171218872
60, -0.046432625502347946, -1.4041014909744263, -1.1757289171218872
61, -0.07106717675924301, -1.4048751592636108, -1.1757289171218872
62, -0.045195359736680984, -1.4047349691390991, -1.1757289171218872
63, -0.04397197812795639, -1.4054348468780518, -1.1757289171218872
64, -0.07300137728452682, -1.406339168548584, -1.1757289171218872
65, -0.04276387766003609, -1.4062014818191528, -1.1757289171218872
66, -0.05876387655735016, -1.4102015495300293, -1.1757289171218872
67, -0.057593509554862976, -1.4102362394332886, -1.1757289171218872
68, -0.05638424679636955, -1.4103455543518066, -1.1757289171218872
69, -0.055138878524303436, -1.410537600517273, -1.1757289171218872
70, -0.053860172629356384, -1.4108200073242188, -1.1757289171218872
71, -0.05255091190338135, -1.4112013578414917, -1.1757289171218872
72, -0.05121387541294098, -1.4116891622543335, -1.1757289171218872
73, -0.04985183849930763, -1.412291407585144, -1.1757289171218872
74, -0.04846758022904396, -1.413016438484192, -1.1757289171218872
75, -0.04706387594342232, -1.4138720035552979, -1.1757289171218872
76, -0.045643504709005356, -1.4148658514022827, -1.1757289171218872
77, -0.04420924931764603, -1.4160064458847046, -1.1757289171218872
78, -0.04276387766003609, -1.4173015356063843, -1.1757289171218872
79, -0.07467516511678696, -1.4080342054367065, -1.1757289171218872
80, -0.0760749876499176, -1.409949779510498, -1.1757289171218872
81, -0.07718731462955475, -1.4120749235153198, -1.1757289171218872
82, -0.060299813747406006, -1.4102693796157837, -1.1757289171218872
83, -0.06175138056278229, -1.410468339920044, -1.1757289171218872
84, -0.06310918927192688, -1.4107921123504639, -1.1757289171218872
85, -0.06436388194561005, -1.4112348556518555, -1.1757289171218872
86, -0.06550606340169907, -1.411790132522583, -1.1757289171218872
87, -0.0665263757109642, -1.4124515056610107, -1.1757289171218872
88, -0.07799860090017319, -1.4143993854522705, -1.1757289171218872
89, -0.06741543859243393, -1.4132131338119507, -1.1757289171218872
90, -0.06816387921571732, -1.4140682220458984, -1.1757289171218872
91, -0.06876231729984283, -1.415010929107666, -1.1757289171218872
92, -0.07849530130624771, -1.4169118404388428, -1.1757289171218872
93, -0.06920138001441956, -1.4160348176956177, -1.1757289171218872
94, -0.06947168707847595, -1.4171338081359863, -1.1757289171218872
95, -0.07866387814283371, -1.419601559638977, -1.1757289171218872
96, -0.06956388056278229, -1.4183017015457153, -1.1757289171218872
97, -0.06898343563079834, -1.4213199615478516, -1.1757289171218872
98, -0.07808344066143036, -1.423937439918518, -1.1757289171218872
99, -0.0673786923289299, -1.4239062070846558, -1.1757289171218872
100, -0.06495450437068939, -1.4261828660964966, -1.1757289171218872
101, -0.07647868990898132, -1.4276635646820068, -1.1757289171218872
102, -0.06191572919487953, -1.4282718896865845, -1.1757289171218872
103, -0.07405450195074081, -1.4308828115463257, -1.1757289171218872
104, -0.058467231690883636, -1.4302958250045776, -1.1757289171218872
105, -0.05481387674808502, -1.432376503944397, -1.1757289171218872
106, -0.07101573050022125, -1.4336978197097778, -1.1757289171218872
107, -0.05116052180528641, -1.4346365928649902, -1.1757289171218872
108, -0.06756723672151566, -1.4362114667892456, -1.1757289171218872
109, -0.04771202430129051, -1.4371978044509888, -1.1757289171218872
110, -0.06391388177871704, -1.4385265111923218, -1.1757289171218872
111, -0.04467325285077095, -1.4401829242706299, -1.1757289171218872
112, -0.06026051938533783, -1.4407457113265991, -1.1757289171218872
113, -0.04224906116724014, -1.4437135457992554, -1.1757289171218872
114, -0.05681202560663223, -1.44297194480896, -1.1757289171218872
115, -0.05377325415611267, -1.445307731628418, -1.1757289171218872
116, -0.040644317865371704, -1.4479124546051025, -1.1757289171218872
117, -0.05134906247258186, -1.4478561878204346, -1.1757289171218872
118, -0.049744319170713425, -1.450719952583313, -1.1757289171218872
119, -0.040063876658678055, -1.4529016017913818, -1.1757289171218872
120, -0.049163877964019775, -1.454001545906067, -1.1757289171218872
121, -0.07826387882232666, -1.4651015996932983, -1.1757289171218872
122, -0.07698731869459152, -1.4542407989501953, -1.1757289171218872
123, -0.07826387882232666, -1.4527015686035156, -1.1757289171218872
124, -0.040229618549346924, -1.45551335811615, -1.1757289171218872
125, -0.049237143248319626, -1.454969048500061, -1.1757289171218872
126, -0.07565971463918686, -1.4556571245193481, -1.1757289171218872
127, -0.04945832118391991, -1.4559580087661743, -1.1757289171218872
128, -0.0407148040831089, -1.4579871892929077, -1.1757289171218872
129, -0.07428418844938278, -1.4569483995437622, -1.1757289171218872
130, -0.049829501658678055, -1.4569483995437622, -1.1757289171218872
131, -0.0728638768196106, -1.4581125974655151, -1.1757289171218872
132, -0.05035276710987091, -1.4579200744628906, -1.1757289171218872
133, -0.051030196249485016, -1.458852767944336, -1.1757289171218872
134, -0.041501376777887344, -1.4603062868118286, -1.1757289171218872
135, -0.07140190154314041, -1.4591476917266846, -1.1757289171218872
136, -0.05186387896537781, -1.4597266912460327, -1.1757289171218872
137, -0.06990137696266174, -1.4600516557693481, -1.1757289171218872
138, -0.05285589396953583, -1.4605211019515991, -1.1757289171218872
139, -0.0683654397726059, -1.4608219861984253, -1.1757289171218872
140, -0.042571283876895905, -1.4624533653259277, -1.1757289171218872
141, -0.05400831997394562, -1.4612163305282593, -1.1757289171218872
142, -0.06679721176624298, -1.4614572525024414, -1.1757289171218872
143, -0.05532325059175491, -1.461792230606079, -1.1757289171218872
144, -0.06519981473684311, -1.4619547128677368, -1.1757289171218872
145, -0.056802764534950256, -1.462228536605835, -1.1757289171218872
146, -0.06357637792825699, -1.4623128175735474, -1.1757289171218872
147, -0.058448947966098785, -1.4625048637390137, -1.1757289171218872
148, -0.06193002313375473, -1.462528944015503, -1.1757289171218872
149, -0.04390646889805794, -1.4644116163253784, -1.1757289171218872
150, -0.06026387959718704, -1.4626015424728394, -1.1757289171218872
151, -0.0454888753592968, -1.466163992881775, -1.1757289171218872
152, -0.07683198899030685, -1.4661288261413574, -1.1757289171218872
153, -0.07538378238677979, -1.4670612812042236, -1.1757289171218872
154, -0.04730045050382614, -1.4676934480667114, -1.1757289171218872
155, -0.07391543686389923, -1.4679001569747925, -1.1757289171218872
156, -0.04932313412427902, -1.4689830541610718, -1.1757289171218872
157, -0.07242313772439957, -1.4686460494995117, -1.1757289171218872
158, -0.07090305536985397, -1.4693002700805664, -1.1757289171218872
159, -0.05153887718915939, -1.4700156450271606, -1.1757289171218872
160, -0.06935137510299683, -1.4698641300201416, -1.1757289171218872
161, -0.0677642822265625, -1.470338225364685, -1.1757289171218872
162, -0.05392961949110031, -1.4707742929458618, -1.1757289171218872
163, -0.06613795459270477, -1.4707237482070923, -1.1757289171218872
164, -0.06446856260299683, -1.4710218906402588, -1.1757289171218872
165, -0.05647730082273483, -1.47124183177948, -1.1757289171218872
166, -0.06275230646133423, -1.4712334871292114, -1.1757289171218872
167, -0.060985349118709564, -1.4713597297668457, -1.1757289171218872
168, -0.05916387587785721, -1.471401572227478, -1.1757289171218872
169, -0.056664109230041504, -1.4014348983764648, -1.1777290105819702
170, -0.06099703907966614, -1.4015477895736694, -1.1777290105819702
171, -0.05796387791633606, -1.4014016389846802, -1.1777290105819702
172, -0.055365726351737976, -1.4015350341796875, -1.1777290105819702
173, -0.0540701262652874, -1.4017016887664795, -1.1777290105819702
174, -0.06383749097585678, -1.4019789695739746, -1.1777290105819702
175, -0.0527786910533905, -1.4019348621368408, -1.1777290105819702
176, -0.05149281024932861, -1.4022349119186401, -1.1777290105819702
177, -0.06647168844938278, -1.4026843309402466, -1.1777290105819702
178, -0.050213877111673355, -1.402601718902588, -1.1777290105819702
179, -0.04894327372312546, -1.403035044670105, -1.1777290105819702
180, -0.06888610124588013, -1.4036533832550049, -1.1777290105819702
181, -0.047682397067546844, -1.4035348892211914, -1.1777290105819702
182, -0.046432625502347946, -1.4041014909744263, -1.1777290105819702
183, -0.07106717675924301, -1.4048751592636108, -1.1777290105819702
184, -0.045195359736680984, -1.4047349691390991, -1.1777290105819702
185, -0.04397197812795639, -1.4054348468780518, -1.1777290105819702
186, -0.07300137728452682, -1.406339168548584, -1.1777290105819702
187, -0.04276387766003609, -1.4062014818191528, -1.1777290105819702
188, -0.05876387655735016, -1.4102015495300293, -1.1777290105819702
189, -0.057593509554862976, -1.4102362394332886, -1.1777290105819702
190, -0.05638424679636955, -1.4103455543518066, -1.1777290105819702
191, -0.055138878524303436, -1.410537600517273, -1.1777290105819702
192, -0.053860172629356384, -1.4108200073242188, -1.1777290105819702
193, -0.05255091190338135, -1.4112013578414917, -1.1777290105819702
194, -0.05121387541294098, -1.4116891622543335, -1.1777290105819702
195, -0.04985183849930763, -1.412291407585144, -1.1777290105819702
196, -0.04846758022904396, -1.413016438484192, -1.1777290105819702
197, -0.04706387594342232, -1.4138720035552979, -1.1777290105819702
198, -0.045643504709005356, -1.4148658514022827, -1.1777290105819702
199, -0.04420924931764603, -1.4160064458847046, -1.1777290105819702
200, -0.04276387766003609, -1.4173015356063843, -1.1777290105819702
201, -0.07467516511678696, -1.4080342054367065, -1.1777290105819702
202, -0.0760749876499176, -1.409949779510498, -1.1777290105819702
203, -0.060299813747406006, -1.4102693796157837, -1.1777290105819702
204, -0.07718731462955475, -1.4120749235153198, -1.1777290105819702
205, -0.06175138056278229, -1.410468339920044, -1.1777290105819702
206, -0.06310918927192688, -1.4107921123504639, -1.1777290105819702
207, -0.06436388194561005, -1.4112348556518555, -1.1777290105819702
208, -0.06550606340169907, -1.411790132522583, -1.1777290105819702
209, -0.0665263757109642, -1.4124515056610107, -1.1777290105819702
210, -0.07799860090017319, -1.4143993854522705, -1.1777290105819702
211, -0.06741543859243393, -1.4132131338119507, -1.1777290105819702
212, -0.06816387921571732, -1.4140682220458984, -1.1777290105819702
213, -0.06876231729984283, -1.415010929107666, -1.1777290105819702
214, -0.07849530130624771, -1.4169118404388428, -1.1777290105819702
215, -0.06920138001441956, -1.4160348176956177, -1.1777290105819702
216, -0.06947168707847595, -1.4171338081359863, -1.1777290105819702
217, -0.07866387814283371, -1.419601559638977, -1.1777290105819702
218, -0.06956388056278229, -1.4183017015457153, -1.1777290105819702
219, -0.06898343563079834, -1.4213199615478516, -1.1777290105819702
220, -0.07808344066143036, -1.423937439918518, -1.1777290105819702
221, -0.0673786923289299, -1.4239062070846558, -1.1777290105819702
222, -0.06495450437068939, -1.4261828660964966, -1.1777290105819702
223, -0.07647868990898132, -1.4276635646820068, -1.1777290105819702
224, -0.06191572919487953, -1.4282718896865845, -1.1777290105819702
225, -0.07405450195074081, -1.4308828115463257, -1.1777290105819702
226, -0.058467231690883636, -1.4302958250045776, -1.1777290105819702
227, -0.05481387674808502, -1.432376503944397, -1.1777290105819702
228, -0.07101573050022125, -1.4336978197097778, -1.1777290105819702
229, -0.05116052180528641, -1.4346365928649902, -1.1777290105819702
230, -0.06756723672151566, -1.4362114667892456, -1.1777290105819702
231, -0.04771202430129051, -1.4371978044509888, -1.1777290105819702
232, -0.06391388177871704, -1.4385265111923218, -1.1777290105819702
233, -0.04467325285077095, -1.4401829242706299, -1.1777290105819702
234, -0.06026051938533783, -1.4407457113265991, -1.1777290105819702
235, -0.04224906116724014, -1.4437135457992554, -1.1777290105819702
236, -0.05681202560663223, -1.44297194480896, -1.1777290105819702
237, -0.05377325415611267, -1.445307731628418, -1.1777290105819702
238, -0.040644317865371704, -1.4479124546051025, -1.1777290105819702
239, -0.05134906247258186, -1.4478561878204346, -1.1777290105819702
240, -0.049744319170713425, -1.450719952583313, -1.1777290105819702
241, -0.040063876658678055, -1.4529016017913818, -1.1777290105819702
242, -0.049163877964019775, -1.454001545906067, -1.1777290105819702
243, -0.07698731869459152, -1.4542407989501953, -1.1777290105819702
244, -0.07826387882232666, -1.4651015996932983, -1.1777290105819702
245, -0.07826387882232666, -1.4527015686035156, -1.1777290105819702
246, -0.040229618549346924, -1.45551335811615, -1.1777290105819702
247, -0.049237143248319626, -1.454969048500061, -1.1777290105819702
248, -0.07565971463918686, -1.4556571245193481, -1.1777290105819702
249, -0.04945832118391991, -1.4559580087661743, -1.1777290105819702
250, -0.0407148040831089, -1.4579871892929077, -1.1777290105819702
251, -0.07428418844938278, -1.4569483995437622, -1.1777290105819702
252, -0.049829501658678055, -1.4569483995437622, -1.1777290105819702
253, -0.0728638768196106, -1.4581125974655151, -1.1777290105819702
254, -0.05035276710987091, -1.4579200744628906, -1.1777290105819702
255, -0.051030196249485016, -1.458852767944336, -1.1777290105819702
256, -0.041501376777887344, -1.4603062868118286, -1.1777290105819702
257, -0.07140190154314041, -1.4591476917266846, -1.1777290105819702
258, -0.05186387896537781, -1.4597266912460327, -1.1777290105819702
259, -0.06990137696266174, -1.4600516557693481, -1.1777290105819702
260, -0.05285589396953583, -1.4605211019515991, -1.1777290105819702
261, -0.0683654397726059, -1.4608219861984253, -1.1777290105819702
262, -0.042571283876895905, -1.4624533653259277, -1.1777290105819702
263, -0.05400831997394562, -1.4612163305282593, -1.1777290105819702
264, -0.06679721176624298, -1.4614572525024414, -1.1777290105819702
265, -0.05532325059175491, -1.461792230606079, -1.1777290105819702
266, -0.06519981473684311, -1.4619547128677368, -1.1777290105819702
267, -0.056802764534950256, -1.462228536605835, -1.1777290105819702
268, -0.06357637792825699, -1.4623128175735474, -1.1777290105819702
269, -0.058448947966098785, -1.4625048637390137, -1.1777290105819702
270, -0.06193002313375473, -1.462528944015503, -1.1777290105819702
271, -0.04390646889805794, -1.4644116163253784, -1.1777290105819702
272, -0.06026387959718704, -1.4626015424728394, -1.1777290105819702
273, -0.0454888753592968, -1.466163992881775, -1.1777290105819702
274, -0.07683198899030685, -1.4661288261413574, -1.1777290105819702
275, -0.07538378238677979, -1.4670612812042236, -1.1777290105819702
276, -0.04730045050382614, -1.4676934480667114, -1.1777290105819702
277, -0.07391543686389923, -1.4679001569747925, -1.1777290105819702
278, -0.04932313412427902, -1.4689830541610718, -1.1777290105819702
279, -0.07242313772439957, -1.4686460494995117, -1.1777290105819702
280, -0.07090305536985397, -1.4693002700805664, -1.1777290105819702
281, -0.05153887718915939, -1.4700156450271606, -1.1777290105819702
282, -0.06935137510299683, -1.4698641300201416, -1.1777290105819702
283, -0.0677642822265625, -1.470338225364685, -1.1777290105819702
284, -0.05392961949110031, -1.4707742929458618, -1.1777290105819702
285, -0.06613795459270477, -1.4707237482070923, -1.1777290105819702
286, -0.06446856260299683, -1.4710218906402588, -1.1777290105819702
287, -0.05647730082273483, -1.47124183177948, -1.1777290105819702
288, -0.06275230646133423, -1.4712334871292114, -1.1777290105819702
289, -0.060985349118709564, -1.4713597297668457, -1.1777290105819702
290, -0.05916387587785721, -1.471401572227478, -1.1777290105819702
291, -0.16251876950263977, -1.7013118267059326, -1.1757287979125977
292, -0.21003876626491547, -1.6934720277786255, -1.1757287979125977
293, -0.2170787751674652, -1.7013118267059326, -1.1757287979125977
294, -0.2170787751674652, -1.6703518629074097, -1.1757287979125977
295, -0.21003876626491547, -1.6703518629074097, -1.1757287979125977
296, -0.19355876743793488, -1.6934720277786255, -1.1757287979125977
297, -0.18651877343654633, -1.6934720277786255, -1.1757287979125977
298, -0.19355876743793488, -1.671151876449585, -1.1757287979125977
299, -0.18651877343654633, -1.671151876449585, -1.1757287979125977
300, -0.16955876350402832, -1.6934720277786255, -1.1757287979125977
301, -0.16955877840518951, -1.669631838798523, -1.1757287979125977
302, -0.16251876950263977, -1.669631838798523, -1.1757287979125977
303, -0.21003876626491547, -1.6934720277786255, -1.1777288913726807
304, -0.16251876950263977, -1.7013118267059326, -1.1777288913726807
305, -0.2170787751674652, -1.7013118267059326, -1.1777288913726807
306, -0.2170787751674652, -1.6703518629074097, -1.1777288913726807
307, -0.21003876626491547, -1.6703518629074097, -1.1777288913726807
308, -0.19355876743793488, -1.6934720277786255, -1.1777288913726807
309, -0.18651877343654633, -1.6934720277786255, -1.1777288913726807
310, -0.19355876743793488, -1.671151876449585, -1.1777288913726807
311, -0.18651877343654633, -1.671151876449585, -1.1777288913726807
312, -0.16955876350402832, -1.6934720277786255, -1.1777288913726807
313, -0.16955877840518951, -1.669631838798523, -1.1777288913726807
314, -0.16251876950263977, -1.669631838798523, -1.1777288913726807
315, 0.14598524570465088, -1.5487661361694336, -1.175728678703308
316, 0.20102524757385254, -1.5345261096954346, -1.175728678703308
317, 0.20102524757385254, -1.526686191558838, -1.175728678703308
318, 0.1634252369403839, -1.5495660305023193, -1.175728678703308
319, 0.20102524757385254, -1.572126030921936, -1.175728678703308
320, 0.20102524757385254, -1.5646860599517822, -1.175728678703308
321, 0.19062525033950806, -1.5683660507202148, -1.175728678703308
322, 0.1634252518415451, -1.5873260498046875, -1.175728678703308
323, 0.20102524757385254, -1.6099661588668823, -1.175728678703308
324, 0.20102524757385254, -1.6022062301635742, -1.175728678703308
325, 0.14598524570465088, -1.5878061056137085, -1.175728678703308
326, 0.14598524570465088, -1.5502861738204956, -1.175728678703308
327, 0.14598524570465088, -1.5862860679626465, -1.175728678703308
328, 0.20102524757385254, -1.5345261096954346, -1.1777287721633911
329, 0.14598524570465088, -1.5487661361694336, -1.1777287721633911
330, 0.20102524757385254, -1.526686191558838, -1.1777287721633911
331, 0.1634252369403839, -1.5495660305023193, -1.1777287721633911
332, 0.20102524757385254, -1.572126030921936, -1.1777287721633911
333, 0.20102524757385254, -1.5646860599517822, -1.1777287721633911
334, 0.19062525033950806, -1.5683660507202148, -1.1777287721633911
335, 0.1634252518415451, -1.5873260498046875, -1.1777287721633911
336, 0.20102524757385254, -1.6099661588668823, -1.1777287721633911
337, 0.20102524757385254, -1.6022062301635742, -1.1777287721633911
338, 0.14598524570465088, -1.5878061056137085, -1.1777287721633911
339, 0.14598524570465088, -1.5502861738204956, -1.1777287721633911
340, 0.14598524570465088, -1.5862860679626465, -1.1777287721633911
341, 0.02876792848110199, -1.802484154701233, -1.1758670806884766
342, 0.07096957415342331, -1.8510714769363403, -1.1758670806884766
343, 0.07096957415342331, -1.8510714769363403, -1.1832709312438965
344, 0.02876792848110199, -1.802484154701233, -1.1832709312438965
345, 0.07096956670284271, -1.802484154701233, -1.1758670806884766
346, 0.07096956670284271, -1.802484154701233, -1.1832709312438965
347, 0.07948392629623413, -1.802484154701233, -1.1758670806884766
348, 0.07948392629623413, -1.802484154701233, -1.1832709312438965
349, 0.07948394119739532, -1.8656015396118164, -1.1758670806884766
350, 0.07948394119739532, -1.8656015396118164, -1.1832709312438965
351, 0.07226523756980896, -1.8656015396118164, -1.1758670806884766
352, 0.07226523756980896, -1.8656015396118164, -1.1832709312438965
353, 0.0295083150267601, -1.8167364597320557, -1.1758670806884766
354, 0.0295083150267601, -1.8167364597320557, -1.1832709312438965
355, 0.029508322477340698, -1.8656015396118164, -1.1758670806884766
356, 0.029508322477340698, -1.8656015396118164, -1.1832709312438965
357, 0.020993955433368683, -1.8656015396118164, -1.1758670806884766
358, 0.020993955433368683, -1.8656015396118164, -1.1832709312438965
359, 0.020993947982788086, -1.802484154701233, -1.1758670806884766
360, 0.020993947982788086, -1.802484154701233, -1.1832709312438965
361, -0.04420924931764603, -1.4160064458847046, -1.1757289171218872
362, -0.045643504709005356, -1.4148658514022827, -1.1757289171218872
363, -0.045643504709005356, -1.4148658514022827, -1.1777290105819702
364, -0.04420924931764603, -1.4160064458847046, -1.1777290105819702
365, -0.04706387594342232, -1.4138720035552979, -1.1757289171218872
366, -0.04706387594342232, -1.4138720035552979, -1.1777290105819702
367, -0.04846758022904396, -1.413016438484192, -1.1757289171218872
368, -0.04846758022904396, -1.413016438484192, -1.1777290105819702
369, -0.04985183849930763, -1.412291407585144, -1.1757289171218872
370, -0.04985183849930763, -1.412291407585144, -1.1777290105819702
371, -0.05121387541294098, -1.4116891622543335, -1.1757289171218872
372, -0.05121387541294098, -1.4116891622543335, -1.1777290105819702
373, -0.05255091190338135, -1.4112013578414917, -1.1757289171218872
374, -0.05255091190338135, -1.4112013578414917, -1.1777290105819702
375, -0.053860172629356384, -1.4108200073242188, -1.1757289171218872
376, -0.053860172629356384, -1.4108200073242188, -1.1777290105819702
377, -0.055138878524303436, -1.410537600517273, -1.1757289171218872
378, -0.055138878524303436, -1.410537600517273, -1.1777290105819702
379, -0.05638424679636955, -1.4103455543518066, -1.1757289171218872
380, -0.05638424679636955, -1.4103455543518066, -1.1777290105819702
381, -0.057593509554862976, -1.4102362394332886, -1.1757289171218872
382, -0.057593509554862976, -1.4102362394332886, -1.1777290105819702
383, -0.05876387655735016, -1.4102015495300293, -1.1757289171218872
384, -0.05876387655735016, -1.4102015495300293, -1.1777290105819702
385, -0.060299813747406006, -1.4102693796157837, -1.1757289171218872
386, -0.060299813747406006, -1.4102693796157837, -1.1777290105819702
387, -0.06175138056278229, -1.410468339920044, -1.1757289171218872
388, -0.06175138056278229, -1.410468339920044, -1.1777290105819702
389, -0.06310918927192688, -1.4107921123504639, -1.1757289171218872
390, -0.06310918927192688, -1.4107921123504639, -1.1777290105819702
391, -0.06436388194561005, -1.4112348556518555, -1.1757289171218872
392, -0.06436388194561005, -1.4112348556518555, -1.1777290105819702
393, -0.06550606340169907, -1.411790132522583, -1.1757289171218872
394, -0.06550606340169907, -1.411790132522583, -1.1777290105819702
395, -0.0665263757109642, -1.4124515056610107, -1.1757289171218872
396, -0.0665263757109642, -1.4124515056610107, -1.1777290105819702
397, -0.06741543859243393, -1.4132131338119507, -1.1757289171218872
398, -0.06741543859243393, -1.4132131338119507, -1.1777290105819702
399, -0.06816387921571732, -1.4140682220458984, -1.1757289171218872
400, -0.06816387921571732, -1.4140682220458984, -1.1777290105819702
401, -0.06876231729984283, -1.415010929107666, -1.1757289171218872
402, -0.06876231729984283, -1.415010929107666, -1.1777290105819702
403, -0.06920138001441956, -1.4160348176956177, -1.1757289171218872
404, -0.06920138001441956, -1.4160348176956177, -1.1777290105819702
405, -0.06947168707847595, -1.4171338081359863, -1.1757289171218872
406, -0.06947168707847595, -1.4171338081359863, -1.1777290105819702
407, -0.06956388056278229, -1.4183017015457153, -1.1757289171218872
408, -0.06956388056278229, -1.4183017015457153, -1.1777290105819702
409, -0.06898343563079834, -1.4213199615478516, -1.1757289171218872
410, -0.06898343563079834, -1.4213199615478516, -1.1777290105819702
411, -0.0673786923289299, -1.4239062070846558, -1.1757289171218872
412, -0.0673786923289299, -1.4239062070846558, -1.1777290105819702
413, -0.06495450437068939, -1.4261828660964966, -1.1757289171218872
414, -0.06495450437068939, -1.4261828660964966, -1.1777290105819702
415, -0.06191572919487953, -1.4282718896865845, -1.1757289171218872
416, -0.06191572919487953, -1.4282718896865845, -1.1777290105819702
417, -0.058467231690883636, -1.4302958250045776, -1.1757289171218872
418, -0.058467231690883636, -1.4302958250045776, -1.1777290105819702
419, -0.05481387674808502, -1.432376503944397, -1.1757289171218872
420, -0.05481387674808502, -1.432376503944397, -1.1777290105819702
421, -0.05116052180528641, -1.4346365928649902, -1.1757289171218872
422, -0.05116052180528641, -1.4346365928649902, -1.1777290105819702
423, -0.04771202430129051, -1.4371978044509888, -1.1757289171218872
424, -0.04771202430129051, -1.4371978044509888, -1.1777290105819702
425, -0.04467325285077095, -1.4401829242706299, -1.1757289171218872
426, -0.04467325285077095, -1.4401829242706299, -1.1777290105819702
427, -0.04224906116724014, -1.4437135457992554, -1.1757289171218872
428, -0.04224906116724014, -1.4437135457992554, -1.1777290105819702
429, -0.040644317865371704, -1.4479124546051025, -1.1757289171218872
430, -0.040644317865371704, -1.4479124546051025, -1.1777290105819702
431, -0.040063876658678055, -1.4529016017913818, -1.1757289171218872
432, -0.040063876658678055, -1.4529016017913818, -1.1777290105819702
433, -0.040229618549346924, -1.45551335811615, -1.1757289171218872
434, -0.040229618549346924, -1.45551335811615, -1.1777290105819702
435, -0.0407148040831089, -1.4579871892929077, -1.1757289171218872
436, -0.0407148040831089, -1.4579871892929077, -1.1777290105819702
437, -0.041501376777887344, -1.4603062868118286, -1.1757289171218872
438, -0.041501376777887344, -1.4603062868118286, -1.1777290105819702
439, -0.042571283876895905, -1.4624533653259277, -1.1757289171218872
440, -0.042571283876895905, -1.4624533653259277, -1.1777290105819702
441, -0.04390646889805794, -1.4644116163253784, -1.1757289171218872
442, -0.04390646889805794, -1.4644116163253784, -1.1777290105819702
443, -0.0454888753592968, -1.466163992881775, -1.1757289171218872
444, -0.0454888753592968, -1.466163992881775, -1.1777290105819702
445, -0.04730045050382614, -1.4676934480667114, -1.1757289171218872
446, -0.04730045050382614, -1.4676934480667114, -1.1777290105819702
447, -0.04932313412427902, -1.4689830541610718, -1.1757289171218872
448, -0.04932313412427902, -1.4689830541610718, -1.1777290105819702
449, -0.05153887718915939, -1.4700156450271606, -1.1757289171218872
450, -0.05153887718915939, -1.4700156450271606, -1.1777290105819702
451, -0.05392961949110031, -1.4707742929458618, -1.1757289171218872
452, -0.05392961949110031, -1.4707742929458618, -1.1777290105819702
453, -0.05647730082273483, -1.47124183177948, -1.1757289171218872
454, -0.05647730082273483, -1.47124183177948, -1.1777290105819702
455, -0.05916387587785721, -1.471401572227478, -1.1757289171218872
456, -0.05916387587785721, -1.471401572227478, -1.1777290105819702
457, -0.060985349118709564, -1.4713597297668457, -1.1757289171218872
458, -0.060985349118709564, -1.4713597297668457, -1.1777290105819702
459, -0.06275230646133423, -1.4712334871292114, -1.1757289171218872
460, -0.06275230646133423, -1.4712334871292114, -1.1777290105819702
461, -0.06446856260299683, -1.4710218906402588, -1.1757289171218872
462, -0.06446856260299683, -1.4710218906402588, -1.1777290105819702
463, -0.06613795459270477, -1.4707237482070923, -1.1757289171218872
464, -0.06613795459270477, -1.4707237482070923, -1.1777290105819702
465, -0.0677642822265625, -1.470338225364685, -1.1757289171218872
466, -0.0677642822265625, -1.470338225364685, -1.1777290105819702
467, -0.06935137510299683, -1.4698641300201416, -1.1757289171218872
468, -0.06935137510299683, -1.4698641300201416, -1.1777290105819702
469, -0.07090305536985397, -1.4693002700805664, -1.1757289171218872
470, -0.07090305536985397, -1.4693002700805664, -1.1777290105819702
471, -0.07242313772439957, -1.4686460494995117, -1.1757289171218872
472, -0.07242313772439957, -1.4686460494995117, -1.1777290105819702
473, -0.07391543686389923, -1.4679001569747925, -1.1757289171218872
474, -0.07391543686389923, -1.4679001569747925, -1.1777290105819702
475, -0.07538378238677979, -1.4670612812042236, -1.1757289171218872
476, -0.07538378238677979, -1.4670612812042236, -1.1777290105819702
477, -0.07683198899030685, -1.4661288261413574, -1.1757289171218872
478, -0.07683198899030685, -1.4661288261413574, -1.1777290105819702
479, -0.07826387882232666, -1.4651015996932983, -1.1757289171218872
480, -0.07826387882232666, -1.4651015996932983, -1.1777290105819702
481, -0.07826387882232666, -1.4527015686035156, -1.1757289171218872
482, -0.07826387882232666, -1.4527015686035156, -1.1777290105819702
483, -0.07698731869459152, -1.4542407989501953, -1.1757289171218872
484, -0.07698731869459152, -1.4542407989501953, -1.1777290105819702
485, -0.07565971463918686, -1.4556571245193481, -1.1757289171218872
486, -0.07565971463918686, -1.4556571245193481, -1.1777290105819702
487, -0.07428418844938278, -1.4569483995437622, -1.1757289171218872
488, -0.07428418844938278, -1.4569483995437622, -1.1777290105819702
489, -0.0728638768196106, -1.4581125974655151, -1.1757289171218872
490, -0.0728638768196106, -1.4581125974655151, -1.1777290105819702
491, -0.07140190154314041, -1.4591476917266846, -1.1757289171218872
492, -0.07140190154314041, -1.4591476917266846, -1.1777290105819702
493, -0.06990137696266174, -1.4600516557693481, -1.1757289171218872
494, -0.06990137696266174, -1.4600516557693481, -1.1777290105819702
495, -0.0683654397726059, -1.4608219861984253, -1.1757289171218872
496, -0.0683654397726059, -1.4608219861984253, -1.1777290105819702
497, -0.06679721176624298, -1.4614572525024414, -1.1757289171218872
498, -0.06679721176624298, -1.4614572525024414, -1.1777290105819702
499, -0.06519981473684311, -1.4619547128677368, -1.1757289171218872
500, -0.06519981473684311, -1.4619547128677368, -1.1777290105819702
501, -0.06357637792825699, -1.4623128175735474, -1.1757289171218872
502, -0.06357637792825699, -1.4623128175735474, -1.1777290105819702
503, -0.06193002313375473, -1.462528944015503, -1.1757289171218872
504, -0.06193002313375473, -1.462528944015503, -1.1777290105819702
505, -0.06026387959718704, -1.4626015424728394, -1.1757289171218872
506, -0.06026387959718704, -1.4626015424728394, -1.1777290105819702
507, -0.058448947966098785, -1.4625048637390137, -1.1757289171218872
508, -0.058448947966098785, -1.4625048637390137, -1.1777290105819702
509, -0.056802764534950256, -1.462228536605835, -1.1757289171218872
510, -0.056802764534950256, -1.462228536605835, -1.1777290105819702
511, -0.05532325059175491, -1.461792230606079, -1.1757289171218872
512, -0.05532325059175491, -1.461792230606079, -1.1777290105819702
513, -0.05400831997394562, -1.4612163305282593, -1.1757289171218872
514, -0.05400831997394562, -1.4612163305282593, -1.1777290105819702
515, -0.05285589396953583, -1.4605211019515991, -1.1757289171218872
516, -0.05285589396953583, -1.4605211019515991, -1.1777290105819702
517, -0.05186387896537781, -1.4597266912460327, -1.1757289171218872
518, -0.05186387896537781, -1.4597266912460327, -1.1777290105819702
519, -0.051030196249485016, -1.458852767944336, -1.1757289171218872
520, -0.051030196249485016, -1.458852767944336, -1.1777290105819702
521, -0.05035276710987091, -1.4579200744628906, -1.1757289171218872
522, -0.05035276710987091, -1.4579200744628906, -1.1777290105819702
523, -0.049829501658678055, -1.4569483995437622, -1.1757289171218872
524, -0.049829501658678055, -1.4569483995437622, -1.1777290105819702
525, -0.04945832118391991, -1.4559580087661743, -1.1757289171218872
526, -0.04945832118391991, -1.4559580087661743, -1.1777290105819702
527, -0.049237143248319626, -1.454969048500061, -1.1757289171218872
528, -0.049237143248319626, -1.454969048500061, -1.1777290105819702
529, -0.049163877964019775, -1.454001545906067, -1.1757289171218872
530, -0.049163877964019775, -1.454001545906067, -1.1777290105819702
531, -0.049744319170713425, -1.450719952583313, -1.1757289171218872
532, -0.049744319170713425, -1.450719952583313, -1.1777290105819702
533, -0.05134906247258186, -1.4478561878204346, -1.1757289171218872
534, -0.05134906247258186, -1.4478561878204346, -1.1777290105819702
535, -0.05377325415611267, -1.445307731628418, -1.1757289171218872
536, -0.05377325415611267, -1.445307731628418, -1.1777290105819702
537, -0.05681202560663223, -1.44297194480896, -1.1757289171218872
538, -0.05681202560663223, -1.44297194480896, -1.1777290105819702
539, -0.06026051938533783, -1.4407457113265991, -1.1757289171218872
540, -0.06026051938533783, -1.4407457113265991, -1.1777290105819702
541, -0.06391388177871704, -1.4385265111923218, -1.1757289171218872
542, -0.06391388177871704, -1.4385265111923218, -1.1777290105819702
543, -0.06756723672151566, -1.4362114667892456, -1.1757289171218872
544, -0.06756723672151566, -1.4362114667892456, -1.1777290105819702
545, -0.07101573050022125, -1.4336978197097778, -1.1757289171218872
546, -0.07101573050022125, -1.4336978197097778, -1.1777290105819702
547, -0.07405450195074081, -1.4308828115463257, -1.1757289171218872
548, -0.07405450195074081, -1.4308828115463257, -1.1777290105819702
549, -0.07647868990898132, -1.4276635646820068, -1.1757289171218872
550, -0.07647868990898132, -1.4276635646820068, -1.1777290105819702
551, -0.07808344066143036, -1.423937439918518, -1.1757289171218872
552, -0.07808344066143036, -1.423937439918518, -1.1777290105819702
553, -0.07866387814283371, -1.419601559638977, -1.1757289171218872
554, -0.07866387814283371, -1.419601559638977, -1.1777290105819702
555, -0.07849530130624771, -1.4169118404388428, -1.1757289171218872
556, -0.07849530130624771, -1.4169118404388428, -1.1777290105819702
557, -0.07799860090017319, -1.4143993854522705, -1.1757289171218872
558, -0.07799860090017319, -1.4143993854522705, -1.1777290105819702
559, -0.07718731462955475, -1.4120749235153198, -1.1757289171218872
560, -0.07718731462955475, -1.4120749235153198, -1.1777290105819702
561, -0.0760749876499176, -1.409949779510498, -1.1757289171218872
562, -0.0760749876499176, -1.409949779510498, -1.1777290105819702
563, -0.07467516511678696, -1.4080342054367065, -1.1757289171218872
564, -0.07467516511678696, -1.4080342054367065, -1.1777290105819702
565, -0.07300137728452682, -1.406339168548584, -1.1757289171218872
566, -0.07300137728452682, -1.406339168548584, -1.1777290105819702
567, -0.07106717675924301, -1.4048751592636108, -1.1757289171218872
568, -0.07106717675924301, -1.4048751592636108, -1.1777290105819702
569, -0.06888610124588013, -1.4036533832550049, -1.1757289171218872
570, -0.06888610124588013, -1.4036533832550049, -1.1777290105819702
571, -0.06647168844938278, -1.4026843309402466, -1.1757289171218872
572, -0.06647168844938278, -1.4026843309402466, -1.1777290105819702
573, -0.06383749097585678, -1.4019789695739746, -1.1757289171218872
574, -0.06383749097585678, -1.4019789695739746, -1.1777290105819702
575, -0.06099703907966614, -1.4015477895736694, -1.1757289171218872
576, -0.06099703907966614, -1.4015477895736694, -1.1777290105819702
577, -0.05796387791633606, -1.4014016389846802, -1.1757289171218872
578, -0.05796387791633606, -1.4014016389846802, -1.1777290105819702
579, -0.056664109230041504, -1.4014348983764648, -1.1757289171218872
580, -0.056664109230041504, -1.4014348983764648, -1.1777290105819702
581, -0.055365726351737976, -1.4015350341796875, -1.1757289171218872
582, -0.055365726351737976, -1.4015350341796875, -1.1777290105819702
583, -0.0540701262652874, -1.4017016887664795, -1.1757289171218872
584, -0.0540701262652874, -1.4017016887664795, -1.1777290105819702
585, -0.0527786910533905, -1.4019348621368408, -1.1757289171218872
586, -0.0527786910533905, -1.4019348621368408, -1.1777290105819702
587, -0.05149281024932861, -1.4022349119186401, -1.1757289171218872
588, -0.05149281024932861, -1.4022349119186401, -1.1777290105819702
589, -0.050213877111673355, -1.402601718902588, -1.1757289171218872
590, -0.050213877111673355, -1.402601718902588, -1.1777290105819702
591, -0.04894327372312546, -1.403035044670105, -1.1757289171218872
592, -0.04894327372312546, -1.403035044670105, -1.1777290105819702
593, -0.047682397067546844, -1.4035348892211914, -1.1757289171218872
594, -0.047682397067546844, -1.4035348892211914, -1.1777290105819702
595, -0.046432625502347946, -1.4041014909744263, -1.1757289171218872
596, -0.046432625502347946, -1.4041014909744263, -1.1777290105819702
597, -0.045195359736680984, -1.4047349691390991, -1.1757289171218872
598, -0.045195359736680984, -1.4047349691390991, -1.1777290105819702
599, -0.04397197812795639, -1.4054348468780518, -1.1757289171218872
600, -0.04397197812795639, -1.4054348468780518, -1.1777290105819702
601, -0.04276387766003609, -1.4062014818191528, -1.1757289171218872
602, -0.04276387766003609, -1.4062014818191528, -1.1777290105819702
603, -0.04276387766003609, -1.4173015356063843, -1.1757289171218872
604, -0.04276387766003609, -1.4173015356063843, -1.1777290105819702
605, -0.21003876626491547, -1.6934720277786255, -1.1757287979125977
606, -0.19355876743793488, -1.6934720277786255, -1.1757287979125977
607, -0.19355876743793488, -1.6934720277786255, -1.1777288913726807
608, -0.21003876626491547, -1.6934720277786255, -1.1777288913726807
609, -0.19355876743793488, -1.671151876449585, -1.1757287979125977
610, -0.19355876743793488, -1.671151876449585, -1.1777288913726807
611, -0.18651877343654633, -1.671151876449585, -1.1757287979125977
612, -0.18651877343654633, -1.671151876449585, -1.1777288913726807
613, -0.18651877343654633, -1.6934720277786255, -1.1757287979125977
614, -0.18651877343654633, -1.6934720277786255, -1.1777288913726807
615, -0.16955876350402832, -1.6934720277786255, -1.1757287979125977
616, -0.16955876350402832, -1.6934720277786255, -1.1777288913726807
617, -0.16955877840518951, -1.669631838798523, -1.1757287979125977
618, -0.16955877840518951, -1.669631838798523, -1.1777288913726807
619, -0.16251876950263977, -1.669631838798523, -1.1757287979125977
620, -0.16251876950263977, -1.669631838798523, -1.1777288913726807
621, -0.16251876950263977, -1.7013118267059326, -1.1757287979125977
622, -0.16251876950263977, -1.7013118267059326, -1.1777288913726807
623, -0.2170787751674652, -1.7013118267059326, -1.1757287979125977
624, -0.2170787751674652, -1.7013118267059326, -1.1777288913726807
625, -0.2170787751674652, -1.6703518629074097, -1.1757287979125977
626, -0.2170787751674652, -1.6703518629074097, -1.1777288913726807
627, -0.21003876626491547, -1.6703518629074097, -1.1757287979125977
628, -0.21003876626491547, -1.6703518629074097, -1.1777288913726807
629, 0.14598524570465088, -1.5862860679626465, -1.175728678703308
630, 0.19062525033950806, -1.5683660507202148, -1.175728678703308
631, 0.19062525033950806, -1.5683660507202148, -1.1777287721633911
632, 0.14598524570465088, -1.5862860679626465, -1.1777287721633911
633, 0.14598524570465088, -1.5502861738204956, -1.175728678703308
634, 0.14598524570465088, -1.5502861738204956, -1.1777287721633911
635, 0.14598524570465088, -1.5487661361694336, -1.175728678703308
636, 0.14598524570465088, -1.5487661361694336, -1.1777287721633911
637, 0.20102524757385254, -1.526686191558838, -1.175728678703308
638, 0.20102524757385254, -1.526686191558838, -1.1777287721633911
639, 0.20102524757385254, -1.5345261096954346, -1.175728678703308
640, 0.20102524757385254, -1.5345261096954346, -1.1777287721633911
641, 0.1634252369403839, -1.5495660305023193, -1.175728678703308
642, 0.1634252369403839, -1.5495660305023193, -1.1777287721633911
643, 0.20102524757385254, -1.5646860599517822, -1.175728678703308
644, 0.20102524757385254, -1.5646860599517822, -1.1777287721633911
645, 0.20102524757385254, -1.572126030921936, -1.175728678703308
646, 0.20102524757385254, -1.572126030921936, -1.1777287721633911
647, 0.1634252518415451, -1.5873260498046875, -1.175728678703308
648, 0.1634252518415451, -1.5873260498046875, -1.1777287721633911
649, 0.20102524757385254, -1.6022062301635742, -1.175728678703308
650, 0.20102524757385254, -1.6022062301635742, -1.1777287721633911
651, 0.20102524757385254, -1.6099661588668823, -1.175728678703308
652, 0.20102524757385254, -1.6099661588668823, -1.1777287721633911
653, 0.14598524570465088, -1.5878061056137085, -1.175728678703308
654, 0.14598524570465088, -1.5878061056137085, -1.1777287721633911

Triangles, 660
Triangle:, Side1:, Side2:, Side3:
1, 1, 2, 3
2, 4, 5, 2
3, 6, 7, 8
4, 9, 6, 8
5, 7, 10, 8
6, 4, 1, 11
7, 1, 3, 11
8, 5, 4, 11
9, 9, 12, 13
10, 6, 9, 13
11, 7, 6, 13
12, 10, 7, 13
13, 2, 1, 4
14, 9, 8, 12
15, 14, 15, 16
16, 15, 17, 18
17, 19, 20, 21
18, 19, 21, 22
19, 19, 23, 20
20, 24, 16, 18
21, 24, 14, 16
22, 24, 18, 17
23, 25, 26, 22
24, 25, 22, 21
25, 25, 21, 20
26, 25, 20, 23
27, 18, 16, 15
28, 26, 19, 22
29, 27, 28, 29
30, 27, 30, 28
31, 30, 31, 28
32, 31, 32, 33
33, 31, 34, 32
34, 27, 35, 30
35, 36, 31, 30
36, 36, 34, 31
37, 37, 38, 39
38, 40, 38, 37
39, 41, 40, 37
40, 42, 41, 43
41, 44, 41, 42
42, 45, 38, 40
43, 41, 46, 40
44, 44, 46, 41
45, 47, 48, 49
46, 47, 50, 48
47, 47, 51, 50
48, 52, 51, 47
49, 52, 53, 51
50, 52, 54, 53
51, 55, 54, 52
52, 55, 56, 54
53, 55, 57, 56
54, 58, 57, 55
55, 58, 59, 57
56, 58, 60, 59
57, 61, 60, 58
58, 61, 62, 60
59, 61, 63, 62
60, 64, 63, 61
61, 64, 65, 63
62, 64, 66, 65
63, 66, 67, 65
64, 67, 68, 65
65, 68, 69, 65
66, 69, 70, 65
67, 70, 71, 65
68, 71, 72, 65
69, 72, 73, 65
70, 73, 74, 65
71, 74, 75, 65
72, 75, 76, 65
73, 76, 77, 65
74, 77, 78, 65
75, 79, 66, 64
76, 80, 66, 79
77, 81, 82, 80
78, 82, 66, 80
79, 81, 83, 82
80, 81, 84, 83
81, 81, 85, 84
82, 81, 86, 85
83, 81, 87, 86
84, 88, 87, 81
85, 88, 89, 87
86, 88, 90, 89
87, 88, 91, 90
88, 92, 91, 88
89, 92, 93, 91
90, 92, 94, 93
91, 95, 94, 92
92, 95, 96, 94
93, 95, 97, 96
94, 98, 97, 95
95, 98, 99, 97
96, 98, 100, 99
97, 101, 100, 98
98, 101, 102, 100
99, 103, 102, 101
100, 103, 104, 102
101, 103, 105, 104
102, 106, 105, 103
103, 106, 107, 105
104, 108, 107, 106
105, 108, 109, 107
106, 110, 109, 108
107, 110, 111, 109
108, 112, 111, 110
109, 112, 113, 111
110, 114, 113, 112
111, 115, 113, 114
112, 115, 116, 113
113, 117, 116, 115
114, 118, 116, 117
115, 118, 119, 116
116, 120, 119, 118
117, 121, 122, 123
118, 120, 124, 119
119, 125, 124, 120
120, 121, 126, 122
121, 127, 124, 125
122, 127, 128, 124
123, 121, 129, 126
124, 130, 128, 127
125, 121, 131, 129
126, 132, 128, 130
127, 133, 128, 132
128, 133, 134, 128
129, 121, 135, 131
130, 136, 134, 133
131, 121, 137, 135
132, 138, 134, 136
133, 121, 139, 137
134, 138, 140, 134
135, 141, 140, 138
136, 121, 142, 139
137, 143, 140, 141
138, 121, 144, 142
139, 145, 140, 143
140, 121, 146, 144
141, 147, 140, 145
142, 121, 148, 146
143, 147, 149, 140
144, 150, 149, 147
145, 121, 150, 148
146, 121, 149, 150
147, 121, 151, 149
148, 152, 151, 121
149, 153, 151, 152
150, 153, 154, 151
151, 155, 154, 153
152, 155, 156, 154
153, 157, 156, 155
154, 158, 156, 157
155, 158, 159, 156
156, 160, 159, 158
157, 161, 159, 160
158, 161, 162, 159
159, 163, 162, 161
160, 164, 162, 163
161, 164, 165, 162
162, 166, 165, 164
163, 167, 165, 166
164, 167, 168, 165
165, 169, 170, 171
166, 172, 170, 169
167, 173, 170, 172
168, 173, 174, 170
169, 175, 174, 173
170, 176, 174, 175
171, 176, 177, 174
172, 178, 177, 176
173, 179, 177, 178
174, 179, 180, 177
175, 181, 180, 179
176, 182, 180, 181
177, 182, 183, 180
178, 184, 183, 182
179, 185, 183, 184
180, 185, 186, 183
181, 187, 186, 185
182, 188, 186, 187
183, 189, 188, 187
184, 190, 189, 187
185, 191, 190, 187
186, 192, 191, 187
187, 193, 192, 187
188, 194, 193, 187
189, 195, 194, 187
190, 196, 195, 187
191, 197, 196, 187
192, 198, 197, 187
193, 199, 198, 187
194, 200, 199, 187
195, 188, 201, 186
196, 188, 202, 201
197, 203, 204, 202
198, 188, 203, 202
199, 205, 204, 203
200, 206, 204, 205
201, 207, 204, 206
202, 208, 204, 207
203, 209, 204, 208
204, 209, 210, 204
205, 211, 210, 209
206, 212, 210, 211
207, 213, 210, 212
208, 213, 214, 210
209, 215, 214, 213
210, 216, 214, 215
211, 216, 217, 214
212, 218, 217, 216
213, 219, 217, 218
214, 219, 220, 217
215, 221, 220, 219
216, 222, 220, 221
217, 222, 223, 220
218, 224, 223, 222
219, 224, 225, 223
220, 226, 225, 224
221, 227, 225, 226
222, 227, 228, 225
223, 229, 228, 227
224, 229, 230, 228
225, 231, 230, 229
226, 231, 232, 230
227, 233, 232, 231
228, 233, 234, 232
229, 235, 234, 233
230, 235, 236, 234
231, 235, 237, 236
232, 238, 237, 235
233, 238, 239, 237
234, 238, 240, 239
235, 241, 240, 238
236, 241, 242, 240
237, 243, 244, 245
238, 246, 242, 241
239, 246, 247, 242
240, 248, 244, 243
241, 246, 249, 247
242, 250, 249, 246
243, 251, 244, 248
244, 250, 252, 249
245, 253, 244, 251
246, 250, 254, 252
247, 250, 255, 254
248, 256, 255, 250
249, 257, 244, 253
250, 256, 258, 255
251, 259, 244, 257
252, 256, 260, 258
253, 261, 244, 259
254, 262, 260, 256
255, 262, 263, 260
256, 264, 244, 261
257, 262, 265, 263
258, 266, 244, 264
259, 262, 267, 265
260, 268, 244, 266
261, 262, 269, 267
262, 270, 244, 268
263, 271, 269, 262
264, 271, 272, 269
265, 272, 244, 270
266, 271, 244, 272
267, 273, 244, 271
268, 273, 274, 244
269, 273, 275, 274
270, 276, 275, 273
271, 276, 277, 275
272, 278, 277, 276
273, 278, 279, 277
274, 278, 280, 279
275, 281, 280, 278
276, 281, 282, 280
277, 281, 283, 282
278, 284, 283, 281
279, 284, 285, 283
280, 284, 286, 285
281, 287, 286, 284
282, 287, 288, 286
283, 287, 289, 288
284, 290, 289, 287
285, 291, 292, 293
286, 292, 294, 293
287, 292, 295, 294
288, 296, 292, 291
289, 291, 297, 296
290, 297, 298, 296
291, 297, 299, 298
292, 291, 300, 297
293, 291, 301, 300
294, 291, 302, 301
295, 303, 304, 305
296, 306, 303, 305
297, 307, 303, 306
298, 308, 304, 303
299, 309, 304, 308
300, 310, 309, 308
301, 311, 309, 310
302, 312, 304, 309
303, 313, 304, 312
304, 314, 304, 313
305, 315, 316, 317
306, 315, 318, 316
307, 318, 319, 320
308, 318, 321, 319
309, 321, 322, 319
310, 322, 323, 324
311, 322, 325, 323
312, 318, 326, 321
313, 327, 322, 321
314, 315, 326, 318
315, 327, 325, 322
316, 328, 329, 330
317, 331, 329, 328
318, 332, 331, 333
319, 334, 331, 332
320, 335, 334, 332
321, 336, 335, 337
322, 338, 335, 336
323, 339, 331, 334
324, 335, 340, 334
325, 339, 329, 331
326, 338, 340, 335
327, 11, 10, 13
328, 11, 13, 5
329, 5, 13, 25
330, 5, 25, 17
331, 2, 5, 17
332, 2, 17, 15
333, 12, 8, 19
334, 12, 19, 26
335, 11, 3, 14
336, 11, 14, 24
337, 13, 12, 26
338, 13, 26, 25
339, 3, 2, 15
340, 3, 15, 14
341, 8, 10, 23
342, 8, 23, 19
343, 10, 11, 24
344, 10, 24, 23
345, 25, 23, 24
346, 25, 24, 17
347, 341, 342, 343
348, 341, 343, 344
349, 342, 345, 346
350, 342, 346, 343
351, 345, 347, 348
352, 345, 348, 346
353, 347, 349, 350
354, 347, 350, 348
355, 349, 351, 352
356, 349, 352, 350
357, 351, 353, 354
358, 351, 354, 352
359, 353, 355, 356
360, 353, 356, 354
361, 355, 357, 358
362, 355, 358, 356
363, 357, 359, 360
364, 357, 360, 358
365, 359, 341, 344
366, 359, 344, 360
367, 361, 362, 363
368, 361, 363, 364
369, 362, 365, 366
370, 362, 366, 363
371, 365, 367, 368
372, 365, 368, 366
373, 367, 369, 370
374, 367, 370, 368
375, 369, 371, 372
376, 369, 372, 370
377, 371, 373, 374
378, 371, 374, 372
379, 373, 375, 376
380, 373, 376, 374
381, 375, 377, 378
382, 375, 378, 376
383, 377, 379, 380
384, 377, 380, 378
385, 379, 381, 382
386, 379, 382, 380
387, 381, 383, 384
388, 381, 384, 382
389, 383, 385, 386
390, 383, 386, 384
391, 385, 387, 388
392, 385, 388, 386
393, 387, 389, 390
394, 387, 390, 388
395, 389, 391, 392
396, 389, 392, 390
397, 391, 393, 394
398, 391, 394, 392
399, 393, 395, 396
400, 393, 396, 394
401, 395, 397, 398
402, 395, 398, 396
403, 397, 399, 400
404, 397, 400, 398
405, 399, 401, 402
406, 399, 402, 400
407, 401, 403, 404
408, 401, 404, 402
409, 403, 405, 406
410, 403, 406, 404
411, 405, 407, 408
412, 405, 408, 406
413, 407, 409, 410
414, 407, 410, 408
415, 409, 411, 412
416, 409, 412, 410
417, 411, 413, 414
418, 411, 414, 412
419, 413, 415, 416
420, 413, 416, 414
421, 415, 417, 418
422, 415, 418, 416
423, 417, 419, 420
424, 417, 420, 418
425, 419, 421, 422
426, 419, 422, 420
427, 421, 423, 424
428, 421, 424, 422
429, 423, 425, 426
430, 423, 426, 424
431, 425, 427, 428
432, 425, 428, 426
433, 427, 429, 430
434, 427, 430, 428
435, 429, 431, 432
436, 429, 432, 430
437, 431, 433, 434
438, 431, 434, 432
439, 433, 435, 436
440, 433, 436, 434
441, 435, 437, 438
442, 435, 438, 436
443, 437, 439, 440
444, 437, 440, 438
445, 439, 441, 442
446, 439, 442, 440
447, 441, 443, 444
448, 441, 444, 442
449, 443, 445, 446
450, 443, 446, 444
451, 445, 447, 448
452, 445, 448, 446
453, 447, 449, 450
454, 447, 450, 448
455, 449, 451, 452
456, 449, 452, 450
457, 451, 453, 454
458, 451, 454, 452
459, 453, 455, 456
460, 453, 456, 454
461, 455, 457, 458
462, 455, 458, 456
463, 457, 459, 460
464, 457, 460, 458
465, 459, 461, 462
466, 459, 462, 460
467, 461, 463, 464
468, 461, 464, 462
469, 463, 465, 466
470, 463, 466, 464
471, 465, 467, 468
472, 465, 468, 466
473, 467, 469, 470
474, 467, 470, 468
475, 469, 471, 472
476, 469, 472, 470
477, 471, 473, 474
478, 471, 474, 472
479, 473, 475, 476
480, 473, 476, 474
481, 475, 477, 478
482, 475, 478, 476
483, 477, 479, 480
484, 477, 480, 478
485, 479, 481, 482
486, 479, 482, 480
487, 481, 483, 484
488, 481, 484, 482
489, 483, 485, 486
490, 483, 486, 484
491, 485, 487, 488
492, 485, 488, 486
493, 487, 489, 490
494, 487, 490, 488
495, 489, 491, 492
496, 489, 492, 490
497, 491, 493, 494
498, 491, 494, 492
499, 493, 495, 496
500, 493, 496, 494
501, 495, 497, 498
502, 495, 498, 496
503, 497, 499, 500
504, 497, 500, 498
505, 499, 501, 502
506, 499, 502, 500
507, 501, 503, 504
508, 501, 504, 502
509, 503, 505, 506
510, 503, 506, 504
511, 505, 507, 508
512, 505, 508, 506
513, 507, 509, 510
514, 507, 510, 508
515, 509, 511, 512
516, 509, 512, 510
517, 511, 513, 514
518, 511, 514, 512
519, 513, 515, 516
520, 513, 516, 514
521, 515, 517, 518
522, 515, 518, 516
523, 517, 519, 520
524, 517, 520, 518
525, 519, 521, 522
526, 519, 522, 520
527, 521, 523, 524
528, 521, 524, 522
529, 523, 525, 526
530, 523, 526, 524
531, 525, 527, 528
532, 525, 528, 526
533, 527, 529, 530
534, 527, 530, 528
535, 529, 531, 532
536, 529, 532, 530
537, 531, 533, 534
538, 531, 534, 532
539, 533, 535, 536
540, 533, 536, 534
541, 535, 537, 538
542, 535, 538, 536
543, 537, 539, 540
544, 537, 540, 538
545, 539, 541, 542
546, 539, 542, 540
547, 541, 543, 544
548, 541, 544, 542
549, 543, 545, 546
550, 543, 546, 544
551, 545, 547, 548
552, 545, 548, 546
553, 547, 549, 550
554, 547, 550, 548
555, 549, 551, 552
556, 549, 552, 550
557, 551, 553, 554
558, 551, 554, 552
559, 553, 555, 556
560, 553, 556, 554
561, 555, 557, 558
562, 555, 558, 556
563, 557, 559, 560
564, 557, 560, 558
565, 559, 561, 562
566, 559, 562, 560
567, 561, 563, 564
568, 561, 564, 562
569, 563, 565, 566
570, 563, 566, 564
571, 565, 567, 568
572, 565, 568, 566
573, 567, 569, 570
574, 567, 570, 568
575, 569, 571, 572
576, 569, 572, 570
577, 571, 573, 574
578, 571, 574, 572
579, 573, 575, 576
580, 573, 576, 574
581, 575, 577, 578
582, 575, 578, 576
583, 577, 579, 580
584, 577, 580, 578
585, 579, 581, 582
586, 579, 582, 580
587, 581, 583, 584
588, 581, 584, 582
589, 583, 585, 586
590, 583, 586, 584
591, 585, 587, 588
592, 585, 588, 586
593, 587, 589, 590
594, 587, 590, 588
595, 589, 591, 592
596, 589, 592, 590
597, 591, 593, 594
598, 591, 594, 592
599, 593, 595, 596
600, 593, 596, 594
601, 595, 597, 598
602, 595, 598, 596
603, 597, 599, 600
604, 597, 600, 598
605, 599, 601, 602
606, 599, 602, 600
607, 601, 603, 604
608, 601, 604, 602
609, 603, 361, 364
610, 603, 364, 604
611, 605, 606, 607
612, 605, 607, 608
613, 606, 609, 610
614, 606, 610, 607
615, 609, 611, 612
616, 609, 612, 610
617, 611, 613, 614
618, 611, 614, 612
619, 613, 615, 616
620, 613, 616, 614
621, 615, 617, 618
622, 615, 618, 616
623, 617, 619, 620
624, 617, 620, 618
625, 619, 621, 622
626, 619, 622, 620
627, 621, 623, 624
628, 621, 624, 622
629, 623, 625, 626
630, 623, 626, 624
631, 625, 627, 628
632, 625, 628, 626
633, 627, 605, 608
634, 627, 608, 628
635, 629, 630, 631
636, 629, 631, 632
637, 630, 633, 634
638, 630, 634, 631
639, 633, 635, 636
640, 633, 636, 634
641, 635, 637, 638
642, 635, 638, 636
643, 637, 639, 640
644, 637, 640, 638
645, 639, 641, 642
646, 639, 642, 640
647, 641, 643, 644
648, 641, 644, 642
649, 643, 645, 646
650, 643, 646, 644
651, 645, 647, 648
652, 645, 648, 646
653, 647, 649, 650
654, 647, 650, 648
655, 649, 651, 652
656, 649, 652, 650
657, 651, 653, 654
658, 651, 654, 652
659, 653, 629, 632
660, 653, 632, 654

Colors, 660
Triangle:, Red:, Green:, Blue:
1, 204, 204, 204
2, 204, 204, 204
3, 204, 204, 204
4, 204, 204, 204
5, 204, 204, 204
6, 204, 204, 204
7, 204, 204, 204
8, 204, 204, 204
9, 204, 204, 204
10, 204, 204, 204
11, 204, 204, 204
12, 204, 204, 204
13, 204, 204, 204
14, 204, 204, 204
15, 204, 204, 204
16, 204, 204, 204
17, 204, 204, 204
18, 204, 204, 204
19, 204, 204, 204
20, 204, 204, 204
21, 204, 204, 204
22, 204, 204, 204
23, 204, 204, 204
24, 204, 204, 204
25, 204, 204, 204
26, 204, 204, 204
27, 204, 204, 204
28, 204, 204, 204
29, 204, 204, 204
30, 204, 204, 204
31, 204, 204, 204
32, 204, 204, 204
33, 204, 204, 204
34, 204, 204, 204
35, 204, 204, 204
36, 204, 204, 204
37, 204, 204, 204
38, 204, 204, 204
39, 204, 204, 204
40, 204, 204, 204
41, 204, 204, 204
42, 204, 204, 204
43, 204, 204, 204
44, 204, 204, 204
45, 204, 204, 204
46, 204, 204, 204
47, 204, 204, 204
48, 204, 204, 204
49, 204, 204, 204
50, 204, 204, 204
51, 204, 204, 204
52, 204, 204, 204
53, 204, 204, 204
54, 204, 204, 204
55, 204, 204, 204
56, 204, 204, 204
57, 204, 204, 204
58, 204, 204, 204
59, 204, 204, 204
60, 204, 204, 204
61, 204, 204, 204
62, 204, 204, 204
63, 204, 204, 204
64, 204, 204, 204
65, 204, 204, 204
66, 204, 204, 204
67, 204, 204, 204
68, 204, 204, 204
69, 204, 204, 204
70, 204, 204, 204
71, 204, 204, 204
72, 204, 204, 204
73, 204, 204, 204
74, 204, 204, 204
75, 204, 204, 204
76, 204, 204, 204
77, 204, 204, 204
78, 204, 204, 204
79, 204, 204, 204
80, 204, 204, 204
81, 204, 204, 204
82, 204, 204, 204
83, 204, 204, 204
84, 204, 204, 204
85, 204, 204, 204
86, 204, 204, 204
87, 204, 204, 204
88, 204, 204, 204
89, 204, 204, 204
90, 204, 204, 204
91, 204, 204, 204
92, 204, 204, 204
93, 204, 204, 204
94, 204, 204, 204
95, 204, 204, 204
96, 204, 204, 204
97, 204, 204, 204
98, 204, 204, 204
99, 204, 204, 204
100, 204, 204, 204
101, 204, 204, 204
102, 204, 204, 204
103, 204, 204, 204
104, 204, 204, 204
105, 204, 204, 204
106, 204, 204, 204
107, 204, 204, 204
108, 204, 204, 204
109, 204, 204, 204
110, 204, 204, 204
111, 204, 204, 204
112, 204, 204, 204
113, 204, 204, 204
114, 204, 204, 204
115, 204, 204, 204
116, 204, 204, 204
117, 204, 204, 204
118, 204, 204, 204
119, 204, 204, 204
120, 204, 204, 204
121, 204, 204, 204
122, 204, 204, 204
123, 204, 204, 204
124, 204, 204, 204
125, 204, 204, 204
126, 204, 204, 204
127, 204, 204, 204
128, 204, 204, 204
129, 204, 204, 204
130, 204, 204, 204
131, 204, 204, 204
132, 204, 204, 204
133, 204, 204, 204
134, 204, 204, 204
135, 204, 204, 204
136, 204, 204, 204
137, 204, 204, 204
138, 204, 204, 204
139, 204, 204, 204
140, 204, 204, 204
141, 204, 204, 204
142, 204, 204, 204
143, 204, 204, 204
144, 204, 204, 204
145, 204, 204, 204
146, 204, 204, 204
147, 204, 204, 204
148, 204, 204, 204
149, 204, 204, 204
150, 204, 204, 204
151, 204, 204, 204
152, 204, 204, 204
153, 204, 204, 204
154, 204, 204, 204
155, 204, 204, 204
156, 204, 204, 204
157, 204, 204, 204
158, 204, 204, 204
159, 204, 204, 204
160, 204, 204, 204
161, 204, 204, 204
162, 204, 204, 204
163, 204, 204, 204
164, 204, 204, 204
165, 204, 204, 204
166, 204, 204, 204
167, 204, 204, 204
168, 204, 204, 204
169, 204, 204, 204
170, 204, 204, 204
171, 204, 204, 204
172, 204, 204, 204
173, 204, 204, 204
174, 204, 204, 204
175, 204, 204, 204
176, 204, 204, 204
177, 204, 204, 204
178, 204, 204, 204
179, 204, 204, 204
180, 204, 204, 204
181, 204, 204, 204
182, 204, 204, 204
183, 204, 204, 204
184, 204, 204, 204
185, 204, 204, 204
186, 204, 204, 204
187, 204, 204, 204
188, 204, 204, 204
189, 204, 204, 204
190, 204, 204, 204
191, 204, 204, 204
192, 204, 204, 204
193, 204, 204, 204
194, 204, 204, 204
195, 204, 204, 204
196, 204, 204, 204
197, 204, 204, 204
198, 204, 204, 204
199, 204, 204, 204
200, 204, 204, 204
201, 204, 204, 204
202, 204, 204, 204
203, 204, 204, 204
204, 204, 204, 204
205, 204, 204, 204
206, 204, 204, 204
207, 204, 204, 204
208, 204, 204, 204
209, 204, 204, 204
210, 204, 204, 204
211, 204, 204, 204
212, 204, 204, 204
213, 204, 204, 204
214, 204, 204, 204
215, 204, 204, 204
216, 204, 204, 204
217, 204, 204, 204
218, 204, 204, 204
219, 204, 204, 204
220, 204, 204, 204
221, 204, 204, 204
222, 204, 204, 204
223, 204, 204, 204
224, 204, 204, 204
225, 204, 204, 204
226, 204, 204, 204
227, 204, 204, 204
228, 204, 204, 204
229, 204, 204, 204
230, 204, 204, 204
231, 204, 204, 204
232, 204, 204, 204
233, 204, 204, 204
234, 204, 204, 204
235, 204, 204, 204
236, 204, 204, 204
237, 204, 204, 204
238, 204, 204, 204
239, 204, 204, 204
240, 204, 204, 204
241, 204, 204, 204
242, 204, 204, 204
243, 204, 204, 204
244, 204, 204, 204
245, 204, 204, 204
246, 204, 204, 204
247, 204, 204, 204
248, 204, 204, 204
249, 204, 204, 204
250, 204, 204, 204
251, 204, 204, 204
252, 204, 204, 204
253, 204, 204, 204
254, 204, 204, 204
255, 204, 204, 204
256, 204, 204, 204
257, 204, 204, 204
258, 204, 204, 204
259, 204, 204, 204
260, 204, 204, 204
261, 204, 204, 204
262, 204, 204, 204
263, 204, 204, 204
264, 204, 204, 204
265, 204, 204, 204
266, 204, 204, 204
267, 204, 204, 204
268, 204, 204, 204
269, 204, 204, 204
270, 204, 204, 204
271, 204, 204, 204
272, 204, 204, 204
273, 204, 204, 204
274, 204, 204, 204
275, 204, 204, 204
276, 204, 204, 204
277, 204, 204, 204
278, 204, 204, 204
279, 204, 204, 204
280, 204, 204, 204
281, 204, 204, 204
282, 204, 204, 204
283, 204, 204, 204
284, 204, 204, 204
285, 204, 204, 204
286, 204, 204, 204
287, 204, 204, 204
288, 204, 204, 204
289, 204, 204, 204
290, 204, 204, 204
291, 204, 204, 204
292, 204, 204, 204
293, 204, 204, 204
294, 204, 204, 204
295, 204, 204, 204
296, 204, 204, 204
297, 204, 204, 204
298, 204, 204, 204
299, 204, 204, 204
300, 204, 204, 204
301, 204, 204, 204
302, 204, 204, 204
303, 204, 204, 204
304, 204, 204, 204
305, 204, 204, 204
306, 204, 204, 204
307, 204, 204, 204
308, 204, 204, 204
309, 204, 204, 204
310, 204, 204, 204
311, 204, 204, 204
312, 204, 204, 204
313, 204, 204, 204
314, 204, 204, 204
315, 204, 204, 204
316, 204, 204, 204
317, 204, 204, 204
318, 204, 204, 204
319, 204, 204, 204
320, 204, 204, 204
321, 204, 204, 204
322, 204, 204, 204
323, 204, 204, 204
324, 204, 204, 204
325, 204, 204, 204
326, 204, 204, 204
327, 204, 204, 204
328, 204, 204, 204
329, 204, 204, 204
330, 204, 204, 204
331, 204, 204, 204
332, 204, 204, 204
333, 204, 204, 204
334, 204, 204, 204
335, 204, 204, 204
336, 204, 204, 204
337, 204, 204, 204
338, 204, 204, 204
339, 204, 204, 204
340, 204, 204, 204
341, 204, 204, 204
342, 204, 204, 204
343, 204, 204, 204
344, 204, 204, 204
345, 204, 204, 204
346, 204, 204, 204
347, 204, 204, 204
348, 204, 204, 204
349, 204, 204, 204
350, 204, 204, 204
351, 204, 204, 204
352, 204, 204, 204
353, 204, 204, 204
354, 204, 204, 204
355, 204, 204, 204
356, 204, 204, 204
357, 204, 204, 204
358, 204, 204, 204
359, 204, 204, 204
360, 204, 204, 204
361, 204, 204, 204
362, 204, 204, 204
363, 204, 204, 204
364, 204, 204, 204
365, 204, 204, 204
366, 204, 204, 204
367, 204, 204, 204
368, 204, 204, 204
369, 204, 204, 204
370, 204, 204, 204
371, 204, 204, 204
372, 204, 204, 204
373, 204, 204, 204
374, 204, 204, 204
375, 204, 204, 204
376, 204, 204, 204
377, 204, 204, 204
378, 204, 204, 204
379, 204, 204, 204
380, 204, 204, 204
381, 204, 204, 204
382, 204, 204, 204
383, 204, 204, 204
384, 204, 204, 204
385, 204, 204, 204
386, 204, 204, 204
387, 204, 204, 204
388, 204, 204, 204
389, 204, 204, 204
390, 204, 204, 204
391, 204, 204, 204
392, 204, 204, 204
393, 204, 204, 204
394, 204, 204, 204
395, 204, 204, 204
396, 204, 204, 204
397, 204, 204, 204
398, 204, 204, 204
399, 204, 204, 204
400, 204, 204, 204
401, 204, 204, 204
402, 204, 204, 204
403, 204, 204, 204
404, 204, 204, 204
405, 204, 204, 204
406, 204, 204, 204
407, 204, 204, 204
408, 204, 204, 204
409, 204, 204, 204
410, 204, 204, 204
411, 204, 204, 204
412, 204, 204, 204
413, 204, 204, 204
414, 204, 204, 204
415, 204, 204, 204
416, 204, 204, 204
417, 204, 204, 204
418, 204, 204, 204
419, 204, 204, 204
420, 204, 204, 204
421, 204, 204, 204
422, 204, 204, 204
423, 204, 204, 204
424, 204, 204, 204
425, 204, 204, 204
426, 204, 204, 204
427, 204, 204, 204
428, 204, 204, 204
429, 204, 204, 204
430, 204, 204, 204
431, 204, 204, 204
432, 204, 204, 204
433, 204, 204, 204
434, 204, 204, 204
435, 204, 204, 204
436, 204, 204, 204
437, 204, 204, 204
438, 204, 204, 204
439, 204, 204, 204
440, 204, 204, 204
441, 204, 204, 204
442, 204, 204, 204
443, 204, 204, 204
444, 204, 204, 204
445, 204, 204, 204
446, 204, 204, 204
447, 204, 204, 204
448, 204, 204, 204
449, 204, 204, 204
450, 204, 204, 204
451, 204, 204, 204
452, 204, 204, 204
453, 204, 204, 204
454, 204, 204, 204
455, 204, 204, 204
456, 204, 204, 204
457, 204, 204, 204
458, 204, 204, 204
459, 204, 204, 204
460, 204, 204, 204
461, 204, 204, 204
462, 204, 204, 204
463, 204, 204, 204
464, 204, 204, 204
465, 204, 204, 204
466, 204, 204, 204
467, 204, 204, 204
468, 204, 204, 204
469, 204, 204, 204
470, 204, 204, 204
471, 204, 204, 204
472, 204, 204, 204
473, 204, 204, 204
474, 204, 204, 204
475, 204, 204, 204
476, 204, 204, 204
477, 204, 204, 204
478, 204, 204, 204
479, 204, 204, 204
480, 204, 204, 204
481, 204, 204, 204
482, 204, 204, 204
483, 204, 204, 204
484, 204, 204, 204
485, 204, 204, 204
486, 204, 204, 204
487, 204, 204, 204
488, 204, 204, 204
489, 204, 204, 204
490, 204, 204, 204
491, 204, 204, 204
492, 204, 204, 204
493, 204, 204, 204
494, 204, 204, 204
495, 204, 204, 204
496, 204, 204, 204
497, 204, 204, 204
498, 204, 204, 204
499, 204, 204, 204
500, 204, 204, 204
501, 204, 204, 204
502, 204, 204, 204
503, 204, 204, 204
504, 204, 204, 204
505, 204, 204, 204
506, 204, 204, 204
507, 204, 204, 204
508, 204, 204, 204
509, 204, 204, 204
510, 204, 204, 204
511, 204, 204, 204
512, 204, 204, 204
513, 204, 204, 204
514, 204, 204, 204
515, 204, 204, 204
516, 204, 204, 204
517, 204, 204, 204
518, 204, 204, 204
519, 204, 204, 204
520, 204, 204, 204
521, 204, 204, 204
522, 204, 204, 204
523, 204, 204, 204
524, 204, 204, 204
525, 204, 204, 204
526, 204, 204, 204
527, 204, 204, 204
528, 204, 204, 204
529, 204, 204, 204
530, 204, 204, 204
531, 204, 204, 204
532, 204, 204, 204
533, 204, 204, 204
534, 204, 204, 204
535, 204, 204, 204
536, 204, 204, 204
537, 204, 204, 204
538, 204, 204, 204
539, 204, 204, 204
540, 204, 204, 204
541, 204, 204, 204
542, 204, 204, 204
543, 204, 204, 204
544, 204, 204, 204
545, 204, 204, 204
546, 204, 204, 204
547, 204, 204, 204
548, 204, 204, 204
549, 204, 204, 204
550, 204, 204, 204
551, 204, 204, 204
552, 204, 204, 204
553, 204, 204, 204
554, 204, 204, 204
555, 204, 204, 204
556, 204, 204, 204
557, 204, 204, 204
558, 204, 204, 204
559, 204, 204, 204
560, 204, 204, 204
561, 204, 204, 204
562, 204, 204, 204
563, 204, 204, 204
564, 204, 204, 204
565, 204, 204, 204
566, 204, 204, 204
567, 204, 204, 204
568, 204, 204, 204
569, 204, 204, 204
570, 204, 204, 204
571, 204, 204, 204
572, 204, 204, 204
573, 204, 204, 204
574, 204, 204, 204
575, 204, 204, 204
576, 204, 204, 204
577, 204, 204, 204
578, 204, 204, 204
579, 204, 204, 204
580, 204, 204, 204
581, 204, 204, 204
582, 204, 204, 204
583, 204, 204, 204
584, 204, 204, 204
585, 204, 204, 204
586, 204, 204, 204
587, 204, 204, 204
588, 204, 204, 204
589, 204, 204, 204
590, 204, 204, 204
591, 204, 204, 204
592, 204, 204, 204
593, 204, 204, 204
594, 204, 204, 204
595, 204, 204, 204
596, 204, 204, 204
597, 204, 204, 204
598, 204, 204, 204
599, 204, 204, 204
600, 204, 204, 204
601, 204, 204, 204
602, 204, 204, 204
603, 204, 204, 204
604, 204, 204, 204
605, 204, 204, 204
606, 204, 204, 204
607, 204, 204, 204
608, 204, 204, 204
609, 204, 204, 204
610, 204, 204, 204
611, 204, 204, 204
612, 204, 204, 204
613, 204, 204, 204
614, 204, 204, 204
615, 204, 204, 204
616, 204, 204, 204
617, 204, 204, 204
618, 204, 204, 204
619, 204, 204, 204
620, 204, 204, 204
621, 204, 204, 204
622, 204, 204, 204
623, 204, 204, 204
624, 204, 204, 204
625, 204, 204, 204
626, 204, 204, 204
627, 204, 204, 204
628, 204, 204, 204
629, 204, 204, 204
630, 204, 204, 204
631, 204, 204, 204
632, 204, 204, 204
633, 204, 204, 204
634, 204, 204, 204
635, 204, 204, 204
636, 204, 204, 204
637, 204, 204, 204
638, 204, 204, 204
639, 204, 204, 204
640, 204, 204, 204
641, 204, 204, 204
642, 204, 204, 204
643, 204, 204, 204
644, 204, 204, 204
645, 204, 204, 204
646, 204, 204, 204
647, 204, 204, 204
648, 204, 204, 204
649, 204, 204, 204
650, 204, 204, 204
651, 204, 204, 204
652, 204, 204, 204
653, 204, 204, 204
654, 204, 204, 204
655, 204, 204, 204
656, 204, 204, 204
657, 204, 204, 204
658, 204, 204, 204
659, 204, 204, 204
660, 204, 204, 204
