Objects, 1
Object:, First Vertice:, Vertices:, First Triangle:, Triangles:
Plane.015, 1, 138, 1, 332

Vertices, 138
Vertice:, X:, Y:, Z:
1, 0.8047704696655273, -2.1169368010014296, -1.4268854260444641
2, 0.8047703504562378, -2.116936745122075, -0.735685408115387
3, 1.4959262013435364, -2.109115478117019, -0.7356853187084198
4, 1.495926171541214, -2.1091155391186476, -1.4268854558467865
5, 1.1503483722336298, -2.11302612923319, -1.4614454209804535
6, 1.0761875733733177, -2.1138653512462042, -1.4541407227516174
7, 1.0048767179250717, -2.1146723156562075, -1.4325074553489685
8, 0.9391562789678574, -2.115416019456461, -1.397376924753189
9, 0.8815518021583557, -2.1160678793676198, -1.3500991761684418
10, 0.8342770338058472, -2.1166028482839465, -1.292491003870964
11, 0.7991487383842468, -2.117000365164131, -1.2267663776874542
12, 0.7775168418884277, -2.117245150730014, -1.1554509848356247
13, 0.7702125906944275, -2.1173277995549142, -1.081285452825746
14, 0.7775167524814606, -2.117245137691498, -1.0071199089288712
15, 0.7991486489772797, -2.1170003386214375, -0.9358045309782028
16, 0.8342769742012024, -2.116602811263874, -0.8700798153877258
17, 0.8815517127513885, -2.11606783606112, -0.8124716281890869
18, 0.9391561895608902, -2.1154159663710743, -0.7651938498020172
19, 1.0048766732215881, -2.114672257564962, -0.7300632297992706
20, 1.0761875286698341, -2.113865288090892, -0.7084299623966217
21, 1.1503483620533679, -2.1130260706155894, -0.701125293970108
22, 1.2245091944932938, -2.112186848302372, -0.7084299921989441
23, 1.2958200573921204, -2.1113798855803907, -0.7300633192062378
24, 1.3615405410528183, -2.110636173048988, -0.7651938796043396
25, 1.4191449582576752, -2.109984315233305, -0.8124717175960541
26, 1.4664197266101837, -2.1094493526034057, -0.8700799196958542
27, 1.501548022031784, -2.1090518347918987, -0.9358046352863312
28, 1.5231798589229584, -2.1088070506229997, -1.0071200653910637
29, 1.5304840207099915, -2.1087244022637606, -1.081285657943738
30, 1.5231797695159912, -2.108807064127177, -1.1554512307047844
31, 1.5015478134155273, -2.10905186412856, -1.2267666459083557
32, 1.466419368982315, -2.109449391020462, -1.292491301894188
33, 1.4191445410251617, -2.1099843620322645, -1.3500994145870209
34, 1.3615400195121765, -2.1106362408027053, -1.3973771333694458
35, 1.295819491147995, -2.1113799420418218, -1.4325076341629028
36, 1.224508598446846, -2.112186914368067, -1.454140841960907
37, 1.1503482712256954, -2.113026101309142, -1.0812854751738854
38, 1.1507436992542353, -2.1479695811867714, -1.0812854724246108
39, 1.2249040231108665, -2.1471304036676884, -1.454140841960907
40, 1.2962149232625961, -2.1463234201073647, -1.4325076341629028
41, 1.3619354665279388, -2.145579718053341, -1.3973771333694458
42, 1.419539988040924, -2.144927851855755, -1.3500994145870209
43, 1.4668148159980774, -2.1443928703665733, -1.292491301894188
44, 1.5019432306289673, -2.143995337188244, -1.2267666459083557
45, 1.5235751867294312, -2.1437505427747965, -1.1554512307047844
46, 1.5308794677257538, -2.1436678804457188, -1.081285654428541
47, 1.5235752761363983, -2.1437505297362804, -1.007120057940483
48, 1.501943439245224, -2.143995312973857, -0.93580462038517
49, 1.4668151438236237, -2.14439282938838, -0.8700799196958542
50, 1.4195404052734375, -2.14492779225111, -0.8124717175960541
51, 1.3619359582662582, -2.1455796509981155, -0.7651938796043396
52, 1.2962154895067215, -2.14632336422801, -0.7300633192062378
53, 1.2249046191573143, -2.147130325436592, -0.7084299921989441
54, 1.15074379008729, -2.1479695476591587, -0.701125293970108
55, 1.0765829533338547, -2.148808766156435, -0.7084299623966217
56, 1.005272090435028, -2.1496157348155975, -0.7300632297992706
57, 0.9395516067743301, -2.150359444320202, -0.7651938498020172
58, 0.8819471299648285, -2.1510113142430782, -0.8124716281890869
59, 0.8346723914146423, -2.1515462957322598, -0.8700798153877258
60, 0.799544095993042, -2.1519438177347183, -0.9358045160770416
61, 0.7779121994972229, -2.152188617736101, -1.0071199089288712
62, 0.7706080079078674, -2.1522712782025337, -1.0812854497590365
63, 0.7779122591018677, -2.1521886251866817, -1.155450977385044
64, 0.7995441555976868, -2.1519438438117504, -1.226766362786293
65, 0.8346724510192871, -2.151546325534582, -1.292491003870964
66, 0.8819472193717957, -2.1510113663971424, -1.3500991761684418
67, 0.9395516961812973, -2.150359496474266, -1.397376924753189
68, 1.0052721500396729, -2.1496157944202423, -1.4325074553489685
69, 1.0765829980373383, -2.148808840662241, -1.4541407227516174
70, 1.1507438003027346, -2.1479696184396744, -1.4614454209804535
71, 1.496321588754654, -2.144059006124735, -1.4268854558467865
72, 1.4963216185569763, -2.144058955833316, -0.7356853187084198
73, 0.8051657676696777, -2.1518802233040333, -0.7356853783130646
74, 0.8051658868789673, -2.1518802903592587, -1.4268854260444641
75, 1.224583588540554, -2.118814136367291, -1.454140841960907
76, 1.1504233672676492, -2.119653351139277, -1.4614454507827759
77, 1.2958944886922836, -2.118007153272629, -1.4325076341629028
78, 1.3616150319576263, -2.1172634521499276, -1.3973771333694458
79, 1.4192195534706116, -2.116611573379487, -1.3500993847846985
80, 1.466494381427765, -2.1160766021348536, -1.292491301894188
81, 1.5016227960586548, -2.115679075708613, -1.2267666459083557
82, 1.5232547521591187, -2.1154342780355364, -1.155451238155365
83, 1.5305590331554413, -2.115351613610983, -1.0812856572653402
84, 1.5232548713684082, -2.1154342617373914, -1.0071200653910637
85, 1.5016230046749115, -2.115679046139121, -0.93580462038517
86, 1.4664947390556335, -2.1160765637177974, -0.8700799196958542
87, 1.4192199409008026, -2.1166115265805274, -0.8124717175960541
88, 1.3616155236959457, -2.1172633841633797, -0.7651938796043396
89, 1.295895054936409, -2.118007096927613, -0.7300633192062378
90, 1.2245841920375824, -2.1188140702433884, -0.7084300220012665
91, 1.1504233569648932, -2.119653271511197, -0.7011252641677856
92, 1.0762625262141228, -2.1204925100319088, -0.7084299623966217
93, 1.0049516558647156, -2.1212994689121842, -0.7300632297992706
94, 0.9392311722040176, -2.122043177485466, -0.7651938498020172
95, 0.881626695394516, -2.1226950474083424, -0.8124716281890869
96, 0.8343519568443298, -2.123230022378266, -0.8700798153877258
97, 0.7992236614227295, -2.12362754996866, -0.9358045309782028
98, 0.777591735124588, -2.12387234903872, -1.0071199089288712
99, 0.7702875435352325, -2.123955011367798, -1.08128545243121
100, 0.7775918543338776, -2.123872362077236, -1.1554509848356247
101, 0.7992237210273743, -2.1236275769770145, -1.226766362786293
102, 0.8343520164489746, -2.123230059631169, -1.292491003870964
103, 0.8816267848014832, -2.122695090249181, -1.3500991761684418
104, 0.939231276512146, -2.1220432305708528, -1.397376924753189
105, 1.0049517154693604, -2.121299526654184, -1.4325074553489685
106, 1.0762625709176064, -2.1204925728961825, -1.4541407227516174
107, 1.2248432487249374, -2.141760066151619, -1.454140841960907
108, 1.1506830284488387, -2.142599280923605, -1.4614454209804535
109, 1.2961541563272476, -2.140953104943037, -1.4325076639652252
110, 1.3618746846914291, -2.1402093935757875, -1.3973771333694458
111, 1.4194791913032532, -2.1395575143396854, -1.3500993847846985
112, 1.4667540490627289, -2.1390225421637297, -1.292491301894188
113, 1.5018824636936188, -2.138625016435981, -1.2267666459083557
114, 1.5235144197940826, -2.138380216434598, -1.1554512307047844
115, 1.5308187007904053, -2.1382975541055202, -1.0812856556780446
116, 1.5235145092010498, -2.1383802015334368, -1.007120057940483
117, 1.5018826723098755, -2.1386249866336584, -0.93580462038517
118, 1.4667543768882751, -2.1390225049108267, -0.8700799196958542
119, 1.419479638338089, -2.1395574677735567, -0.8124717175960541
120, 1.3618751913309097, -2.140209324657917, -0.7651938796043396
121, 1.296154722571373, -2.1409530378878117, -0.7300633192062378
122, 1.2248438522219658, -2.1417600009590387, -0.7084299921989441
123, 1.1506830183498096, -2.1425992231816053, -0.701125293970108
124, 1.0765221863985062, -2.1434384398162365, -0.7084299623966217
125, 1.0052113234996796, -2.144245408475399, -0.7300632297992706
126, 0.9394908398389816, -2.1449891179800034, -0.7651938498020172
127, 0.88188636302948, -2.1456409879028797, -0.8124716281890869
128, 0.8346116244792938, -2.1461759619414806, -0.8700798153877258
129, 0.7994832992553711, -2.14657349139452, -0.9358045309782028
130, 0.7778514325618744, -2.1468182876706123, -1.0071199089288712
131, 0.7705472409725189, -2.146900951862335, -1.0812854496914568
132, 0.7778514921665192, -2.1468182988464832, -1.1554509848356247
133, 0.7994833886623383, -2.146573517471552, -1.226766362786293
134, 0.8346116840839386, -2.1461759991943836, -1.292491003870964
135, 0.8818864524364471, -2.1456410326063633, -1.3500991761684418
136, 0.9394909292459488, -2.1449891701340675, -1.397376924753189
137, 1.0052113682031631, -2.1442454773932695, -1.4325074553489685
138, 1.0765222311019897, -2.1434385031461716, -1.4541407227516174

Triangles, 268
Triangle:, Side1:, Side2:, Side3:
1, 1, 4, 3
2, 1, 3, 2
3, 36, 5, 37
4, 36, 35, 37
5, 35, 34, 37
6, 34, 33, 37
7, 33, 32, 37
8, 32, 31, 37
9, 31, 30, 37
10, 30, 29, 37
11, 29, 28, 37
12, 28, 27, 37
13, 27, 26, 37
14, 26, 25, 37
15, 25, 24, 37
16, 24, 23, 37
17, 23, 22, 37
18, 22, 21, 37
19, 21, 20, 37
20, 20, 19, 37
21, 19, 18, 37
22, 18, 17, 37
23, 17, 16, 37
24, 16, 15, 37
25, 15, 14, 37
26, 14, 13, 37
27, 13, 12, 37
28, 12, 11, 37
29, 11, 10, 37
30, 10, 9, 37
31, 9, 8, 37
32, 8, 7, 37
33, 7, 6, 37
34, 6, 5, 37
35, 3, 4, 71
36, 3, 71, 72
37, 4, 1, 74
38, 4, 74, 71
39, 1, 2, 73
40, 1, 73, 74
41, 2, 3, 72
42, 2, 72, 73
43, 72, 71, 74
44, 72, 74, 73
45, 38, 70, 39
46, 38, 40, 39
47, 38, 41, 40
48, 38, 42, 41
49, 38, 43, 42
50, 38, 44, 43
51, 38, 45, 44
52, 38, 46, 45
53, 38, 47, 46
54, 38, 48, 47
55, 38, 49, 48
56, 38, 50, 49
57, 38, 51, 50
58, 38, 52, 51
59, 38, 53, 52
60, 38, 54, 53
61, 38, 55, 54
62, 38, 56, 55
63, 38, 57, 56
64, 38, 58, 57
65, 38, 59, 58
66, 38, 60, 59
67, 38, 61, 60
68, 38, 62, 61
69, 38, 63, 62
70, 38, 64, 63
71, 38, 65, 64
72, 38, 66, 65
73, 38, 67, 66
74, 38, 68, 67
75, 38, 69, 68
76, 38, 70, 69
77, 36, 75, 76
78, 36, 76, 5
79, 36, 75, 77
80, 36, 77, 35
81, 35, 77, 78
82, 35, 78, 34
83, 34, 78, 79
84, 34, 79, 33
85, 33, 79, 80
86, 33, 80, 32
87, 32, 80, 81
88, 32, 81, 31
89, 31, 81, 82
90, 31, 82, 30
91, 30, 82, 83
92, 30, 83, 29
93, 29, 83, 84
94, 29, 84, 28
95, 28, 84, 85
96, 28, 85, 27
97, 27, 85, 86
98, 27, 86, 26
99, 26, 86, 87
100, 26, 87, 25
101, 25, 87, 88
102, 25, 88, 24
103, 24, 88, 89
104, 24, 89, 23
105, 23, 89, 90
106, 23, 90, 22
107, 22, 90, 91
108, 22, 91, 21
109, 21, 91, 92
110, 21, 92, 20
111, 20, 92, 93
112, 20, 93, 19
113, 19, 93, 94
114, 19, 94, 18
115, 18, 94, 95
116, 18, 95, 17
117, 17, 95, 96
118, 17, 96, 16
119, 16, 96, 97
120, 16, 97, 15
121, 15, 97, 98
122, 15, 98, 14
123, 14, 98, 99
124, 14, 99, 13
125, 13, 99, 100
126, 13, 100, 12
127, 12, 100, 101
128, 12, 101, 11
129, 11, 101, 102
130, 11, 102, 10
131, 10, 102, 103
132, 10, 103, 9
133, 9, 103, 104
134, 9, 104, 8
135, 8, 104, 105
136, 8, 105, 7
137, 7, 105, 106
138, 7, 106, 6
139, 6, 106, 76
140, 6, 76, 5
141, 75, 107, 108
142, 75, 108, 76
143, 107, 39, 70
144, 107, 70, 108
145, 75, 107, 109
146, 75, 109, 77
147, 107, 39, 40
148, 107, 40, 109
149, 77, 109, 110
150, 77, 110, 78
151, 109, 40, 41
152, 109, 41, 110
153, 78, 110, 111
154, 78, 111, 79
155, 110, 41, 42
156, 110, 42, 111
157, 79, 111, 112
158, 79, 112, 80
159, 111, 42, 43
160, 111, 43, 112
161, 80, 112, 113
162, 80, 113, 81
163, 112, 43, 44
164, 112, 44, 113
165, 81, 113, 114
166, 81, 114, 82
167, 113, 44, 45
168, 113, 45, 114
169, 82, 114, 115
170, 82, 115, 83
171, 114, 45, 46
172, 114, 46, 115
173, 83, 115, 116
174, 83, 116, 84
175, 115, 46, 47
176, 115, 47, 116
177, 84, 116, 117
178, 84, 117, 85
179, 116, 47, 48
180, 116, 48, 117
181, 85, 117, 118
182, 85, 118, 86
183, 117, 48, 49
184, 117, 49, 118
185, 86, 118, 119
186, 86, 119, 87
187, 118, 49, 50
188, 118, 50, 119
189, 87, 119, 120
190, 87, 120, 88
191, 119, 50, 51
192, 119, 51, 120
193, 88, 120, 121
194, 88, 121, 89
195, 120, 51, 52
196, 120, 52, 121
197, 89, 121, 122
198, 89, 122, 90
199, 121, 52, 53
200, 121, 53, 122
201, 90, 122, 123
202, 90, 123, 91
203, 122, 53, 54
204, 122, 54, 123
205, 91, 123, 124
206, 91, 124, 92
207, 123, 54, 55
208, 123, 55, 124
209, 92, 124, 125
210, 92, 125, 93
211, 124, 55, 56
212, 124, 56, 125
213, 93, 125, 126
214, 93, 126, 94
215, 125, 56, 57
216, 125, 57, 126
217, 94, 126, 127
218, 94, 127, 95
219, 126, 57, 58
220, 126, 58, 127
221, 95, 127, 128
222, 95, 128, 96
223, 127, 58, 59
224, 127, 59, 128
225, 96, 128, 129
226, 96, 129, 97
227, 128, 59, 60
228, 128, 60, 129
229, 97, 129, 130
230, 97, 130, 98
231, 129, 60, 61
232, 129, 61, 130
233, 98, 130, 131
234, 98, 131, 99
235, 130, 61, 62
236, 130, 62, 131
237, 99, 131, 132
238, 99, 132, 100
239, 131, 62, 63
240, 131, 63, 132
241, 100, 132, 133
242, 100, 133, 101
243, 132, 63, 64
244, 132, 64, 133
245, 101, 133, 134
246, 101, 134, 102
247, 133, 64, 65
248, 133, 65, 134
249, 102, 134, 135
250, 102, 135, 103
251, 134, 65, 66
252, 134, 66, 135
253, 103, 135, 136
254, 103, 136, 104
255, 135, 66, 67
256, 135, 67, 136
257, 104, 136, 137
258, 104, 137, 105
259, 136, 67, 68
260, 136, 68, 137
261, 105, 137, 138
262, 105, 138, 106
263, 137, 68, 69
264, 137, 69, 138
265, 106, 138, 108
266, 106, 108, 76
267, 138, 69, 70
268, 138, 70, 108

Colors, 268
Triangle:, Red:, Green:, Blue:
1, 1, 1, 1
2, 1, 1, 1
3, 1, 1, 1
4, 1, 1, 1
5, 1, 1, 1
6, 1, 1, 1
7, 1, 1, 1
8, 1, 1, 1
9, 1, 1, 1
10, 1, 1, 1
11, 1, 1, 1
12, 1, 1, 1
13, 1, 1, 1
14, 1, 1, 1
15, 1, 1, 1
16, 1, 1, 1
17, 1, 1, 1
18, 1, 1, 1
19, 1, 1, 1
20, 1, 1, 1
21, 1, 1, 1
22, 1, 1, 1
23, 1, 1, 1
24, 1, 1, 1
25, 1, 1, 1
26, 1, 1, 1
27, 1, 1, 1
28, 1, 1, 1
29, 1, 1, 1
30, 1, 1, 1
31, 1, 1, 1
32, 1, 1, 1
33, 1, 1, 1
34, 1, 1, 1
35, 1, 1, 1
36, 1, 1, 1
37, 1, 1, 1
38, 1, 1, 1
39, 1, 1, 1
40, 1, 1, 1
41, 1, 1, 1
42, 1, 1, 1
43, 1, 1, 1
44, 1, 1, 1
45, 1, 1, 1
46, 1, 1, 1
47, 1, 1, 1
48, 1, 1, 1
49, 1, 1, 1
50, 1, 1, 1
51, 1, 1, 1
52, 1, 1, 1
53, 1, 1, 1
54, 1, 1, 1
55, 1, 1, 1
56, 1, 1, 1
57, 1, 1, 1
58, 1, 1, 1
59, 1, 1, 1
60, 1, 1, 1
61, 1, 1, 1
62, 1, 1, 1
63, 1, 1, 1
64, 1, 1, 1
65, 1, 1, 1
66, 1, 1, 1
67, 1, 1, 1
68, 1, 1, 1
69, 1, 1, 1
70, 1, 1, 1
71, 1, 1, 1
72, 1, 1, 1
73, 1, 1, 1
74, 1, 1, 1
75, 1, 1, 1
76, 1, 1, 1
77, 1, 1, 1
78, 1, 1, 1
79, 1, 1, 1
80, 1, 1, 1
81, 1, 1, 1
82, 1, 1, 1
83, 1, 1, 1
84, 1, 1, 1
85, 1, 1, 1
86, 1, 1, 1
87, 1, 1, 1
88, 1, 1, 1
89, 1, 1, 1
90, 1, 1, 1
91, 1, 1, 1
92, 1, 1, 1
93, 1, 1, 1
94, 1, 1, 1
95, 1, 1, 1
96, 1, 1, 1
97, 1, 1, 1
98, 1, 1, 1
99, 1, 1, 1
100, 1, 1, 1
101, 1, 1, 1
102, 1, 1, 1
103, 1, 1, 1
104, 1, 1, 1
105, 1, 1, 1
106, 1, 1, 1
107, 1, 1, 1
108, 1, 1, 1
109, 1, 1, 1
110, 1, 1, 1
111, 1, 1, 1
112, 1, 1, 1
113, 1, 1, 1
114, 1, 1, 1
115, 1, 1, 1
116, 1, 1, 1
117, 1, 1, 1
118, 1, 1, 1
119, 1, 1, 1
120, 1, 1, 1
121, 1, 1, 1
122, 1, 1, 1
123, 1, 1, 1
124, 1, 1, 1
125, 1, 1, 1
126, 1, 1, 1
127, 1, 1, 1
128, 1, 1, 1
129, 1, 1, 1
130, 1, 1, 1
131, 1, 1, 1
132, 1, 1, 1
133, 1, 1, 1
134, 1, 1, 1
135, 1, 1, 1
136, 1, 1, 1
137, 1, 1, 1
138, 1, 1, 1
139, 1, 1, 1
140, 1, 1, 1
141, 1, 1, 1
142, 1, 1, 1
143, 1, 1, 1
144, 1, 1, 1
145, 1, 1, 1
146, 1, 1, 1
147, 1, 1, 1
148, 1, 1, 1
149, 1, 1, 1
150, 1, 1, 1
151, 1, 1, 1
152, 1, 1, 1
153, 1, 1, 1
154, 1, 1, 1
155, 1, 1, 1
156, 1, 1, 1
157, 1, 1, 1
158, 1, 1, 1
159, 1, 1, 1
160, 1, 1, 1
161, 1, 1, 1
162, 1, 1, 1
163, 1, 1, 1
164, 1, 1, 1
165, 1, 1, 1
166, 1, 1, 1
167, 1, 1, 1
168, 1, 1, 1
169, 1, 1, 1
170, 1, 1, 1
171, 1, 1, 1
172, 1, 1, 1
173, 1, 1, 1
174, 1, 1, 1
175, 1, 1, 1
176, 1, 1, 1
177, 1, 1, 1
178, 1, 1, 1
179, 1, 1, 1
180, 1, 1, 1
181, 1, 1, 1
182, 1, 1, 1
183, 1, 1, 1
184, 1, 1, 1
185, 1, 1, 1
186, 1, 1, 1
187, 1, 1, 1
188, 1, 1, 1
189, 1, 1, 1
190, 1, 1, 1
191, 1, 1, 1
192, 1, 1, 1
193, 1, 1, 1
194, 1, 1, 1
195, 1, 1, 1
196, 1, 1, 1
197, 1, 1, 1
198, 1, 1, 1
199, 1, 1, 1
200, 1, 1, 1
201, 1, 1, 1
202, 1, 1, 1
203, 1, 1, 1
204, 1, 1, 1
205, 1, 1, 1
206, 1, 1, 1
207, 1, 1, 1
208, 1, 1, 1
209, 1, 1, 1
210, 1, 1, 1
211, 1, 1, 1
212, 1, 1, 1
213, 1, 1, 1
214, 1, 1, 1
215, 1, 1, 1
216, 1, 1, 1
217, 1, 1, 1
218, 1, 1, 1
219, 1, 1, 1
220, 1, 1, 1
221, 1, 1, 1
222, 1, 1, 1
223, 1, 1, 1
224, 1, 1, 1
225, 1, 1, 1
226, 1, 1, 1
227, 1, 1, 1
228, 1, 1, 1
229, 1, 1, 1
230, 1, 1, 1
231, 1, 1, 1
232, 1, 1, 1
233, 1, 1, 1
234, 1, 1, 1
235, 1, 1, 1
236, 1, 1, 1
237, 1, 1, 1
238, 1, 1, 1
239, 1, 1, 1
240, 1, 1, 1
241, 1, 1, 1
242, 1, 1, 1
243, 1, 1, 1
244, 1, 1, 1
245, 1, 1, 1
246, 1, 1, 1
247, 1, 1, 1
248, 1, 1, 1
249, 1, 1, 1
250, 1, 1, 1
251, 1, 1, 1
252, 1, 1, 1
253, 1, 1, 1
254, 1, 1, 1
255, 1, 1, 1
256, 1, 1, 1
257, 1, 1, 1
258, 1, 1, 1
259, 1, 1, 1
260, 1, 1, 1
261, 1, 1, 1
262, 1, 1, 1
263, 1, 1, 1
264, 1, 1, 1
265, 1, 1, 1
266, 1, 1, 1
267, 1, 1, 1
268, 1, 1, 1
