Objects, 1
Object:, First Vertice:, Vertices:, First Triangle:, Triangles:
Plane.004, 1, 8, 1, 12

Vertices, 8
Vertice:, X:, Y:, Z:
1, 0.3985280394554138, -1.99961519241333, -1.247951865196228
2, 0.39176416397094727, -1.99961519241333, -1.247951865196228
3, 0.3917641341686249, -2.002330780029297, -1.0079668760299683
4, 0.39852800965309143, -2.002330780029297, -1.0079668760299683
5, 0.3985280394554138, -2.007092237472534, -1.0080206394195557
6, 0.39176416397094727, -2.007092237472534, -1.0080206394195557
7, 0.39176419377326965, -2.0043764114379883, -1.248005747795105
8, 0.3985280394554138, -2.0043766498565674, -1.248005747795105

Triangles, 12
Triangle:, Side1:, Side2:, Side3:
1, 1, 4, 3
2, 1, 3, 2
3, 3, 4, 5
4, 3, 5, 6
5, 4, 1, 8
6, 4, 8, 5
7, 1, 2, 7
8, 1, 7, 8
9, 2, 3, 6
10, 2, 6, 7
11, 6, 5, 8
12, 6, 8, 7

Colors, 12
Triangle:, Red:, Green:, Blue:
1, 204, 204, 204
2, 204, 204, 204
3, 204, 204, 204
4, 204, 204, 204
5, 204, 204, 204
6, 204, 204, 204
7, 204, 204, 204
8, 204, 204, 204
9, 204, 204, 204
10, 204, 204, 204
11, 204, 204, 204
12, 204, 204, 204
