Objects, 1
Object:, First Vertice:, Vertices:, First Triangle:, Triangles:
Plane.001, 1, 8, 1, 12

Vertices, 8
Vertice:, X:, Y:, Z:
1, -0.008546119090169668, -1.8358918577432632, -1.1667168140411377
2, 0.012671499513089657, -1.910527229309082, -1.1667168140411377
3, -0.04038430657237768, -1.910527266561985, -1.1667168140411377
4, -0.01916694175451994, -1.8358919322490692, -1.1667168140411377
5, -0.01916694175451994, -1.8358919322490692, -1.1735522747039795
6, -0.04038430657237768, -1.910527266561985, -1.1735522747039795
7, 0.012671499513089657, -1.9105272218585014, -1.1735522747039795
8, -0.008546119090169668, -1.8358918577432632, -1.1735522747039795

Triangles, 12
Triangle:, Side1:, Side2:, Side3:
1, 4, 1, 2
2, 4, 2, 3
3, 3, 2, 7
4, 3, 7, 6
5, 4, 3, 6
6, 4, 6, 5
7, 1, 4, 5
8, 1, 5, 8
9, 2, 1, 8
10, 2, 8, 7
11, 7, 8, 5
12, 7, 5, 6

Colors, 12
Triangle:, Red:, Green:, Blue:
1, 204, 204, 204
2, 204, 204, 204
3, 204, 204, 204
4, 204, 204, 204
5, 204, 204, 204
6, 204, 204, 204
7, 204, 204, 204
8, 204, 204, 204
9, 204, 204, 204
10, 204, 204, 204
11, 204, 204, 204
12, 204, 204, 204
