Objects, 1
Object:, First Vertice:, Vertices:, First Triangle:, Triangles:
Plane.011, 1, 8, 1, 12

Vertices, 8
Vertice:, X:, Y:, Z:
1, -0.4538949728012085, -2.0002222061157227, -1.1693984270095825
2, -0.4538949728012085, -2.0002222061157227, -1.1612818241119385
3, -0.16591282188892365, -2.003480911254883, -1.1612818241119385
4, -0.16591288149356842, -2.003480911254883, -1.1693984270095825
5, -0.16597753763198853, -2.0091943740844727, -1.1693984270095825
6, -0.16597747802734375, -2.0091943740844727, -1.1612818241119385
7, -0.4539596438407898, -2.0059356689453125, -1.1612818241119385
8, -0.4539596140384674, -2.0059356689453125, -1.1693984270095825

Triangles, 12
Triangle:, Side1:, Side2:, Side3:
1, 1, 4, 3
2, 1, 3, 2
3, 3, 4, 5
4, 3, 5, 6
5, 4, 1, 8
6, 4, 8, 5
7, 1, 2, 7
8, 1, 7, 8
9, 2, 3, 6
10, 2, 6, 7
11, 6, 5, 8
12, 6, 8, 7

Colors, 12
Triangle:, Red:, Green:, Blue:
1, 204, 204, 204
2, 204, 204, 204
3, 204, 204, 204
4, 204, 204, 204
5, 204, 204, 204
6, 204, 204, 204
7, 204, 204, 204
8, 204, 204, 204
9, 204, 204, 204
10, 204, 204, 204
11, 204, 204, 204
12, 204, 204, 204
