Objects, 1
Object:, First Vertice:, Vertices:, First Triangle:, Triangles:
Plane.016, 1, 138, 1, 332

Vertices, 138
Vertice:, X:, Y:, Z:
1, -0.8098164796829224, -2.039902687072754, -1.4460573196411133
2, -1.3696883916854858, -2.039902925491333, -1.446057379245758
3, -1.3696883916854858, -2.0335676670074463, -0.8862210512161255
4, -0.8098163604736328, -2.0335676670074463, -0.8862210512161255
5, -0.781822919845581, -2.0367352962493896, -1.1661391258239746
6, -0.787739634513855, -2.037415027618408, -1.2262094616889954
7, -0.8052626848220825, -2.0380685329437256, -1.2839712500572205
8, -0.8337182998657227, -2.0386710166931152, -1.3372046947479248
9, -0.8720134496688843, -2.039198875427246, -1.383864402770996
10, -0.9186757802963257, -2.0396323204040527, -1.422156810760498
11, -0.9719128608703613, -2.039954423904419, -1.450610876083374
12, -1.029678225517273, -2.0401525497436523, -1.468132734298706
13, -1.0897523164749146, -2.04021954536438, -1.474049150943756
14, -1.1498264074325562, -2.0401525497436523, -1.4681327939033508
15, -1.2075920104980469, -2.03995418548584, -1.4506109356880188
16, -1.260828971862793, -2.0396323204040527, -1.4221569895744324
17, -1.3074915409088135, -2.039199113845825, -1.3838644623756409
18, -1.3457865715026855, -2.0386710166931152, -1.3372048139572144
19, -1.37424236536026, -2.0380687713623047, -1.2839712500572205
20, -1.391765296459198, -2.037415027618408, -1.2262094616889954
21, -1.3976820707321167, -2.0367352962493896, -1.1661391258239746
22, -1.3917652368545532, -2.036055564880371, -1.1060688495635986
23, -1.3742423057556152, -2.0354018211364746, -1.0483070611953735
24, -1.345786452293396, -2.034799575805664, -0.9950735569000244
25, -1.3074914813041687, -2.034271478652954, -0.9484139680862427
26, -1.2608289122581482, -2.0338382720947266, -0.9101214408874512
27, -1.2075918912887573, -2.0335161685943604, -0.8816674947738647
28, -1.1498262882232666, -2.033318042755127, -0.8641456365585327
29, -1.0897523164749146, -2.0332508087158203, -0.8582292795181274
30, -1.0296779870986938, -2.033317804336548, -0.8641457557678223
31, -0.9719126224517822, -2.0335161685943604, -0.8816676139831543
32, -0.9186756610870361, -2.0338382720947266, -0.9101215600967407
33, -0.8720130920410156, -2.034271478652954, -0.9484142065048218
34, -0.8337181806564331, -2.034799337387085, -0.9950739145278931
35, -0.8052623271942139, -2.0354018211364746, -1.0483075380325317
36, -0.7877395153045654, -2.036055564880371, -1.1060693264007568
37, -1.0897523164749146, -2.0367352962493896, -1.1661391854286194
38, -1.0897523164749146, -2.0650391578674316, -1.165818989276886
39, -0.7877395153045654, -2.064359426498413, -1.1057491302490234
40, -0.8052624464035034, -2.0637056827545166, -1.0479873418807983
41, -0.8337180614471436, -2.063103437423706, -0.9947535991668701
42, -0.8720130920410156, -2.062575340270996, -0.9480940103530884
43, -0.9186756610870361, -2.0621421337127686, -0.9098013639450073
44, -0.9719126224517822, -2.0618200302124023, -0.8813474178314209
45, -1.0296781063079834, -2.061621904373169, -0.8638255596160889
46, -1.089752197265625, -2.0615549087524414, -0.8579089641571045
47, -1.1498262882232666, -2.061621904373169, -0.8638254404067993
48, -1.2075917720794678, -2.0618202686309814, -0.8813471794128418
49, -1.2608289122581482, -2.0621421337127686, -0.9098012447357178
50, -1.3074915409088135, -2.062575340270996, -0.9480936527252197
51, -1.3457865118980408, -2.063103437423706, -0.994753360748291
52, -1.3742423057556152, -2.0637059211730957, -1.0479867458343506
53, -1.3917651772499084, -2.064359426498413, -1.1057485342025757
54, -1.3976820707321167, -2.0650391578674316, -1.1658188104629517
55, -1.391765296459198, -2.06571888923645, -1.2258891463279724
56, -1.37424236536026, -2.0663726329803467, -1.2836509346961975
57, -1.3457865118980408, -2.0669751167297363, -1.3368845582008362
58, -1.3074915409088135, -2.067502975463867, -1.383544147014618
59, -1.260828971862793, -2.0679361820220947, -1.4218366146087646
60, -1.2075920104980469, -2.068258285522461, -1.4502906203269958
61, -1.1498264074325562, -2.0684566497802734, -1.4678124785423279
62, -1.089752435684204, -2.068523406982422, -1.4737288355827332
63, -1.029678225517273, -2.0684566497802734, -1.467812418937683
64, -0.9719128608703613, -2.068258285522461, -1.450290560722351
65, -0.9186757802963257, -2.067936420440674, -1.4218366146087646
66, -0.8720134496688843, -2.067502975463867, -1.3835440278053284
67, -0.8337182998657227, -2.0669748783111572, -1.3368844389915466
68, -0.8052626848220825, -2.0663726329803467, -1.2836509346961975
69, -0.7877397537231445, -2.06571888923645, -1.2258891463279724
70, -0.781822919845581, -2.0650391578674316, -1.1658188700675964
71, -0.8098163604736328, -2.0618720054626465, -0.8859007358551025
72, -1.3696883916854858, -2.0618720054626465, -0.8859007358551025
73, -1.3696883916854858, -2.068207025527954, -1.445737063884735
74, -0.8098164796829224, -2.068207025527954, -1.445737063884735
75, -0.787739634513855, -2.0414233207702637, -1.1060086488723755
76, -0.781822919845581, -2.0421030521392822, -1.1660784482955933
77, -0.8052623271942139, -2.0407698154449463, -1.0482467412948608
78, -0.8337180614471436, -2.0401673316955566, -0.9950131177902222
79, -0.8720130920410156, -2.039639472961426, -0.9483534097671509
80, -0.9186756610870361, -2.039206027984619, -0.9100608825683594
81, -0.9719127416610718, -2.038883924484253, -0.881606936454773
82, -1.0296779870986938, -2.0386857986450195, -0.8640850782394409
83, -1.089752197265625, -2.038618803024292, -0.8581684827804565
84, -1.1498262882232666, -2.0386857986450195, -0.8640849590301514
85, -1.2075917720794678, -2.038884162902832, -0.8816066980361938
86, -1.2608287930488586, -2.039206027984619, -0.9100606441497803
87, -1.3074914813041687, -2.039639472961426, -0.9483531713485718
88, -1.3457865118980408, -2.0401673316955566, -0.9950128793716431
89, -1.3742423057556152, -2.0407698154449463, -1.0482462644577026
90, -1.3917652368545532, -2.0414233207702637, -1.1060080528259277
91, -1.3976820707321167, -2.0421030521392822, -1.1660783290863037
92, -1.391765296459198, -2.042782783508301, -1.2261487245559692
93, -1.3742424249649048, -2.0434365272521973, -1.2839105129241943
94, -1.3457865715026855, -2.044038772583008, -1.3371440172195435
95, -1.3074915409088135, -2.0445668697357178, -1.38380366563797
96, -1.260828971862793, -2.0450003147125244, -1.4220961928367615
97, -1.2075918912887573, -2.0453221797943115, -1.450550138950348
98, -1.1498265266418457, -2.045520544052124, -1.4680720567703247
99, -1.0897523164749146, -2.0455875396728516, -1.4739883542060852
100, -1.029678225517273, -2.045520544052124, -1.46807199716568
101, -0.9719128608703613, -2.0453221797943115, -1.4505500793457031
102, -0.9186758995056152, -2.0450000762939453, -1.4220961332321167
103, -0.8720134496688843, -2.0445668697357178, -1.3838036060333252
104, -0.8337182998657227, -2.044038772583008, -1.3371440172195435
105, -0.8052626848220825, -2.0434365272521973, -1.2839105129241943
106, -0.787739634513855, -2.042782783508301, -1.2261486053466797
107, -0.7877395153045654, -2.060009479522705, -1.1057982444763184
108, -0.781822919845581, -2.0606894493103027, -1.1658680438995361
109, -0.8052623271942139, -2.0593559741973877, -1.0480365753173828
110, -0.8337180614471436, -2.058753490447998, -0.9948028326034546
111, -0.8720130920410156, -2.058225393295288, -0.9481431245803833
112, -0.9186756610870361, -2.0577921867370605, -0.9098505973815918
113, -0.9719126224517822, -2.0574703216552734, -0.8813965320587158
114, -1.0296779870986938, -2.057271957397461, -0.8638747930526733
115, -1.0897523164749146, -2.0572049617767334, -0.857958197593689
116, -1.1498262882232666, -2.057271957397461, -0.8638745546340942
117, -1.2075918912887573, -2.0574700832366943, -0.8813964128494263
118, -1.2608288526535034, -2.0577921867370605, -0.9098503589630127
119, -1.3074914813041687, -2.058225631713867, -0.9481428861618042
120, -1.345786452293396, -2.058753490447998, -0.9948024749755859
121, -1.3742423057556152, -2.0593559741973877, -1.048035979270935
122, -1.3917651772499084, -2.060009717941284, -1.1057977676391602
123, -1.3976820707321167, -2.0606894493103027, -1.1658680438995361
124, -1.3917652368545532, -2.0613691806793213, -1.2259384393692017
125, -1.37424236536026, -2.0620226860046387, -1.2837002277374268
126, -1.3457865715026855, -2.0626251697540283, -1.3369337320327759
127, -1.3074915409088135, -2.063153028488159, -1.3835933804512024
128, -1.2608289122581482, -2.063586473464966, -1.421885907649994
129, -1.2075920104980469, -2.063908338546753, -1.4503398537635803
130, -1.1498265266418457, -2.0641067028045654, -1.4678616523742676
131, -1.089752435684204, -2.064173698425293, -1.4737781286239624
132, -1.0296783447265625, -2.0641067028045654, -1.4678616523742676
133, -0.9719128608703613, -2.063908338546753, -1.4503398537635803
134, -0.9186757802963257, -2.063586473464966, -1.4218857288360596
135, -0.8720134496688843, -2.063153028488159, -1.3835933208465576
136, -0.8337182998657227, -2.0626251697540283, -1.3369336128234863
137, -0.8052626848220825, -2.0620226860046387, -1.283700168132782
138, -0.787739634513855, -2.061368942260742, -1.2259383797645569

Triangles, 268
Triangle:, Side1:, Side2:, Side3:
1, 1, 4, 3
2, 1, 3, 2
3, 36, 5, 37
4, 36, 35, 37
5, 35, 34, 37
6, 34, 33, 37
7, 33, 32, 37
8, 32, 31, 37
9, 31, 30, 37
10, 30, 29, 37
11, 29, 28, 37
12, 28, 27, 37
13, 27, 26, 37
14, 26, 25, 37
15, 25, 24, 37
16, 24, 23, 37
17, 23, 22, 37
18, 22, 21, 37
19, 21, 20, 37
20, 20, 19, 37
21, 19, 18, 37
22, 18, 17, 37
23, 17, 16, 37
24, 16, 15, 37
25, 15, 14, 37
26, 14, 13, 37
27, 13, 12, 37
28, 12, 11, 37
29, 11, 10, 37
30, 10, 9, 37
31, 9, 8, 37
32, 8, 7, 37
33, 7, 6, 37
34, 6, 5, 37
35, 3, 4, 71
36, 3, 71, 72
37, 4, 1, 74
38, 4, 74, 71
39, 1, 2, 73
40, 1, 73, 74
41, 2, 3, 72
42, 2, 72, 73
43, 72, 71, 74
44, 72, 74, 73
45, 38, 70, 39
46, 38, 40, 39
47, 38, 41, 40
48, 38, 42, 41
49, 38, 43, 42
50, 38, 44, 43
51, 38, 45, 44
52, 38, 46, 45
53, 38, 47, 46
54, 38, 48, 47
55, 38, 49, 48
56, 38, 50, 49
57, 38, 51, 50
58, 38, 52, 51
59, 38, 53, 52
60, 38, 54, 53
61, 38, 55, 54
62, 38, 56, 55
63, 38, 57, 56
64, 38, 58, 57
65, 38, 59, 58
66, 38, 60, 59
67, 38, 61, 60
68, 38, 62, 61
69, 38, 63, 62
70, 38, 64, 63
71, 38, 65, 64
72, 38, 66, 65
73, 38, 67, 66
74, 38, 68, 67
75, 38, 69, 68
76, 38, 70, 69
77, 36, 75, 76
78, 36, 76, 5
79, 36, 75, 77
80, 36, 77, 35
81, 35, 77, 78
82, 35, 78, 34
83, 34, 78, 79
84, 34, 79, 33
85, 33, 79, 80
86, 33, 80, 32
87, 32, 80, 81
88, 32, 81, 31
89, 31, 81, 82
90, 31, 82, 30
91, 30, 82, 83
92, 30, 83, 29
93, 29, 83, 84
94, 29, 84, 28
95, 28, 84, 85
96, 28, 85, 27
97, 27, 85, 86
98, 27, 86, 26
99, 26, 86, 87
100, 26, 87, 25
101, 25, 87, 88
102, 25, 88, 24
103, 24, 88, 89
104, 24, 89, 23
105, 23, 89, 90
106, 23, 90, 22
107, 22, 90, 91
108, 22, 91, 21
109, 21, 91, 92
110, 21, 92, 20
111, 20, 92, 93
112, 20, 93, 19
113, 19, 93, 94
114, 19, 94, 18
115, 18, 94, 95
116, 18, 95, 17
117, 17, 95, 96
118, 17, 96, 16
119, 16, 96, 97
120, 16, 97, 15
121, 15, 97, 98
122, 15, 98, 14
123, 14, 98, 99
124, 14, 99, 13
125, 13, 99, 100
126, 13, 100, 12
127, 12, 100, 101
128, 12, 101, 11
129, 11, 101, 102
130, 11, 102, 10
131, 10, 102, 103
132, 10, 103, 9
133, 9, 103, 104
134, 9, 104, 8
135, 8, 104, 105
136, 8, 105, 7
137, 7, 105, 106
138, 7, 106, 6
139, 6, 106, 76
140, 6, 76, 5
141, 75, 107, 108
142, 75, 108, 76
143, 107, 39, 70
144, 107, 70, 108
145, 75, 107, 109
146, 75, 109, 77
147, 107, 39, 40
148, 107, 40, 109
149, 77, 109, 110
150, 77, 110, 78
151, 109, 40, 41
152, 109, 41, 110
153, 78, 110, 111
154, 78, 111, 79
155, 110, 41, 42
156, 110, 42, 111
157, 79, 111, 112
158, 79, 112, 80
159, 111, 42, 43
160, 111, 43, 112
161, 80, 112, 113
162, 80, 113, 81
163, 112, 43, 44
164, 112, 44, 113
165, 81, 113, 114
166, 81, 114, 82
167, 113, 44, 45
168, 113, 45, 114
169, 82, 114, 115
170, 82, 115, 83
171, 114, 45, 46
172, 114, 46, 115
173, 83, 115, 116
174, 83, 116, 84
175, 115, 46, 47
176, 115, 47, 116
177, 84, 116, 117
178, 84, 117, 85
179, 116, 47, 48
180, 116, 48, 117
181, 85, 117, 118
182, 85, 118, 86
183, 117, 48, 49
184, 117, 49, 118
185, 86, 118, 119
186, 86, 119, 87
187, 118, 49, 50
188, 118, 50, 119
189, 87, 119, 120
190, 87, 120, 88
191, 119, 50, 51
192, 119, 51, 120
193, 88, 120, 121
194, 88, 121, 89
195, 120, 51, 52
196, 120, 52, 121
197, 89, 121, 122
198, 89, 122, 90
199, 121, 52, 53
200, 121, 53, 122
201, 90, 122, 123
202, 90, 123, 91
203, 122, 53, 54
204, 122, 54, 123
205, 91, 123, 124
206, 91, 124, 92
207, 123, 54, 55
208, 123, 55, 124
209, 92, 124, 125
210, 92, 125, 93
211, 124, 55, 56
212, 124, 56, 125
213, 93, 125, 126
214, 93, 126, 94
215, 125, 56, 57
216, 125, 57, 126
217, 94, 126, 127
218, 94, 127, 95
219, 126, 57, 58
220, 126, 58, 127
221, 95, 127, 128
222, 95, 128, 96
223, 127, 58, 59
224, 127, 59, 128
225, 96, 128, 129
226, 96, 129, 97
227, 128, 59, 60
228, 128, 60, 129
229, 97, 129, 130
230, 97, 130, 98
231, 129, 60, 61
232, 129, 61, 130
233, 98, 130, 131
234, 98, 131, 99
235, 130, 61, 62
236, 130, 62, 131
237, 99, 131, 132
238, 99, 132, 100
239, 131, 62, 63
240, 131, 63, 132
241, 100, 132, 133
242, 100, 133, 101
243, 132, 63, 64
244, 132, 64, 133
245, 101, 133, 134
246, 101, 134, 102
247, 133, 64, 65
248, 133, 65, 134
249, 102, 134, 135
250, 102, 135, 103
251, 134, 65, 66
252, 134, 66, 135
253, 103, 135, 136
254, 103, 136, 104
255, 135, 66, 67
256, 135, 67, 136
257, 104, 136, 137
258, 104, 137, 105
259, 136, 67, 68
260, 136, 68, 137
261, 105, 137, 138
262, 105, 138, 106
263, 137, 68, 69
264, 137, 69, 138
265, 106, 138, 108
266, 106, 108, 76
267, 138, 69, 70
268, 138, 70, 108

Colors, 268
Triangle:, Red:, Green:, Blue:
1, 1, 1, 1
2, 1, 1, 1
3, 1, 1, 1
4, 1, 1, 1
5, 1, 1, 1
6, 1, 1, 1
7, 1, 1, 1
8, 1, 1, 1
9, 1, 1, 1
10, 1, 1, 1
11, 1, 1, 1
12, 1, 1, 1
13, 1, 1, 1
14, 1, 1, 1
15, 1, 1, 1
16, 1, 1, 1
17, 1, 1, 1
18, 1, 1, 1
19, 1, 1, 1
20, 1, 1, 1
21, 1, 1, 1
22, 1, 1, 1
23, 1, 1, 1
24, 1, 1, 1
25, 1, 1, 1
26, 1, 1, 1
27, 1, 1, 1
28, 1, 1, 1
29, 1, 1, 1
30, 1, 1, 1
31, 1, 1, 1
32, 1, 1, 1
33, 1, 1, 1
34, 1, 1, 1
35, 1, 1, 1
36, 1, 1, 1
37, 1, 1, 1
38, 1, 1, 1
39, 1, 1, 1
40, 1, 1, 1
41, 1, 1, 1
42, 1, 1, 1
43, 1, 1, 1
44, 1, 1, 1
45, 1, 1, 1
46, 1, 1, 1
47, 1, 1, 1
48, 1, 1, 1
49, 1, 1, 1
50, 1, 1, 1
51, 1, 1, 1
52, 1, 1, 1
53, 1, 1, 1
54, 1, 1, 1
55, 1, 1, 1
56, 1, 1, 1
57, 1, 1, 1
58, 1, 1, 1
59, 1, 1, 1
60, 1, 1, 1
61, 1, 1, 1
62, 1, 1, 1
63, 1, 1, 1
64, 1, 1, 1
65, 1, 1, 1
66, 1, 1, 1
67, 1, 1, 1
68, 1, 1, 1
69, 1, 1, 1
70, 1, 1, 1
71, 1, 1, 1
72, 1, 1, 1
73, 1, 1, 1
74, 1, 1, 1
75, 1, 1, 1
76, 1, 1, 1
77, 1, 1, 1
78, 1, 1, 1
79, 1, 1, 1
80, 1, 1, 1
81, 1, 1, 1
82, 1, 1, 1
83, 1, 1, 1
84, 1, 1, 1
85, 1, 1, 1
86, 1, 1, 1
87, 1, 1, 1
88, 1, 1, 1
89, 1, 1, 1
90, 1, 1, 1
91, 1, 1, 1
92, 1, 1, 1
93, 1, 1, 1
94, 1, 1, 1
95, 1, 1, 1
96, 1, 1, 1
97, 1, 1, 1
98, 1, 1, 1
99, 1, 1, 1
100, 1, 1, 1
101, 1, 1, 1
102, 1, 1, 1
103, 1, 1, 1
104, 1, 1, 1
105, 1, 1, 1
106, 1, 1, 1
107, 1, 1, 1
108, 1, 1, 1
109, 1, 1, 1
110, 1, 1, 1
111, 1, 1, 1
112, 1, 1, 1
113, 1, 1, 1
114, 1, 1, 1
115, 1, 1, 1
116, 1, 1, 1
117, 1, 1, 1
118, 1, 1, 1
119, 1, 1, 1
120, 1, 1, 1
121, 1, 1, 1
122, 1, 1, 1
123, 1, 1, 1
124, 1, 1, 1
125, 1, 1, 1
126, 1, 1, 1
127, 1, 1, 1
128, 1, 1, 1
129, 1, 1, 1
130, 1, 1, 1
131, 1, 1, 1
132, 1, 1, 1
133, 1, 1, 1
134, 1, 1, 1
135, 1, 1, 1
136, 1, 1, 1
137, 1, 1, 1
138, 1, 1, 1
139, 1, 1, 1
140, 1, 1, 1
141, 1, 1, 1
142, 1, 1, 1
143, 1, 1, 1
144, 1, 1, 1
145, 1, 1, 1
146, 1, 1, 1
147, 1, 1, 1
148, 1, 1, 1
149, 1, 1, 1
150, 1, 1, 1
151, 1, 1, 1
152, 1, 1, 1
153, 1, 1, 1
154, 1, 1, 1
155, 1, 1, 1
156, 1, 1, 1
157, 1, 1, 1
158, 1, 1, 1
159, 1, 1, 1
160, 1, 1, 1
161, 1, 1, 1
162, 1, 1, 1
163, 1, 1, 1
164, 1, 1, 1
165, 1, 1, 1
166, 1, 1, 1
167, 1, 1, 1
168, 1, 1, 1
169, 1, 1, 1
170, 1, 1, 1
171, 1, 1, 1
172, 1, 1, 1
173, 1, 1, 1
174, 1, 1, 1
175, 1, 1, 1
176, 1, 1, 1
177, 1, 1, 1
178, 1, 1, 1
179, 1, 1, 1
180, 1, 1, 1
181, 1, 1, 1
182, 1, 1, 1
183, 1, 1, 1
184, 1, 1, 1
185, 1, 1, 1
186, 1, 1, 1
187, 1, 1, 1
188, 1, 1, 1
189, 1, 1, 1
190, 1, 1, 1
191, 1, 1, 1
192, 1, 1, 1
193, 1, 1, 1
194, 1, 1, 1
195, 1, 1, 1
196, 1, 1, 1
197, 1, 1, 1
198, 1, 1, 1
199, 1, 1, 1
200, 1, 1, 1
201, 1, 1, 1
202, 1, 1, 1
203, 1, 1, 1
204, 1, 1, 1
205, 1, 1, 1
206, 1, 1, 1
207, 1, 1, 1
208, 1, 1, 1
209, 1, 1, 1
210, 1, 1, 1
211, 1, 1, 1
212, 1, 1, 1
213, 1, 1, 1
214, 1, 1, 1
215, 1, 1, 1
216, 1, 1, 1
217, 1, 1, 1
218, 1, 1, 1
219, 1, 1, 1
220, 1, 1, 1
221, 1, 1, 1
222, 1, 1, 1
223, 1, 1, 1
224, 1, 1, 1
225, 1, 1, 1
226, 1, 1, 1
227, 1, 1, 1
228, 1, 1, 1
229, 1, 1, 1
230, 1, 1, 1
231, 1, 1, 1
232, 1, 1, 1
233, 1, 1, 1
234, 1, 1, 1
235, 1, 1, 1
236, 1, 1, 1
237, 1, 1, 1
238, 1, 1, 1
239, 1, 1, 1
240, 1, 1, 1
241, 1, 1, 1
242, 1, 1, 1
243, 1, 1, 1
244, 1, 1, 1
245, 1, 1, 1
246, 1, 1, 1
247, 1, 1, 1
248, 1, 1, 1
249, 1, 1, 1
250, 1, 1, 1
251, 1, 1, 1
252, 1, 1, 1
253, 1, 1, 1
254, 1, 1, 1
255, 1, 1, 1
256, 1, 1, 1
257, 1, 1, 1
258, 1, 1, 1
259, 1, 1, 1
260, 1, 1, 1
261, 1, 1, 1
262, 1, 1, 1
263, 1, 1, 1
264, 1, 1, 1
265, 1, 1, 1
266, 1, 1, 1
267, 1, 1, 1
268, 1, 1, 1
