Objects, 1
Object:, First Vertice:, Vertices:, First Triangle:, Triangles:
Sphere.011, 1, 215, 1, 486

Vertices, 215
Vertice:, X:, Y:, Z:
1, 0.8750218041241169, -2.115095194429159, -1.3531816992908716
2, 0.8690475951880217, -2.1151627972722054, -1.3487397469580173
3, 0.849486885839724, -2.11538415402174, -1.3812917600467358
4, 0.880014942958951, -2.1150386910885572, -1.3587036598473787
5, 0.8838347010314465, -2.1149954684078693, -1.3650938048958778
6, 0.8863346539437771, -2.114967180415988, -1.3721063928678632
7, 0.8874183967709541, -2.1149549167603254, -1.3794720134465024
8, 0.8870446421205997, -2.114959144964814, -1.3869075570255518
9, 0.8852273896336555, -2.114979710429907, -1.3941272590309381
10, 0.8820368126034737, -2.1150158159434795, -1.4008537251502275
11, 0.8775952719151974, -2.1150660794228315, -1.4068284276872873
12, 0.8720735386013985, -2.1151285637170076, -1.411821773275733
13, 0.8656838033348322, -2.115200871601701, -1.4156417772173882
14, 0.8586716670542955, -2.115280220285058, -1.418141894042492
15, 0.8513065163278952, -2.1153635680675507, -1.419225700199604
16, 0.8438714500516653, -2.1154477018862963, -1.4188519231975079
17, 0.836652209982276, -2.115529396571219, -1.417034551501274
18, 0.8299261759966612, -2.1156055089086294, -1.413843773305416
19, 0.8239518534392118, -2.1156731136143208, -1.409401947632432
20, 0.818958830088377, -2.115729614160955, -1.4038798604160547
21, 0.8151390701532364, -2.1157728377729654, -1.3974897135049105
22, 0.8126391209661961, -2.1158011266961694, -1.3904771283268929
23, 0.8115553744137287, -2.1158133894205093, -1.3831115069333464
24, 0.8119291290640831, -2.115809160284698, -1.3756759627722204
25, 0.8137463815510273, -2.115788595750928, -1.3684562612324953
26, 0.8169369585812092, -2.1157524893060327, -1.361729796975851
27, 0.8213784992694855, -2.115702227689326, -1.355755090713501
28, 0.8269002325832844, -2.115639742463827, -1.3507617469877005
29, 0.8332899678498507, -2.1155674355104566, -1.3469417430460453
30, 0.8403021050617099, -2.1154880858957767, -1.3444416299462318
31, 0.8476672563701868, -2.115404738113284, -1.3433578200638294
32, 0.8551023225300014, -2.1153206024318933, -1.3437315970659256
33, 0.8623215639963746, -2.1152389086782932, -1.345548965036869
34, 0.8503944299882278, -2.0907862782478333, -1.3733603386208415
35, 0.8499928260280285, -2.0907908231019974, -1.3733401112258434
36, 0.8487777503323741, -2.0911230221390724, -1.3722329325973988
37, 0.8503487367997877, -2.0907565765082836, -1.373663769569248
38, 0.8454307145439088, -2.093181826174259, -1.3660279158502817
39, 0.8429458239115775, -2.093209944665432, -1.3669138113036752
40, 0.8420945634134114, -2.0937684178352356, -1.366134793497622
41, 0.8464291789568961, -2.091899983584881, -1.3700915249064565
42, 0.8411988820880651, -2.09089033678174, -1.381676028802758
43, 0.8412018856033683, -2.0908903032541275, -1.3816170679638162
44, 0.8412633072584867, -2.090883258730173, -1.3816729343961924
45, 0.8495929263590369, -2.0907953530550003, -1.389302077703178
46, 0.8496513250056523, -2.090794689953327, -1.3892934434115887
47, 0.8516644411720335, -2.091410528868437, -1.3911158088594675
48, 0.8495897602697369, -2.090789034962654, -1.3892375770956278
49, 0.866623044013977, -2.1018535289913416, -1.4046584069728851
50, 0.8664817027747631, -2.101663028821349, -1.404470281675458
51, 0.8666570484638214, -2.1018531434237957, -1.4046276099979877
52, 0.8618115168064833, -2.096795402467251, -1.400277964770794
53, 0.8641481949016452, -2.0929700173437595, -1.3861763165332377
54, 0.8647921066731215, -2.0929627306759357, -1.3836178784258664
55, 0.8718632459640503, -2.0966816544532776, -1.3846688570920378
56, 0.8569896789267659, -2.090711645781994, -1.379352168412879
57, 0.8570482549257576, -2.0907109826803207, -1.3797500183572993
58, 0.8566916598938406, -2.090684801340103, -1.3794263594318181
59, 0.8290790766477585, -2.108507849276066, -1.3538154978305101
60, 0.8327146917581558, -2.1022372357547283, -1.3575271498411894
61, 0.831247953698039, -2.104618104174733, -1.3561703022569418
62, 0.8309218119829893, -2.104621794074774, -1.3563654385507107
63, 0.8562983265146613, -2.0930588468909264, -1.395308244973421
64, 0.8559440625831485, -2.093062859028578, -1.3955200389027596
65, 0.8555003288201988, -2.092754751443863, -1.3945864764973521
66, 0.8666881080716848, -2.101902922615409, -1.4046553131192923
67, 0.8666894026100636, -2.1019049640744925, -1.40465646982193
68, 0.8244233671575785, -2.1023310627788305, -1.3663196992129087
69, 0.8244507629424334, -2.1023307517170906, -1.366282899864018
70, 0.8246217612177134, -2.102136716246605, -1.3664402272552252
71, 0.8277857154607773, -2.097180437296629, -1.3735732291825116
72, 0.8291806019842625, -2.097164649516344, -1.3706325460225344
73, 0.834430924616754, -2.093306303024292, -1.3759751999750733
74, 0.8346078237518668, -2.0933042988181114, -1.3756022676825523
75, 0.8353987345471978, -2.092982217669487, -1.3763240347616374
76, 0.8392032207921147, -2.091551538556814, -1.3797947019338608
77, 0.860636088065803, -2.0917392149567604, -1.382998603861779
78, 0.8535187488887459, -2.0905926413834095, -1.376545064151287
79, 0.8582705371081829, -2.0910156033933163, -1.3808571961417329
80, 0.8426434122957289, -2.0907503850758076, -1.3829279749188572
81, 0.8697338607162237, -2.108047803863883, -1.4087680224329233
82, 0.8677679784595966, -2.1036362666636705, -1.4056184384971857
83, 0.868119865655899, -2.1042008604854345, -1.4059322867542505
84, 0.8707705587148666, -2.096694018691778, -1.3890102938748896
85, 0.869728596881032, -2.096705809235573, -1.3912070989608765
86, 0.8650118755176663, -2.093509081751108, -1.3869553357362747
87, 0.8374513909220695, -2.0970710553228855, -1.3618830293416977
88, 0.8454239363782108, -2.0906066484749317, -1.3854552553966641
89, 0.8445959365926683, -2.090626832097769, -1.384702900890261
90, 0.8395382296293974, -2.0970474407076836, -1.3606355004012585
91, 0.8546007550321519, -2.09073868021369, -1.3753559119068086
92, 0.8533391600940377, -2.0907529555261135, -1.3744180076755583
93, 0.857337434310466, -2.0930470898747444, -1.3678082777187228
94, 0.8598121171817183, -2.093019086867571, -1.3696481343358755
95, 0.8610408464446664, -2.096804115921259, -1.3617167118936777
96, 0.8646334810182452, -2.096763461828232, -1.3643878623843193
97, 0.8643070878461003, -2.1018797289580107, -1.3563775457441807
98, 0.868879571557045, -2.1018279884010553, -1.3597772438079119
99, 0.8670105878263712, -2.1080786138772964, -1.3519957512617111
100, 0.8723873738199472, -2.108017770573497, -1.3559932801872492
101, 0.8609573757275939, -2.1081471107900143, -1.349124014377594
102, 0.8591592367738485, -2.101937983185053, -1.3539354614913464
103, 0.8569961753673851, -2.096849884837866, -1.3597979601472616
104, 0.854551374912262, -2.0930786170065403, -1.3664865838363767
105, 0.851918893866241, -2.090769026428461, -1.3737441282719374
106, 0.8515611212933436, -2.0931124538183212, -1.3657338107004762
107, 0.8526550182141364, -2.0968990102410316, -1.3587052058428526
108, 0.8536338247358799, -2.1020005121827126, -1.35254443064332
109, 0.854460152797401, -2.1082206331193447, -1.347488559782505
110, 0.8477688408456743, -2.1082963533699512, -1.3471520133316517
111, 0.847943298635073, -2.1020649075508118, -1.3522583078593016
112, 0.8481839066371322, -2.0969496071338654, -1.358480280265212
113, 0.8484814426628873, -2.0931473039090633, -1.3655790891498327
114, 0.8437548587098718, -2.096999727189541, -1.3591321874409914
115, 0.8423062842339277, -2.1021286956965923, -1.3530878629535437
116, 0.8411404686048627, -2.1083713602274656, -1.3481275662779808
117, 0.8348296182230115, -2.1084427759051323, -1.3503774795681238
118, 0.836939393542707, -2.102189429104328, -1.3550014477223158
119, 0.8241096064448357, -2.1085640843957663, -1.358309380710125
120, 0.8201123382896185, -2.1086093187332153, -1.363686516880989
121, 0.8172407820820808, -2.108641814440489, -1.3697401145473123
122, 0.8219814375042915, -2.1023586969822645, -1.3714678809046745
123, 0.83367820084095, -2.0933148190379143, -1.3789656446315348
124, 0.8266930300742388, -2.0971928015351295, -1.3779146659653634
125, 0.8205904960632324, -2.1023744363337755, -1.3769936440512538
126, 0.8156054355204105, -2.1086603216826916, -1.3762377523817122
127, 0.815268911421299, -2.1086641307920218, -1.3829294947208837
128, 0.8203043900430202, -2.10237767547369, -1.3826845396542922
129, 0.8264681193977594, -2.0971953459084034, -1.3823860625270754
130, 0.8335234876722097, -2.093316573649645, -1.3820455216919072
131, 0.8414276903495193, -2.0908877477049828, -1.383231355343014
132, 0.8339722845703363, -2.0933114923536777, -1.3850964456796646
133, 0.8271199855953455, -2.0971879698336124, -1.3868153938092291
134, 0.8211338967084885, -2.102368289604783, -1.3883219109848142
135, 0.8162443973124027, -2.1086530927568674, -1.3895582929253578
136, 0.8184941709041595, -2.108627635985613, -1.395869543775916
137, 0.8230473548173904, -2.102346632629633, -1.3936891490593553
138, 0.8286231979727745, -2.0971709638834, -1.391032294370234
139, 0.8350077886134386, -2.093299776315689, -1.388001101091504
140, 0.8419556180015206, -2.0908817760646343, -1.384712178260088
141, 0.8427623128518462, -2.090872645378113, -1.3860615072771907
142, 0.8365900171920657, -2.0932818725705147, -1.39064802788198
143, 0.8309201821684837, -2.0971449688076973, -1.394874982535839
144, 0.8259708359837532, -2.1023135520517826, -1.398579929023981
145, 0.8219319675117731, -2.108588732779026, -1.4016204569488764
146, 0.8264255616813898, -2.108537884429097, -1.4065902438014746
147, 0.8297923989593983, -2.102270307019353, -1.4028062764555216
148, 0.8339227922260761, -2.097110990434885, -1.3981956616044044
149, 0.8386581912636757, -2.0932584702968597, -1.3929353887215257
150, 0.843816613778472, -2.090860716998577, -1.3872276116162539
151, 0.8450782094150782, -2.0908464416861534, -1.3881655153818429
152, 0.8411328746005893, -2.093230463564396, -1.3947752453386784
153, 0.8375154295936227, -2.097070336341858, -1.400866812095046
154, 0.8343648808076978, -2.1022185645997524, -1.406205978244543
155, 0.8318023514002562, -2.1084770392626524, -1.4105877708643675
156, 0.8378555634990335, -2.1084085404872894, -1.4134595058858395
157, 0.8395127337425947, -2.1021603122353554, -1.4086480606347322
158, 0.8415601002052426, -2.097024567425251, -1.4027855638414621
159, 0.8439189335331321, -2.0931989364326, -1.3960969410836697
160, 0.8464984754100442, -2.0908303670585155, -1.388839396648109
161, 0.8480229384731501, -2.0908131189644337, -1.3892231853678823
162, 0.8469091858714819, -2.093165095895529, -1.3968497114256024
163, 0.8459012599196285, -2.096975442022085, -1.403878316283226
164, 0.8450381443835795, -2.102097785100341, -1.4100390914827585
165, 0.8443527850322425, -2.108335018157959, -1.4150949642062187
166, 0.851044098730199, -2.1082592997699976, -1.4154315069317818
167, 0.8507286728126928, -2.102033393457532, -1.4103252161294222
168, 0.8503723686444573, -2.096924848854542, -1.4041032437235117
169, 0.8499888659280259, -2.0931302458047867, -1.3970044367015362
170, 0.8530395939014852, -2.093095723539591, -1.3965556090697646
171, 0.8548014163970947, -2.0968747287988663, -1.4034513346850872
172, 0.8563656858168542, -2.101969603449106, -1.409495659172535
173, 0.8576724715530872, -2.108184292912483, -1.4144559539854527
174, 0.8639833182096481, -2.1081128772348166, -1.4122060406953096
175, 0.8617325769737363, -2.1019088719040155, -1.4075820744037628
176, 0.8590180464088917, -2.0968270115554333, -1.4019480254501104
177, 0.8747033327817917, -2.1079915668815374, -1.4042741414159536
178, 0.8787006009370089, -2.1079463344067335, -1.3988970052450895
179, 0.8815721571445465, -2.107913836836815, -1.392843408510089
180, 0.8780814725905657, -2.101723862811923, -1.3855898771435022
181, 0.8766905330121517, -2.101739602163434, -1.3911156421527267
182, 0.8832075037062168, -2.1078953314572573, -1.3863457669503987
183, 0.8835440278053284, -2.107891520485282, -1.379654027754441
184, 0.878367580473423, -2.1017206236720085, -1.3798989839851856
185, 0.8720881547778845, -2.0966791063547134, -1.3801974608795717
186, 0.8649468207731843, -2.0929609797894955, -1.3805380031117238
187, 0.8644980229437351, -2.0929660573601723, -1.3774870785418898
188, 0.8714362923055887, -2.0966864824295044, -1.3757681287825108
189, 0.8775380738079548, -2.1017300095409155, -1.374261612072587
190, 0.8825685381889343, -2.1079025585204363, -1.3730252292007208
191, 0.8803187683224678, -2.107928017154336, -1.36671397741884
192, 0.8756246138364077, -2.10175166092813, -1.3688943749293685
193, 0.8699330780655146, -2.096703492105007, -1.3715512296184897
194, 0.8634625198319554, -2.0929777771234512, -1.374582423362881
195, 0.856461750343442, -2.0907176211476326, -1.3778713459614664
196, 0.8556550559587777, -2.090726748108864, -1.3765220162458718
197, 0.8618802903220057, -2.092995684593916, -1.3719354951754212
198, 0.8676360938698053, -2.09672948718071, -1.3677085414528847
199, 0.8727011326700449, -2.1017847433686256, -1.3640035949647427
200, 0.8768809735774994, -2.1079669184982777, -1.3609630651772022
201, 0.8525747687090188, -2.090615686029196, -1.375687323976308
202, 0.8544630096293986, -2.090594317764044, -1.3774028040934354
203, 0.8515533417230472, -2.0906668975949287, -1.3747589425183833
204, 0.8230414520949125, -2.1047109700739384, -1.364978225901723
205, 0.8436999819241464, -2.0906718224287033, -1.3838885615114123
206, 0.8462521811015904, -2.0906080938875675, -1.3862076103687286
207, 0.847148924600333, -2.0906327925622463, -1.3870219504460692
208, 0.8482070019235834, -2.0906874276697636, -1.3879825361073017
209, 0.8759382218122482, -2.1041123885661364, -1.39726316742599
210, 0.8761012312024832, -2.1041105445474386, -1.3969198241829872
211, 0.857947763055563, -2.0909351371228695, -1.3805648200795986
212, 0.8554853340610862, -2.090622402727604, -1.3783311864826828
213, 0.8264135345816612, -2.1046728119254112, -1.3604422472417355
214, 0.8723119385540485, -2.104153424501419, -1.402141273021698
215, 0.8745809886604548, -2.1017634756863117, -1.3955629765987396

Triangles, 424
Triangle:, Side1:, Side2:, Side3:
1, 1, 2, 3
2, 4, 1, 3
3, 5, 4, 3
4, 6, 5, 3
5, 7, 6, 3
6, 8, 7, 3
7, 9, 8, 3
8, 10, 9, 3
9, 11, 10, 3
10, 12, 11, 3
11, 13, 12, 3
12, 14, 13, 3
13, 15, 14, 3
14, 16, 15, 3
15, 17, 16, 3
16, 18, 17, 3
17, 19, 18, 3
18, 20, 19, 3
19, 21, 20, 3
20, 22, 21, 3
21, 23, 22, 3
22, 24, 23, 3
23, 25, 24, 3
24, 26, 25, 3
25, 27, 26, 3
26, 28, 27, 3
27, 29, 28, 3
28, 30, 29, 3
29, 31, 30, 3
30, 32, 31, 3
31, 33, 32, 3
32, 2, 33, 3
33, 34, 35, 36
34, 35, 34, 37
35, 38, 39, 40
36, 39, 38, 41
37, 42, 43, 44
38, 45, 46, 47
39, 46, 45, 48
40, 49, 50, 51
41, 52, 50, 49
42, 53, 54, 55
43, 56, 57, 58
44, 59, 60, 61
45, 62, 59, 61
46, 63, 64, 65
47, 49, 66, 67
48, 49, 51, 66
49, 68, 69, 70
50, 71, 70, 72
51, 73, 74, 75
52, 42, 76, 43
53, 53, 77, 54
54, 78, 79, 77
55, 76, 75, 74
56, 70, 80, 44
57, 81, 82, 83
58, 84, 85, 86
59, 86, 85, 78
60, 36, 87, 41
61, 88, 89, 70
62, 90, 40, 87
63, 91, 92, 93
64, 91, 93, 94
65, 94, 93, 95
66, 94, 95, 96
67, 96, 95, 97
68, 96, 97, 98
69, 98, 97, 99
70, 98, 99, 100
71, 2, 1, 100
72, 2, 100, 99
73, 99, 101, 33
74, 99, 33, 2
75, 97, 102, 101
76, 97, 101, 99
77, 95, 103, 102
78, 95, 102, 97
79, 93, 104, 103
80, 93, 103, 95
81, 92, 105, 104
82, 92, 104, 93
83, 105, 34, 106
84, 105, 106, 104
85, 104, 106, 107
86, 104, 107, 103
87, 103, 107, 108
88, 103, 108, 102
89, 102, 108, 109
90, 102, 109, 101
91, 101, 109, 32
92, 101, 32, 33
93, 109, 110, 31
94, 109, 31, 32
95, 108, 111, 110
96, 108, 110, 109
97, 107, 112, 111
98, 107, 111, 108
99, 106, 113, 112
100, 106, 112, 107
101, 34, 36, 113
102, 34, 113, 106
103, 113, 38, 114
104, 113, 114, 112
105, 112, 114, 115
106, 112, 115, 111
107, 111, 115, 116
108, 111, 116, 110
109, 110, 116, 30
110, 110, 30, 31
111, 116, 117, 29
112, 116, 29, 30
113, 115, 118, 117
114, 115, 117, 116
115, 114, 90, 118
116, 114, 118, 115
117, 38, 40, 90
118, 38, 90, 114
119, 118, 60, 59
120, 118, 59, 117
121, 117, 59, 28
122, 117, 28, 29
123, 59, 119, 27
124, 59, 27, 28
125, 119, 120, 26
126, 119, 26, 27
127, 120, 121, 25
128, 120, 25, 26
129, 68, 122, 121
130, 68, 121, 120
131, 73, 123, 124
132, 73, 124, 71
133, 71, 124, 125
134, 71, 125, 122
135, 122, 125, 126
136, 122, 126, 121
137, 121, 126, 24
138, 121, 24, 25
139, 126, 127, 23
140, 126, 23, 24
141, 125, 128, 127
142, 125, 127, 126
143, 124, 129, 128
144, 124, 128, 125
145, 123, 130, 129
146, 123, 129, 124
147, 42, 131, 132
148, 42, 132, 130
149, 130, 132, 133
150, 130, 133, 129
151, 129, 133, 134
152, 129, 134, 128
153, 128, 134, 135
154, 128, 135, 127
155, 127, 135, 22
156, 127, 22, 23
157, 135, 136, 21
158, 135, 21, 22
159, 134, 137, 136
160, 134, 136, 135
161, 133, 138, 137
162, 133, 137, 134
163, 132, 139, 138
164, 132, 138, 133
165, 131, 140, 139
166, 131, 139, 132
167, 140, 141, 142
168, 140, 142, 139
169, 139, 142, 143
170, 139, 143, 138
171, 138, 143, 144
172, 138, 144, 137
173, 137, 144, 145
174, 137, 145, 136
175, 136, 145, 20
176, 136, 20, 21
177, 145, 146, 19
178, 145, 19, 20
179, 144, 147, 146
180, 144, 146, 145
181, 143, 148, 147
182, 143, 147, 144
183, 142, 149, 148
184, 142, 148, 143
185, 141, 150, 149
186, 141, 149, 142
187, 150, 151, 152
188, 150, 152, 149
189, 149, 152, 153
190, 149, 153, 148
191, 148, 153, 154
192, 148, 154, 147
193, 147, 154, 155
194, 147, 155, 146
195, 146, 155, 18
196, 146, 18, 19
197, 155, 156, 17
198, 155, 17, 18
199, 154, 157, 156
200, 154, 156, 155
201, 153, 158, 157
202, 153, 157, 154
203, 152, 159, 158
204, 152, 158, 153
205, 151, 160, 159
206, 151, 159, 152
207, 160, 161, 162
208, 160, 162, 159
209, 159, 162, 163
210, 159, 163, 158
211, 158, 163, 164
212, 158, 164, 157
213, 157, 164, 165
214, 157, 165, 156
215, 156, 165, 16
216, 156, 16, 17
217, 165, 166, 15
218, 165, 15, 16
219, 164, 167, 166
220, 164, 166, 165
221, 163, 168, 167
222, 163, 167, 164
223, 162, 169, 168
224, 162, 168, 163
225, 161, 45, 169
226, 161, 169, 162
227, 45, 47, 170
228, 45, 170, 169
229, 169, 170, 171
230, 169, 171, 168
231, 168, 171, 172
232, 168, 172, 167
233, 167, 172, 173
234, 167, 173, 166
235, 166, 173, 14
236, 166, 14, 15
237, 173, 174, 13
238, 173, 13, 14
239, 172, 175, 174
240, 172, 174, 173
241, 171, 176, 175
242, 171, 175, 172
243, 170, 64, 176
244, 170, 176, 171
245, 176, 52, 49
246, 176, 49, 175
247, 175, 49, 81
248, 175, 81, 174
249, 174, 81, 12
250, 174, 12, 13
251, 81, 177, 11
252, 81, 11, 12
253, 177, 178, 10
254, 177, 10, 11
255, 178, 179, 9
256, 178, 9, 10
257, 84, 55, 180
258, 84, 180, 181
259, 181, 180, 182
260, 181, 182, 179
261, 179, 182, 8
262, 179, 8, 9
263, 182, 183, 7
264, 182, 7, 8
265, 180, 184, 183
266, 180, 183, 182
267, 55, 185, 184
268, 55, 184, 180
269, 54, 186, 185
270, 54, 185, 55
271, 186, 187, 188
272, 186, 188, 185
273, 185, 188, 189
274, 185, 189, 184
275, 184, 189, 190
276, 184, 190, 183
277, 183, 190, 6
278, 183, 6, 7
279, 190, 191, 5
280, 190, 5, 6
281, 189, 192, 191
282, 189, 191, 190
283, 188, 193, 192
284, 188, 192, 189
285, 187, 194, 193
286, 187, 193, 188
287, 56, 195, 194
288, 56, 194, 187
289, 195, 196, 197
290, 195, 197, 194
291, 194, 197, 198
292, 194, 198, 193
293, 193, 198, 199
294, 193, 199, 192
295, 192, 199, 200
296, 192, 200, 191
297, 191, 200, 4
298, 191, 4, 5
299, 1, 4, 200
300, 1, 200, 100
301, 199, 98, 100
302, 199, 100, 200
303, 198, 96, 98
304, 198, 98, 199
305, 197, 94, 96
306, 197, 96, 198
307, 196, 91, 94
308, 196, 94, 197
309, 91, 78, 201
310, 91, 201, 92
311, 78, 91, 196
312, 78, 196, 202
313, 105, 92, 201
314, 105, 201, 203
315, 105, 203, 37
316, 105, 37, 34
317, 38, 113, 36
318, 38, 36, 41
319, 37, 87, 36
320, 37, 36, 35
321, 41, 87, 40
322, 41, 40, 39
323, 69, 68, 120
324, 69, 120, 204
325, 122, 68, 70
326, 122, 70, 71
327, 123, 73, 75
328, 123, 75, 76
329, 130, 123, 76
330, 130, 76, 42
331, 131, 42, 44
332, 131, 44, 80
333, 140, 131, 80
334, 140, 80, 205
335, 141, 140, 205
336, 141, 205, 89
337, 151, 150, 88
338, 151, 88, 206
339, 151, 206, 207
340, 151, 207, 160
341, 161, 160, 207
342, 161, 207, 208
343, 88, 52, 207
344, 88, 207, 206
345, 161, 208, 48
346, 161, 48, 45
347, 64, 170, 47
348, 64, 47, 65
349, 48, 52, 47
350, 48, 47, 46
351, 178, 209, 210
352, 178, 210, 179
353, 55, 84, 86
354, 55, 86, 53
355, 186, 54, 77
356, 186, 77, 79
357, 187, 186, 79
358, 187, 79, 211
359, 57, 56, 187
360, 57, 187, 211
361, 195, 56, 58
362, 195, 58, 212
363, 79, 78, 58
364, 79, 58, 57
365, 196, 195, 212
366, 196, 212, 202
367, 78, 202, 212
368, 78, 212, 58
369, 60, 78, 210
370, 60, 210, 61
371, 205, 80, 70
372, 205, 70, 89
373, 49, 67, 82
374, 49, 82, 81
375, 51, 69, 82
376, 51, 82, 66
377, 90, 87, 60
378, 90, 60, 118
379, 59, 62, 213
380, 59, 213, 119
381, 61, 210, 213
382, 61, 213, 62
383, 69, 51, 50
384, 69, 50, 52
385, 213, 204, 120
386, 213, 120, 119
387, 71, 72, 74
388, 71, 74, 73
389, 70, 76, 74
390, 70, 74, 72
391, 76, 70, 44
392, 76, 44, 43
393, 141, 89, 88
394, 141, 88, 150
395, 69, 52, 88
396, 69, 88, 70
397, 64, 63, 52
398, 64, 52, 176
399, 214, 209, 178
400, 214, 178, 177
401, 179, 210, 215
402, 179, 215, 181
403, 78, 85, 215
404, 78, 215, 210
405, 181, 215, 85
406, 181, 85, 84
407, 78, 77, 53
408, 78, 53, 86
409, 203, 60, 87
410, 203, 87, 37
411, 52, 48, 208
412, 52, 208, 207
413, 204, 83, 82
414, 204, 82, 69
415, 81, 83, 214
416, 81, 214, 177
417, 209, 214, 213
418, 209, 213, 210
419, 60, 203, 201
420, 60, 201, 78
421, 52, 63, 65
422, 52, 65, 47
423, 213, 214, 83
424, 213, 83, 204

Colors, 424
Triangle:, Red:, Green:, Blue:
1, 58, 1, 2
2, 58, 1, 2
3, 58, 1, 2
4, 58, 1, 2
5, 58, 1, 2
6, 58, 1, 2
7, 58, 1, 2
8, 58, 1, 2
9, 58, 1, 2
10, 58, 1, 2
11, 58, 1, 2
12, 58, 1, 2
13, 58, 1, 2
14, 58, 1, 2
15, 58, 1, 2
16, 58, 1, 2
17, 58, 1, 2
18, 58, 1, 2
19, 58, 1, 2
20, 58, 1, 2
21, 58, 1, 2
22, 58, 1, 2
23, 58, 1, 2
24, 58, 1, 2
25, 58, 1, 2
26, 58, 1, 2
27, 58, 1, 2
28, 58, 1, 2
29, 58, 1, 2
30, 58, 1, 2
31, 58, 1, 2
32, 58, 1, 2
33, 58, 1, 2
34, 58, 1, 2
35, 58, 1, 2
36, 58, 1, 2
37, 58, 1, 2
38, 58, 1, 2
39, 58, 1, 2
40, 58, 1, 2
41, 58, 1, 2
42, 58, 1, 2
43, 58, 1, 2
44, 58, 1, 2
45, 58, 1, 2
46, 58, 1, 2
47, 58, 1, 2
48, 58, 1, 2
49, 58, 1, 2
50, 58, 1, 2
51, 58, 1, 2
52, 58, 1, 2
53, 58, 1, 2
54, 58, 1, 2
55, 58, 1, 2
56, 58, 1, 2
57, 58, 1, 2
58, 58, 1, 2
59, 58, 1, 2
60, 58, 1, 2
61, 58, 1, 2
62, 58, 1, 2
63, 58, 1, 2
64, 58, 1, 2
65, 58, 1, 2
66, 58, 1, 2
67, 58, 1, 2
68, 58, 1, 2
69, 58, 1, 2
70, 58, 1, 2
71, 58, 1, 2
72, 58, 1, 2
73, 58, 1, 2
74, 58, 1, 2
75, 58, 1, 2
76, 58, 1, 2
77, 58, 1, 2
78, 58, 1, 2
79, 58, 1, 2
80, 58, 1, 2
81, 58, 1, 2
82, 58, 1, 2
83, 58, 1, 2
84, 58, 1, 2
85, 58, 1, 2
86, 58, 1, 2
87, 58, 1, 2
88, 58, 1, 2
89, 58, 1, 2
90, 58, 1, 2
91, 58, 1, 2
92, 58, 1, 2
93, 58, 1, 2
94, 58, 1, 2
95, 58, 1, 2
96, 58, 1, 2
97, 58, 1, 2
98, 58, 1, 2
99, 58, 1, 2
100, 58, 1, 2
101, 58, 1, 2
102, 58, 1, 2
103, 58, 1, 2
104, 58, 1, 2
105, 58, 1, 2
106, 58, 1, 2
107, 58, 1, 2
108, 58, 1, 2
109, 58, 1, 2
110, 58, 1, 2
111, 58, 1, 2
112, 58, 1, 2
113, 58, 1, 2
114, 58, 1, 2
115, 58, 1, 2
116, 58, 1, 2
117, 58, 1, 2
118, 58, 1, 2
119, 58, 1, 2
120, 58, 1, 2
121, 58, 1, 2
122, 58, 1, 2
123, 58, 1, 2
124, 58, 1, 2
125, 58, 1, 2
126, 58, 1, 2
127, 58, 1, 2
128, 58, 1, 2
129, 58, 1, 2
130, 58, 1, 2
131, 58, 1, 2
132, 58, 1, 2
133, 58, 1, 2
134, 58, 1, 2
135, 58, 1, 2
136, 58, 1, 2
137, 58, 1, 2
138, 58, 1, 2
139, 58, 1, 2
140, 58, 1, 2
141, 58, 1, 2
142, 58, 1, 2
143, 58, 1, 2
144, 58, 1, 2
145, 58, 1, 2
146, 58, 1, 2
147, 58, 1, 2
148, 58, 1, 2
149, 58, 1, 2
150, 58, 1, 2
151, 58, 1, 2
152, 58, 1, 2
153, 58, 1, 2
154, 58, 1, 2
155, 58, 1, 2
156, 58, 1, 2
157, 58, 1, 2
158, 58, 1, 2
159, 58, 1, 2
160, 58, 1, 2
161, 58, 1, 2
162, 58, 1, 2
163, 58, 1, 2
164, 58, 1, 2
165, 58, 1, 2
166, 58, 1, 2
167, 58, 1, 2
168, 58, 1, 2
169, 58, 1, 2
170, 58, 1, 2
171, 58, 1, 2
172, 58, 1, 2
173, 58, 1, 2
174, 58, 1, 2
175, 58, 1, 2
176, 58, 1, 2
177, 58, 1, 2
178, 58, 1, 2
179, 58, 1, 2
180, 58, 1, 2
181, 58, 1, 2
182, 58, 1, 2
183, 58, 1, 2
184, 58, 1, 2
185, 58, 1, 2
186, 58, 1, 2
187, 58, 1, 2
188, 58, 1, 2
189, 58, 1, 2
190, 58, 1, 2
191, 58, 1, 2
192, 58, 1, 2
193, 58, 1, 2
194, 58, 1, 2
195, 58, 1, 2
196, 58, 1, 2
197, 58, 1, 2
198, 58, 1, 2
199, 58, 1, 2
200, 58, 1, 2
201, 58, 1, 2
202, 58, 1, 2
203, 58, 1, 2
204, 58, 1, 2
205, 58, 1, 2
206, 58, 1, 2
207, 58, 1, 2
208, 58, 1, 2
209, 58, 1, 2
210, 58, 1, 2
211, 58, 1, 2
212, 58, 1, 2
213, 58, 1, 2
214, 58, 1, 2
215, 58, 1, 2
216, 58, 1, 2
217, 58, 1, 2
218, 58, 1, 2
219, 58, 1, 2
220, 58, 1, 2
221, 58, 1, 2
222, 58, 1, 2
223, 58, 1, 2
224, 58, 1, 2
225, 58, 1, 2
226, 58, 1, 2
227, 58, 1, 2
228, 58, 1, 2
229, 58, 1, 2
230, 58, 1, 2
231, 58, 1, 2
232, 58, 1, 2
233, 58, 1, 2
234, 58, 1, 2
235, 58, 1, 2
236, 58, 1, 2
237, 58, 1, 2
238, 58, 1, 2
239, 58, 1, 2
240, 58, 1, 2
241, 58, 1, 2
242, 58, 1, 2
243, 58, 1, 2
244, 58, 1, 2
245, 58, 1, 2
246, 58, 1, 2
247, 58, 1, 2
248, 58, 1, 2
249, 58, 1, 2
250, 58, 1, 2
251, 58, 1, 2
252, 58, 1, 2
253, 58, 1, 2
254, 58, 1, 2
255, 58, 1, 2
256, 58, 1, 2
257, 58, 1, 2
258, 58, 1, 2
259, 58, 1, 2
260, 58, 1, 2
261, 58, 1, 2
262, 58, 1, 2
263, 58, 1, 2
264, 58, 1, 2
265, 58, 1, 2
266, 58, 1, 2
267, 58, 1, 2
268, 58, 1, 2
269, 58, 1, 2
270, 58, 1, 2
271, 58, 1, 2
272, 58, 1, 2
273, 58, 1, 2
274, 58, 1, 2
275, 58, 1, 2
276, 58, 1, 2
277, 58, 1, 2
278, 58, 1, 2
279, 58, 1, 2
280, 58, 1, 2
281, 58, 1, 2
282, 58, 1, 2
283, 58, 1, 2
284, 58, 1, 2
285, 58, 1, 2
286, 58, 1, 2
287, 58, 1, 2
288, 58, 1, 2
289, 58, 1, 2
290, 58, 1, 2
291, 58, 1, 2
292, 58, 1, 2
293, 58, 1, 2
294, 58, 1, 2
295, 58, 1, 2
296, 58, 1, 2
297, 58, 1, 2
298, 58, 1, 2
299, 58, 1, 2
300, 58, 1, 2
301, 58, 1, 2
302, 58, 1, 2
303, 58, 1, 2
304, 58, 1, 2
305, 58, 1, 2
306, 58, 1, 2
307, 58, 1, 2
308, 58, 1, 2
309, 58, 1, 2
310, 58, 1, 2
311, 58, 1, 2
312, 58, 1, 2
313, 58, 1, 2
314, 58, 1, 2
315, 58, 1, 2
316, 58, 1, 2
317, 58, 1, 2
318, 58, 1, 2
319, 58, 1, 2
320, 58, 1, 2
321, 58, 1, 2
322, 58, 1, 2
323, 58, 1, 2
324, 58, 1, 2
325, 58, 1, 2
326, 58, 1, 2
327, 58, 1, 2
328, 58, 1, 2
329, 58, 1, 2
330, 58, 1, 2
331, 58, 1, 2
332, 58, 1, 2
333, 58, 1, 2
334, 58, 1, 2
335, 58, 1, 2
336, 58, 1, 2
337, 58, 1, 2
338, 58, 1, 2
339, 58, 1, 2
340, 58, 1, 2
341, 58, 1, 2
342, 58, 1, 2
343, 58, 1, 2
344, 58, 1, 2
345, 58, 1, 2
346, 58, 1, 2
347, 58, 1, 2
348, 58, 1, 2
349, 58, 1, 2
350, 58, 1, 2
351, 58, 1, 2
352, 58, 1, 2
353, 58, 1, 2
354, 58, 1, 2
355, 58, 1, 2
356, 58, 1, 2
357, 58, 1, 2
358, 58, 1, 2
359, 58, 1, 2
360, 58, 1, 2
361, 58, 1, 2
362, 58, 1, 2
363, 58, 1, 2
364, 58, 1, 2
365, 58, 1, 2
366, 58, 1, 2
367, 58, 1, 2
368, 58, 1, 2
369, 58, 1, 2
370, 58, 1, 2
371, 58, 1, 2
372, 58, 1, 2
373, 58, 1, 2
374, 58, 1, 2
375, 58, 1, 2
376, 58, 1, 2
377, 58, 1, 2
378, 58, 1, 2
379, 58, 1, 2
380, 58, 1, 2
381, 58, 1, 2
382, 58, 1, 2
383, 58, 1, 2
384, 58, 1, 2
385, 58, 1, 2
386, 58, 1, 2
387, 58, 1, 2
388, 58, 1, 2
389, 58, 1, 2
390, 58, 1, 2
391, 58, 1, 2
392, 58, 1, 2
393, 58, 1, 2
394, 58, 1, 2
395, 58, 1, 2
396, 58, 1, 2
397, 58, 1, 2
398, 58, 1, 2
399, 58, 1, 2
400, 58, 1, 2
401, 58, 1, 2
402, 58, 1, 2
403, 58, 1, 2
404, 58, 1, 2
405, 58, 1, 2
406, 58, 1, 2
407, 58, 1, 2
408, 58, 1, 2
409, 58, 1, 2
410, 58, 1, 2
411, 58, 1, 2
412, 58, 1, 2
413, 58, 1, 2
414, 58, 1, 2
415, 58, 1, 2
416, 58, 1, 2
417, 58, 1, 2
418, 58, 1, 2
419, 58, 1, 2
420, 58, 1, 2
421, 58, 1, 2
422, 58, 1, 2
423, 58, 1, 2
424, 58, 1, 2
