Objects, 1
Object:, First Vertice:, Vertices:, First Triangle:, Triangles:
Sphere.018, 1, 215, 1, 486

Vertices, 215
Vertice:, X:, Y:, Z:
1, 0.2536863088607788, -2.032776117324829, -0.6194956302642822
2, 0.25259268283843994, -2.0327885150909424, -0.6135652661323547
3, 0.22303545475006104, -2.033123016357422, -0.6220828890800476
4, 0.25360214710235596, -2.0327770709991455, -0.6255254149436951
5, 0.2523432970046997, -2.0327913761138916, -0.631422758102417
6, 0.24995815753936768, -2.03281831741333, -0.6369614005088806
7, 0.24653828144073486, -2.0328569412231445, -0.6419281959533691
8, 0.24221527576446533, -2.0329058170318604, -0.6461324095726013
9, 0.23715531826019287, -2.0329630374908447, -0.6494122743606567
10, 0.23155248165130615, -2.0330264568328857, -0.6516420245170593
11, 0.2256225347518921, -2.0330936908721924, -0.6527358889579773
12, 0.21959316730499268, -2.0331618785858154, -0.6526515483856201
13, 0.21369600296020508, -2.033228635787964, -0.6513925194740295
14, 0.20815789699554443, -2.0332913398742676, -0.6490072011947632
15, 0.20319151878356934, -2.0333473682403564, -0.645587146282196
16, 0.19898748397827148, -2.0333950519561768, -0.6412639021873474
17, 0.1957077980041504, -2.0334322452545166, -0.636203408241272
18, 0.19347822666168213, -2.0334572792053223, -0.6306005716323853
19, 0.19238436222076416, -2.0334696769714355, -0.6246702075004578
20, 0.1924687623977661, -2.033468723297119, -0.6186403632164001
21, 0.19372773170471191, -2.033454656600952, -0.6127429008483887
22, 0.19611287117004395, -2.0334274768829346, -0.6072043180465698
23, 0.19953274726867676, -2.03338885307312, -0.6022375226020813
24, 0.20385563373565674, -2.0333399772644043, -0.5980332493782043
25, 0.20891571044921875, -2.03328275680542, -0.5947534441947937
26, 0.21451830863952637, -2.033219337463379, -0.5925236940383911
27, 0.22044825553894043, -2.0331521034240723, -0.5914298892021179
28, 0.2264777421951294, -2.033083915710449, -0.5915142297744751
29, 0.232374906539917, -2.033017158508301, -0.5927731990814209
30, 0.2379131317138672, -2.032954454421997, -0.5951584577560425
31, 0.24287962913513184, -2.032898426055908, -0.5985785722732544
32, 0.24708354473114014, -2.032850742340088, -0.602901816368103
33, 0.25036323070526123, -2.032813787460327, -0.6079622507095337
34, 0.22788822650909424, -2.0131521224975586, -0.6180325150489807
35, 0.22766101360321045, -2.0131547451019287, -0.6177989840507507
36, 0.22755181789398193, -2.013413906097412, -0.6164700388908386
37, 0.2276935577392578, -2.013129711151123, -0.618187427520752
38, 0.22899413108825684, -2.0150344371795654, -0.6109304428100586
39, 0.22703146934509277, -2.015056610107422, -0.6100850701332092
40, 0.2269575595855713, -2.0155022144317627, -0.6091499924659729
41, 0.22734177112579346, -2.014024019241333, -0.6138994693756104
42, 0.21784710884094238, -2.013265609741211, -0.6178922653198242
43, 0.217881441116333, -2.013265371322632, -0.6178588271141052
44, 0.2178870439529419, -2.0132601261138916, -0.6179259419441223
45, 0.218619704246521, -2.0132570266723633, -0.6270461678504944
46, 0.2186591625213623, -2.013256549835205, -0.6270732283592224
47, 0.21884965896606445, -2.0137717723846436, -0.6292607188224792
48, 0.21865344047546387, -2.013251304626465, -0.6270061731338501
49, 0.22027850151062012, -2.0223512649536133, -0.6454790830612183
50, 0.22029805183410645, -2.022195816040039, -0.645290732383728
51, 0.2203158140182495, -2.022351026535034, -0.6454795002937317
52, 0.21982824802398682, -2.0182154178619385, -0.6402584910392761
53, 0.22898292541503906, -2.0150344371795654, -0.633206844329834
54, 0.23077607154846191, -2.015014171600342, -0.6320444345474243
55, 0.23440003395080566, -2.0180504322052, -0.6365450024604797
56, 0.22849524021148682, -2.0131452083587646, -0.625224769115448
57, 0.2283104658126831, -2.0131473541259766, -0.625493049621582
58, 0.22827744483947754, -2.013123035430908, -0.6251046061515808
59, 0.226068377494812, -2.027331829071045, -0.5945718288421631
60, 0.22616219520568848, -2.022284746170044, -0.5988178253173828
61, 0.22604644298553467, -2.0242011547088623, -0.59718918800354
62, 0.2257453203201294, -2.024204730987549, -0.5971249341964722
63, 0.2192898988723755, -2.0151443481445312, -0.6342931389808655
64, 0.21896302700042725, -2.0151479244232178, -0.634223222732544
65, 0.21921396255493164, -2.0148916244506836, -0.6334266662597656
66, 0.22031903266906738, -2.0223915576934814, -0.6455129384994507
67, 0.22031915187835693, -2.0223934650421143, -0.6455142498016357
68, 0.21639442443847656, -2.022395372390747, -0.5994593501091003
69, 0.2164311408996582, -2.022394895553589, -0.599452555179596
70, 0.21644532680511475, -2.0222392082214355, -0.5996413826942444
71, 0.21437549591064453, -2.018277168273926, -0.6056485176086426
72, 0.21682488918304443, -2.018249273300171, -0.6046736836433411
73, 0.21698296070098877, -2.0151703357696533, -0.6107627153396606
74, 0.21729350090026855, -2.015166759490967, -0.6106390953063965
75, 0.21736383438110352, -2.0149126052856445, -0.611505389213562
76, 0.2177027463912964, -2.013784885406494, -0.6156714558601379
77, 0.22864937782287598, -2.0140092372894287, -0.6293924450874329
78, 0.22798430919647217, -2.0130226612091064, -0.6216460466384888
79, 0.2284255027770996, -2.01340389251709, -0.6268220543861389
80, 0.21801316738128662, -2.0131638050079346, -0.6194325089454651
81, 0.2198723554611206, -2.027401924133301, -0.6495938301086426
82, 0.22043263912200928, -2.0238044261932373, -0.6466689109802246
83, 0.22046959400177002, -2.024264335632324, -0.6470456123352051
84, 0.23135721683502197, -2.01808500289917, -0.6385172605514526
85, 0.22952747344970703, -2.0181055068969727, -0.6392456293106079
86, 0.2290668487548828, -2.0154781341552734, -0.6341419219970703
87, 0.22655653953552246, -2.018139362335205, -0.6040464043617249
88, 0.21826815605163574, -2.0130701065063477, -0.6224660873413086
89, 0.2181919813156128, -2.0130794048309326, -0.6215629577636719
90, 0.22848260402679443, -2.0181174278259277, -0.604457676410675
91, 0.22928249835968018, -2.013136386871338, -0.6215365529060364
92, 0.2290515899658203, -2.013139009475708, -0.6202841997146606
93, 0.23507452011108398, -2.014965534210205, -0.6185547709465027
94, 0.2355276346206665, -2.014960527420044, -0.6210111975669861
95, 0.24064040184020996, -2.017979860305786, -0.6169608235359192
96, 0.24129831790924072, -2.017972469329834, -0.6205270886421204
97, 0.24553537368774414, -2.0220656394958496, -0.6155637502670288
98, 0.24637234210968018, -2.0220561027526855, -0.6201027035713196
99, 0.24957120418548584, -2.0270659923553467, -0.6144171357154846
100, 0.2505553960800171, -2.027054786682129, -0.619754433631897
101, 0.2475646734237671, -2.0270886421203613, -0.6093745827674866
102, 0.24382901191711426, -2.022084951400757, -0.6112753748893738
103, 0.23929977416992188, -2.0179951190948486, -0.6135914921760559
104, 0.23415112495422363, -2.0149760246276855, -0.616233766078949
105, 0.22858071327209473, -2.0131442546844482, -0.6191011071205139
106, 0.23279261589050293, -2.014991521835327, -0.6141377687454224
107, 0.2373274564743042, -2.018017292022705, -0.6105485558509827
108, 0.24131882190704346, -2.02211332321167, -0.6074022650718689
109, 0.2446129322052002, -2.0271220207214355, -0.6048203110694885
110, 0.24082958698272705, -2.0271646976470947, -0.6009294390678406
111, 0.23810124397277832, -2.0221498012542725, -0.6040934324264526
112, 0.23479950428009033, -2.0180459022521973, -0.6079486012458801
113, 0.23105108737945557, -2.0150110721588135, -0.6123470664024353
114, 0.23181283473968506, -2.0180797576904297, -0.60589200258255
115, 0.2343001365661621, -2.0221927165985107, -0.6014758348464966
116, 0.2363598346710205, -2.0272154808044434, -0.5978516340255737
117, 0.23137569427490234, -2.0272717475891113, -0.5957047939300537
118, 0.23006117343902588, -2.02224063873291, -0.5996502637863159
119, 0.22064197063446045, -2.027393341064453, -0.594495952129364
120, 0.21530520915985107, -2.027453660964966, -0.5954803824424744
121, 0.21026277542114258, -2.027510643005371, -0.5974869132041931
122, 0.21210646629333496, -2.0224437713623047, -0.601165771484375
123, 0.21488690376281738, -2.0151939392089844, -0.6121212244033813
124, 0.2113327980041504, -2.0183115005493164, -0.6076207160949707
125, 0.20823347568511963, -2.0224876403808594, -0.6036760807037354
126, 0.20570886135101318, -2.027562141418457, -0.6004388928413391
127, 0.2018183469772339, -2.027606248855591, -0.6042224168777466
128, 0.20492494106292725, -2.0225250720977783, -0.6068938970565796
129, 0.2087329626083374, -2.018340826034546, -0.6101489067077637
130, 0.21309638023376465, -2.015214204788208, -0.6138626337051392
131, 0.2171250581741333, -2.0132739543914795, -0.6189410090446472
132, 0.21167969703674316, -2.015230417251587, -0.6159199476242065
133, 0.20667648315429688, -2.018364191055298, -0.613135814666748
134, 0.2023075819015503, -2.022554636001587, -0.6106952428817749
135, 0.19874060153961182, -2.0276410579681396, -0.6086924076080322
136, 0.1965939998626709, -2.027665376663208, -0.6136770844459534
137, 0.20048213005065918, -2.0225753784179688, -0.6149343252182007
138, 0.20524227619171143, -2.0183804035186768, -0.6164662837982178
139, 0.21069180965423584, -2.0152416229248047, -0.6182140111923218
140, 0.2166212797164917, -2.013279676437378, -0.6201105713844299
141, 0.216355562210083, -2.013282537460327, -0.6213558912277222
142, 0.21017038822174072, -2.015247344970703, -0.6206569075584412
143, 0.20448517799377441, -2.0183889865875244, -0.6200127005577087
144, 0.19951844215393066, -2.0225863456726074, -0.6194480657577515
145, 0.19546103477478027, -2.0276782512664795, -0.6189846396446228
146, 0.19538521766662598, -2.027678966522217, -0.6244113445281982
147, 0.1994541883468628, -2.0225870609283447, -0.6240630745887756
148, 0.20443463325500488, -2.0183894634246826, -0.6236387491226196
149, 0.2101355791091919, -2.0152478218078613, -0.6231545805931091
150, 0.2163376808166504, -2.0132827758789062, -0.6226292252540588
151, 0.2165687084197998, -2.013280153274536, -0.6238815188407898
152, 0.21058857440948486, -2.0152428150177, -0.6256110668182373
153, 0.205092191696167, -2.0183820724487305, -0.6272050142288208
154, 0.20029103755950928, -2.0225775241851807, -0.6286020278930664
155, 0.19636952877044678, -2.027667999267578, -0.629748523235321
156, 0.19837594032287598, -2.0276451110839844, -0.6347910761833191
157, 0.20199763774871826, -2.0225582122802734, -0.6328902840614319
158, 0.20643305778503418, -2.018367052078247, -0.6305742263793945
159, 0.21151196956634521, -2.0152323246002197, -0.6279318332672119
160, 0.21703946590423584, -2.013274908065796, -0.6250647306442261
161, 0.21773207187652588, -2.0132670402526855, -0.6261333227157593
162, 0.21287047863006592, -2.015216827392578, -0.6300278902053833
163, 0.20840513706207275, -2.0183446407318115, -0.6336172819137573
164, 0.2045077085494995, -2.0225298404693604, -0.6367635130882263
165, 0.20132768154144287, -2.02761173248291, -0.6393454074859619
166, 0.20511102676391602, -2.027569055557251, -0.6432362198829651
167, 0.2077251672744751, -2.022493362426758, -0.6400722861289978
168, 0.21093308925628662, -2.0183160305023193, -0.6362171769142151
169, 0.21461188793182373, -2.015197277069092, -0.6318185925483704
170, 0.216668963432312, -2.01517391204834, -0.6332352757453918
171, 0.213919997215271, -2.018282175064087, -0.6382737159729004
172, 0.2115262746810913, -2.0224504470825195, -0.6426898837089539
173, 0.209580659866333, -2.0275185108184814, -0.6463142037391663
174, 0.21456503868103027, -2.0274620056152344, -0.648460865020752
175, 0.21576523780822754, -2.02240252494812, -0.6445155143737793
176, 0.21724998950958252, -2.018244504928589, -0.6397081017494202
177, 0.22529864311218262, -2.0273406505584717, -0.6496697068214417
178, 0.23063552379608154, -2.02728009223938, -0.6486853361129761
179, 0.2356778383255005, -2.0272231101989746, -0.6466787457466125
180, 0.2375929355621338, -2.022155523300171, -0.6404895782470703
181, 0.23371994495391846, -2.0221991539001465, -0.6429999470710754
182, 0.24023175239562988, -2.0271716117858887, -0.6437268853187561
183, 0.24412238597869873, -2.027127504348755, -0.6399432420730591
184, 0.24090158939361572, -2.022118091583252, -0.6372718214988708
185, 0.23699963092803955, -2.0180211067199707, -0.6340168714523315
186, 0.23256659507751465, -2.014993906021118, -0.6303030252456665
187, 0.23398339748382568, -2.0149779319763184, -0.6282457709312439
188, 0.23905611038208008, -2.0179977416992188, -0.6310300230979919
189, 0.24351894855499268, -2.0220882892608643, -0.6334705352783203
190, 0.24720001220703125, -2.027092695236206, -0.6354733109474182
191, 0.24934673309326172, -2.0270683765411377, -0.6304886341094971
192, 0.2453444004058838, -2.0220677852630615, -0.629231333732605
193, 0.24049043655395508, -2.01798152923584, -0.6276994347572327
194, 0.234971284866333, -2.0149667263031006, -0.6259516477584839
195, 0.22899889945983887, -2.013139486312866, -0.6240552067756653
196, 0.2292647361755371, -2.013136625289917, -0.622809886932373
197, 0.23549270629882812, -2.014960765838623, -0.623508870601654
198, 0.24124741554260254, -2.017972946166992, -0.6241531372070312
199, 0.24630796909332275, -2.022056818008423, -0.6247177124023438
200, 0.25047969818115234, -2.027055501937866, -0.6251810193061829
201, 0.2278975248336792, -2.013033628463745, -0.6206163763999939
202, 0.22807133197784424, -2.0130317211151123, -0.6226755380630493
203, 0.22780382633209229, -2.0130670070648193, -0.6195020079612732
204, 0.21632063388824463, -2.0243113040924072, -0.5978865027427673
205, 0.2181098461151123, -2.013108730316162, -0.6205854415893555
206, 0.21834444999694824, -2.013077735900879, -0.6233690977096558
207, 0.21842730045318604, -2.0131051540374756, -0.6243466138839722
208, 0.21852517127990723, -2.013157844543457, -0.6254996657371521
209, 0.2298886775970459, -2.024157762527466, -0.6462165713310242
210, 0.23017466068267822, -2.0241544246673584, -0.6461028456687927
211, 0.22839510440826416, -2.013336181640625, -0.6264711618423462
212, 0.22816574573516846, -2.0130629539489746, -0.6237898468971252
213, 0.22082257270812988, -2.0242602825164795, -0.5970561504364014
214, 0.22504711151123047, -2.024212598800659, -0.6471096277236938
215, 0.23001563549041748, -2.0222411155700684, -0.6444740891456604

Triangles, 424
Triangle:, Side1:, Side2:, Side3:
1, 1, 2, 3
2, 4, 1, 3
3, 5, 4, 3
4, 6, 5, 3
5, 7, 6, 3
6, 8, 7, 3
7, 9, 8, 3
8, 10, 9, 3
9, 11, 10, 3
10, 12, 11, 3
11, 13, 12, 3
12, 14, 13, 3
13, 15, 14, 3
14, 16, 15, 3
15, 17, 16, 3
16, 18, 17, 3
17, 19, 18, 3
18, 20, 19, 3
19, 21, 20, 3
20, 22, 21, 3
21, 23, 22, 3
22, 24, 23, 3
23, 25, 24, 3
24, 26, 25, 3
25, 27, 26, 3
26, 28, 27, 3
27, 29, 28, 3
28, 30, 29, 3
29, 31, 30, 3
30, 32, 31, 3
31, 33, 32, 3
32, 2, 33, 3
33, 34, 35, 36
34, 35, 34, 37
35, 38, 39, 40
36, 39, 38, 41
37, 42, 43, 44
38, 45, 46, 47
39, 46, 45, 48
40, 49, 50, 51
41, 52, 50, 49
42, 53, 54, 55
43, 56, 57, 58
44, 59, 60, 61
45, 62, 59, 61
46, 63, 64, 65
47, 49, 66, 67
48, 49, 51, 66
49, 68, 69, 70
50, 71, 70, 72
51, 73, 74, 75
52, 42, 76, 43
53, 53, 77, 54
54, 78, 79, 77
55, 76, 75, 74
56, 70, 80, 44
57, 81, 82, 83
58, 84, 85, 86
59, 86, 85, 78
60, 36, 87, 41
61, 88, 89, 70
62, 90, 40, 87
63, 91, 92, 93
64, 91, 93, 94
65, 94, 93, 95
66, 94, 95, 96
67, 96, 95, 97
68, 96, 97, 98
69, 98, 97, 99
70, 98, 99, 100
71, 2, 1, 100
72, 2, 100, 99
73, 99, 101, 33
74, 99, 33, 2
75, 97, 102, 101
76, 97, 101, 99
77, 95, 103, 102
78, 95, 102, 97
79, 93, 104, 103
80, 93, 103, 95
81, 92, 105, 104
82, 92, 104, 93
83, 105, 34, 106
84, 105, 106, 104
85, 104, 106, 107
86, 104, 107, 103
87, 103, 107, 108
88, 103, 108, 102
89, 102, 108, 109
90, 102, 109, 101
91, 101, 109, 32
92, 101, 32, 33
93, 109, 110, 31
94, 109, 31, 32
95, 108, 111, 110
96, 108, 110, 109
97, 107, 112, 111
98, 107, 111, 108
99, 106, 113, 112
100, 106, 112, 107
101, 34, 36, 113
102, 34, 113, 106
103, 113, 38, 114
104, 113, 114, 112
105, 112, 114, 115
106, 112, 115, 111
107, 111, 115, 116
108, 111, 116, 110
109, 110, 116, 30
110, 110, 30, 31
111, 116, 117, 29
112, 116, 29, 30
113, 115, 118, 117
114, 115, 117, 116
115, 114, 90, 118
116, 114, 118, 115
117, 38, 40, 90
118, 38, 90, 114
119, 118, 60, 59
120, 118, 59, 117
121, 117, 59, 28
122, 117, 28, 29
123, 59, 119, 27
124, 59, 27, 28
125, 119, 120, 26
126, 119, 26, 27
127, 120, 121, 25
128, 120, 25, 26
129, 68, 122, 121
130, 68, 121, 120
131, 73, 123, 124
132, 73, 124, 71
133, 71, 124, 125
134, 71, 125, 122
135, 122, 125, 126
136, 122, 126, 121
137, 121, 126, 24
138, 121, 24, 25
139, 126, 127, 23
140, 126, 23, 24
141, 125, 128, 127
142, 125, 127, 126
143, 124, 129, 128
144, 124, 128, 125
145, 123, 130, 129
146, 123, 129, 124
147, 42, 131, 132
148, 42, 132, 130
149, 130, 132, 133
150, 130, 133, 129
151, 129, 133, 134
152, 129, 134, 128
153, 128, 134, 135
154, 128, 135, 127
155, 127, 135, 22
156, 127, 22, 23
157, 135, 136, 21
158, 135, 21, 22
159, 134, 137, 136
160, 134, 136, 135
161, 133, 138, 137
162, 133, 137, 134
163, 132, 139, 138
164, 132, 138, 133
165, 131, 140, 139
166, 131, 139, 132
167, 140, 141, 142
168, 140, 142, 139
169, 139, 142, 143
170, 139, 143, 138
171, 138, 143, 144
172, 138, 144, 137
173, 137, 144, 145
174, 137, 145, 136
175, 136, 145, 20
176, 136, 20, 21
177, 145, 146, 19
178, 145, 19, 20
179, 144, 147, 146
180, 144, 146, 145
181, 143, 148, 147
182, 143, 147, 144
183, 142, 149, 148
184, 142, 148, 143
185, 141, 150, 149
186, 141, 149, 142
187, 150, 151, 152
188, 150, 152, 149
189, 149, 152, 153
190, 149, 153, 148
191, 148, 153, 154
192, 148, 154, 147
193, 147, 154, 155
194, 147, 155, 146
195, 146, 155, 18
196, 146, 18, 19
197, 155, 156, 17
198, 155, 17, 18
199, 154, 157, 156
200, 154, 156, 155
201, 153, 158, 157
202, 153, 157, 154
203, 152, 159, 158
204, 152, 158, 153
205, 151, 160, 159
206, 151, 159, 152
207, 160, 161, 162
208, 160, 162, 159
209, 159, 162, 163
210, 159, 163, 158
211, 158, 163, 164
212, 158, 164, 157
213, 157, 164, 165
214, 157, 165, 156
215, 156, 165, 16
216, 156, 16, 17
217, 165, 166, 15
218, 165, 15, 16
219, 164, 167, 166
220, 164, 166, 165
221, 163, 168, 167
222, 163, 167, 164
223, 162, 169, 168
224, 162, 168, 163
225, 161, 45, 169
226, 161, 169, 162
227, 45, 47, 170
228, 45, 170, 169
229, 169, 170, 171
230, 169, 171, 168
231, 168, 171, 172
232, 168, 172, 167
233, 167, 172, 173
234, 167, 173, 166
235, 166, 173, 14
236, 166, 14, 15
237, 173, 174, 13
238, 173, 13, 14
239, 172, 175, 174
240, 172, 174, 173
241, 171, 176, 175
242, 171, 175, 172
243, 170, 64, 176
244, 170, 176, 171
245, 176, 52, 49
246, 176, 49, 175
247, 175, 49, 81
248, 175, 81, 174
249, 174, 81, 12
250, 174, 12, 13
251, 81, 177, 11
252, 81, 11, 12
253, 177, 178, 10
254, 177, 10, 11
255, 178, 179, 9
256, 178, 9, 10
257, 84, 55, 180
258, 84, 180, 181
259, 181, 180, 182
260, 181, 182, 179
261, 179, 182, 8
262, 179, 8, 9
263, 182, 183, 7
264, 182, 7, 8
265, 180, 184, 183
266, 180, 183, 182
267, 55, 185, 184
268, 55, 184, 180
269, 54, 186, 185
270, 54, 185, 55
271, 186, 187, 188
272, 186, 188, 185
273, 185, 188, 189
274, 185, 189, 184
275, 184, 189, 190
276, 184, 190, 183
277, 183, 190, 6
278, 183, 6, 7
279, 190, 191, 5
280, 190, 5, 6
281, 189, 192, 191
282, 189, 191, 190
283, 188, 193, 192
284, 188, 192, 189
285, 187, 194, 193
286, 187, 193, 188
287, 56, 195, 194
288, 56, 194, 187
289, 195, 196, 197
290, 195, 197, 194
291, 194, 197, 198
292, 194, 198, 193
293, 193, 198, 199
294, 193, 199, 192
295, 192, 199, 200
296, 192, 200, 191
297, 191, 200, 4
298, 191, 4, 5
299, 1, 4, 200
300, 1, 200, 100
301, 199, 98, 100
302, 199, 100, 200
303, 198, 96, 98
304, 198, 98, 199
305, 197, 94, 96
306, 197, 96, 198
307, 196, 91, 94
308, 196, 94, 197
309, 91, 78, 201
310, 91, 201, 92
311, 78, 91, 196
312, 78, 196, 202
313, 105, 92, 201
314, 105, 201, 203
315, 105, 203, 37
316, 105, 37, 34
317, 38, 113, 36
318, 38, 36, 41
319, 37, 87, 36
320, 37, 36, 35
321, 41, 87, 40
322, 41, 40, 39
323, 69, 68, 120
324, 69, 120, 204
325, 122, 68, 70
326, 122, 70, 71
327, 123, 73, 75
328, 123, 75, 76
329, 130, 123, 76
330, 130, 76, 42
331, 131, 42, 44
332, 131, 44, 80
333, 140, 131, 80
334, 140, 80, 205
335, 141, 140, 205
336, 141, 205, 89
337, 151, 150, 88
338, 151, 88, 206
339, 151, 206, 207
340, 151, 207, 160
341, 161, 160, 207
342, 161, 207, 208
343, 88, 52, 207
344, 88, 207, 206
345, 161, 208, 48
346, 161, 48, 45
347, 64, 170, 47
348, 64, 47, 65
349, 48, 52, 47
350, 48, 47, 46
351, 178, 209, 210
352, 178, 210, 179
353, 55, 84, 86
354, 55, 86, 53
355, 186, 54, 77
356, 186, 77, 79
357, 187, 186, 79
358, 187, 79, 211
359, 57, 56, 187
360, 57, 187, 211
361, 195, 56, 58
362, 195, 58, 212
363, 79, 78, 58
364, 79, 58, 57
365, 196, 195, 212
366, 196, 212, 202
367, 78, 202, 212
368, 78, 212, 58
369, 60, 78, 210
370, 60, 210, 61
371, 205, 80, 70
372, 205, 70, 89
373, 49, 67, 82
374, 49, 82, 81
375, 51, 69, 82
376, 51, 82, 66
377, 90, 87, 60
378, 90, 60, 118
379, 59, 62, 213
380, 59, 213, 119
381, 61, 210, 213
382, 61, 213, 62
383, 69, 51, 50
384, 69, 50, 52
385, 213, 204, 120
386, 213, 120, 119
387, 71, 72, 74
388, 71, 74, 73
389, 70, 76, 74
390, 70, 74, 72
391, 76, 70, 44
392, 76, 44, 43
393, 141, 89, 88
394, 141, 88, 150
395, 69, 52, 88
396, 69, 88, 70
397, 64, 63, 52
398, 64, 52, 176
399, 214, 209, 178
400, 214, 178, 177
401, 179, 210, 215
402, 179, 215, 181
403, 78, 85, 215
404, 78, 215, 210
405, 181, 215, 85
406, 181, 85, 84
407, 78, 77, 53
408, 78, 53, 86
409, 203, 60, 87
410, 203, 87, 37
411, 52, 48, 208
412, 52, 208, 207
413, 204, 83, 82
414, 204, 82, 69
415, 81, 83, 214
416, 81, 214, 177
417, 209, 214, 213
418, 209, 213, 210
419, 60, 203, 201
420, 60, 201, 78
421, 52, 63, 65
422, 52, 65, 47
423, 213, 214, 83
424, 213, 83, 204

Colors, 424
Triangle:, Red:, Green:, Blue:
1, 58, 1, 2
2, 58, 1, 2
3, 58, 1, 2
4, 58, 1, 2
5, 58, 1, 2
6, 58, 1, 2
7, 58, 1, 2
8, 58, 1, 2
9, 58, 1, 2
10, 58, 1, 2
11, 58, 1, 2
12, 58, 1, 2
13, 58, 1, 2
14, 58, 1, 2
15, 58, 1, 2
16, 58, 1, 2
17, 58, 1, 2
18, 58, 1, 2
19, 58, 1, 2
20, 58, 1, 2
21, 58, 1, 2
22, 58, 1, 2
23, 58, 1, 2
24, 58, 1, 2
25, 58, 1, 2
26, 58, 1, 2
27, 58, 1, 2
28, 58, 1, 2
29, 58, 1, 2
30, 58, 1, 2
31, 58, 1, 2
32, 58, 1, 2
33, 58, 1, 2
34, 58, 1, 2
35, 58, 1, 2
36, 58, 1, 2
37, 58, 1, 2
38, 58, 1, 2
39, 58, 1, 2
40, 58, 1, 2
41, 58, 1, 2
42, 58, 1, 2
43, 58, 1, 2
44, 58, 1, 2
45, 58, 1, 2
46, 58, 1, 2
47, 58, 1, 2
48, 58, 1, 2
49, 58, 1, 2
50, 58, 1, 2
51, 58, 1, 2
52, 58, 1, 2
53, 58, 1, 2
54, 58, 1, 2
55, 58, 1, 2
56, 58, 1, 2
57, 58, 1, 2
58, 58, 1, 2
59, 58, 1, 2
60, 58, 1, 2
61, 58, 1, 2
62, 58, 1, 2
63, 58, 1, 2
64, 58, 1, 2
65, 58, 1, 2
66, 58, 1, 2
67, 58, 1, 2
68, 58, 1, 2
69, 58, 1, 2
70, 58, 1, 2
71, 58, 1, 2
72, 58, 1, 2
73, 58, 1, 2
74, 58, 1, 2
75, 58, 1, 2
76, 58, 1, 2
77, 58, 1, 2
78, 58, 1, 2
79, 58, 1, 2
80, 58, 1, 2
81, 58, 1, 2
82, 58, 1, 2
83, 58, 1, 2
84, 58, 1, 2
85, 58, 1, 2
86, 58, 1, 2
87, 58, 1, 2
88, 58, 1, 2
89, 58, 1, 2
90, 58, 1, 2
91, 58, 1, 2
92, 58, 1, 2
93, 58, 1, 2
94, 58, 1, 2
95, 58, 1, 2
96, 58, 1, 2
97, 58, 1, 2
98, 58, 1, 2
99, 58, 1, 2
100, 58, 1, 2
101, 58, 1, 2
102, 58, 1, 2
103, 58, 1, 2
104, 58, 1, 2
105, 58, 1, 2
106, 58, 1, 2
107, 58, 1, 2
108, 58, 1, 2
109, 58, 1, 2
110, 58, 1, 2
111, 58, 1, 2
112, 58, 1, 2
113, 58, 1, 2
114, 58, 1, 2
115, 58, 1, 2
116, 58, 1, 2
117, 58, 1, 2
118, 58, 1, 2
119, 58, 1, 2
120, 58, 1, 2
121, 58, 1, 2
122, 58, 1, 2
123, 58, 1, 2
124, 58, 1, 2
125, 58, 1, 2
126, 58, 1, 2
127, 58, 1, 2
128, 58, 1, 2
129, 58, 1, 2
130, 58, 1, 2
131, 58, 1, 2
132, 58, 1, 2
133, 58, 1, 2
134, 58, 1, 2
135, 58, 1, 2
136, 58, 1, 2
137, 58, 1, 2
138, 58, 1, 2
139, 58, 1, 2
140, 58, 1, 2
141, 58, 1, 2
142, 58, 1, 2
143, 58, 1, 2
144, 58, 1, 2
145, 58, 1, 2
146, 58, 1, 2
147, 58, 1, 2
148, 58, 1, 2
149, 58, 1, 2
150, 58, 1, 2
151, 58, 1, 2
152, 58, 1, 2
153, 58, 1, 2
154, 58, 1, 2
155, 58, 1, 2
156, 58, 1, 2
157, 58, 1, 2
158, 58, 1, 2
159, 58, 1, 2
160, 58, 1, 2
161, 58, 1, 2
162, 58, 1, 2
163, 58, 1, 2
164, 58, 1, 2
165, 58, 1, 2
166, 58, 1, 2
167, 58, 1, 2
168, 58, 1, 2
169, 58, 1, 2
170, 58, 1, 2
171, 58, 1, 2
172, 58, 1, 2
173, 58, 1, 2
174, 58, 1, 2
175, 58, 1, 2
176, 58, 1, 2
177, 58, 1, 2
178, 58, 1, 2
179, 58, 1, 2
180, 58, 1, 2
181, 58, 1, 2
182, 58, 1, 2
183, 58, 1, 2
184, 58, 1, 2
185, 58, 1, 2
186, 58, 1, 2
187, 58, 1, 2
188, 58, 1, 2
189, 58, 1, 2
190, 58, 1, 2
191, 58, 1, 2
192, 58, 1, 2
193, 58, 1, 2
194, 58, 1, 2
195, 58, 1, 2
196, 58, 1, 2
197, 58, 1, 2
198, 58, 1, 2
199, 58, 1, 2
200, 58, 1, 2
201, 58, 1, 2
202, 58, 1, 2
203, 58, 1, 2
204, 58, 1, 2
205, 58, 1, 2
206, 58, 1, 2
207, 58, 1, 2
208, 58, 1, 2
209, 58, 1, 2
210, 58, 1, 2
211, 58, 1, 2
212, 58, 1, 2
213, 58, 1, 2
214, 58, 1, 2
215, 58, 1, 2
216, 58, 1, 2
217, 58, 1, 2
218, 58, 1, 2
219, 58, 1, 2
220, 58, 1, 2
221, 58, 1, 2
222, 58, 1, 2
223, 58, 1, 2
224, 58, 1, 2
225, 58, 1, 2
226, 58, 1, 2
227, 58, 1, 2
228, 58, 1, 2
229, 58, 1, 2
230, 58, 1, 2
231, 58, 1, 2
232, 58, 1, 2
233, 58, 1, 2
234, 58, 1, 2
235, 58, 1, 2
236, 58, 1, 2
237, 58, 1, 2
238, 58, 1, 2
239, 58, 1, 2
240, 58, 1, 2
241, 58, 1, 2
242, 58, 1, 2
243, 58, 1, 2
244, 58, 1, 2
245, 58, 1, 2
246, 58, 1, 2
247, 58, 1, 2
248, 58, 1, 2
249, 58, 1, 2
250, 58, 1, 2
251, 58, 1, 2
252, 58, 1, 2
253, 58, 1, 2
254, 58, 1, 2
255, 58, 1, 2
256, 58, 1, 2
257, 58, 1, 2
258, 58, 1, 2
259, 58, 1, 2
260, 58, 1, 2
261, 58, 1, 2
262, 58, 1, 2
263, 58, 1, 2
264, 58, 1, 2
265, 58, 1, 2
266, 58, 1, 2
267, 58, 1, 2
268, 58, 1, 2
269, 58, 1, 2
270, 58, 1, 2
271, 58, 1, 2
272, 58, 1, 2
273, 58, 1, 2
274, 58, 1, 2
275, 58, 1, 2
276, 58, 1, 2
277, 58, 1, 2
278, 58, 1, 2
279, 58, 1, 2
280, 58, 1, 2
281, 58, 1, 2
282, 58, 1, 2
283, 58, 1, 2
284, 58, 1, 2
285, 58, 1, 2
286, 58, 1, 2
287, 58, 1, 2
288, 58, 1, 2
289, 58, 1, 2
290, 58, 1, 2
291, 58, 1, 2
292, 58, 1, 2
293, 58, 1, 2
294, 58, 1, 2
295, 58, 1, 2
296, 58, 1, 2
297, 58, 1, 2
298, 58, 1, 2
299, 58, 1, 2
300, 58, 1, 2
301, 58, 1, 2
302, 58, 1, 2
303, 58, 1, 2
304, 58, 1, 2
305, 58, 1, 2
306, 58, 1, 2
307, 58, 1, 2
308, 58, 1, 2
309, 58, 1, 2
310, 58, 1, 2
311, 58, 1, 2
312, 58, 1, 2
313, 58, 1, 2
314, 58, 1, 2
315, 58, 1, 2
316, 58, 1, 2
317, 58, 1, 2
318, 58, 1, 2
319, 58, 1, 2
320, 58, 1, 2
321, 58, 1, 2
322, 58, 1, 2
323, 58, 1, 2
324, 58, 1, 2
325, 58, 1, 2
326, 58, 1, 2
327, 58, 1, 2
328, 58, 1, 2
329, 58, 1, 2
330, 58, 1, 2
331, 58, 1, 2
332, 58, 1, 2
333, 58, 1, 2
334, 58, 1, 2
335, 58, 1, 2
336, 58, 1, 2
337, 58, 1, 2
338, 58, 1, 2
339, 58, 1, 2
340, 58, 1, 2
341, 58, 1, 2
342, 58, 1, 2
343, 58, 1, 2
344, 58, 1, 2
345, 58, 1, 2
346, 58, 1, 2
347, 58, 1, 2
348, 58, 1, 2
349, 58, 1, 2
350, 58, 1, 2
351, 58, 1, 2
352, 58, 1, 2
353, 58, 1, 2
354, 58, 1, 2
355, 58, 1, 2
356, 58, 1, 2
357, 58, 1, 2
358, 58, 1, 2
359, 58, 1, 2
360, 58, 1, 2
361, 58, 1, 2
362, 58, 1, 2
363, 58, 1, 2
364, 58, 1, 2
365, 58, 1, 2
366, 58, 1, 2
367, 58, 1, 2
368, 58, 1, 2
369, 58, 1, 2
370, 58, 1, 2
371, 58, 1, 2
372, 58, 1, 2
373, 58, 1, 2
374, 58, 1, 2
375, 58, 1, 2
376, 58, 1, 2
377, 58, 1, 2
378, 58, 1, 2
379, 58, 1, 2
380, 58, 1, 2
381, 58, 1, 2
382, 58, 1, 2
383, 58, 1, 2
384, 58, 1, 2
385, 58, 1, 2
386, 58, 1, 2
387, 58, 1, 2
388, 58, 1, 2
389, 58, 1, 2
390, 58, 1, 2
391, 58, 1, 2
392, 58, 1, 2
393, 58, 1, 2
394, 58, 1, 2
395, 58, 1, 2
396, 58, 1, 2
397, 58, 1, 2
398, 58, 1, 2
399, 58, 1, 2
400, 58, 1, 2
401, 58, 1, 2
402, 58, 1, 2
403, 58, 1, 2
404, 58, 1, 2
405, 58, 1, 2
406, 58, 1, 2
407, 58, 1, 2
408, 58, 1, 2
409, 58, 1, 2
410, 58, 1, 2
411, 58, 1, 2
412, 58, 1, 2
413, 58, 1, 2
414, 58, 1, 2
415, 58, 1, 2
416, 58, 1, 2
417, 58, 1, 2
418, 58, 1, 2
419, 58, 1, 2
420, 58, 1, 2
421, 58, 1, 2
422, 58, 1, 2
423, 58, 1, 2
424, 58, 1, 2
