Objects, 1
Object:, First Vertice:, Vertices:, First Triangle:, Triangles:
Sphere.000, 1, 215, 1, 486

Vertices, 215
Vertice:, X:, Y:, Z:
1, 0.16781151294708252, -2.026779890060425, -1.017007827758789
2, 0.16641642153263092, -2.026764154434204, -1.0218356847763062
3, 0.19162116944789886, -2.0270490646362305, -1.0265039205551147
4, 0.17012141644954681, -2.026805877685547, -1.012544870376587
5, 0.17325763404369354, -2.026841402053833, -1.0086184740066528
6, 0.1770995557308197, -2.0268847942352295, -1.005379319190979
7, 0.18149952590465546, -2.0269346237182617, -1.0029520988464355
8, 0.18628838658332825, -2.026988983154297, -1.0014299154281616
9, 0.19128231704235077, -2.027045488357544, -1.0008713006973267
10, 0.19628915190696716, -2.027101993560791, -1.0012974739074707
11, 0.201116681098938, -2.0271565914154053, -1.0026925802230835
12, 0.20557928085327148, -2.027207136154175, -1.005002737045288
13, 0.2095053791999817, -2.0272514820098877, -1.0081391334533691
14, 0.21274426579475403, -2.0272881984710693, -1.0119813680648804
15, 0.21517139673233032, -2.027315616607666, -1.0163816213607788
16, 0.21669359505176544, -2.0273327827453613, -1.021170735359192
17, 0.21725210547447205, -2.027339220046997, -1.0261650085449219
18, 0.21682579815387726, -2.027334451675415, -1.0311721563339233
19, 0.21543079614639282, -2.0273187160491943, -1.0360000133514404
20, 0.21312083303928375, -2.027292490005493, -1.040462851524353
21, 0.20998461544513702, -2.027256965637207, -1.044389247894287
22, 0.20614275336265564, -2.0272135734558105, -1.047628402709961
23, 0.2017427682876587, -2.0271637439727783, -1.0500556230545044
24, 0.19695383310317993, -2.0271096229553223, -1.0515779256820679
25, 0.19196000695228577, -2.027052879333496, -1.0521364212036133
26, 0.18695314228534698, -2.026996374130249, -1.0517102479934692
27, 0.18212567269802094, -2.0269417762756348, -1.0503151416778564
28, 0.17766302824020386, -2.0268912315368652, -1.0480049848556519
29, 0.17373694479465485, -2.0268468856811523, -1.0448685884475708
30, 0.17049795389175415, -2.0268101692199707, -1.0410264730453491
31, 0.16807091236114502, -2.026782512664795, -1.0366261005401611
32, 0.1665487140417099, -2.0267655849456787, -1.031836986541748
33, 0.16599014401435852, -2.026759147644043, -1.0268425941467285
34, 0.18651452660560608, -2.010394811630249, -1.027630090713501
35, 0.18659667670726776, -2.0103957653045654, -1.0278887748718262
36, 0.18618255853652954, -2.010606050491333, -1.0289210081100464
37, 0.18671727180480957, -2.0103766918182373, -1.027586817741394
38, 0.1830415576696396, -2.011934757232666, -1.0325193405151367
39, 0.18418927490711212, -2.0119476318359375, -1.0338808298110962
40, 0.18389539420604706, -2.012314796447754, -1.0346072912216187
41, 0.18538054823875427, -2.011103391647339, -1.0309178829193115
42, 0.1939462572336197, -2.0104787349700928, -1.0314770936965942
43, 0.19390830397605896, -2.0104782581329346, -1.0314892530441284
44, 0.19392910599708557, -2.010474443435669, -1.0314372777938843
45, 0.19678188860416412, -2.0105109214782715, -1.0243663787841797
46, 0.19676266610622406, -2.0105106830596924, -1.0243315696716309
47, 0.1974354237318039, -2.0109493732452393, -1.0226322412490845
48, 0.1967419534921646, -2.0105061531066895, -1.024383544921875
49, 0.20240603387355804, -2.0181689262390137, -1.0100476741790771
50, 0.20232154428958893, -2.018038272857666, -1.0101802349090576
51, 0.20237857103347778, -2.0181686878204346, -1.0100334882736206
52, 0.20080025494098663, -2.014699935913086, -1.0140892267227173
53, 0.1913517862558365, -2.012028694152832, -1.0159199237823486
54, 0.18958216905593872, -2.0120086669921875, -1.0161179304122925
55, 0.1885552853345871, -2.014561414718628, -1.0114257335662842
56, 0.1887424886226654, -2.010420083999634, -1.022043228149414
57, 0.1889801323413849, -2.010422706604004, -1.021911859512329
58, 0.18886001408100128, -2.0104010105133057, -1.0222136974334717
59, 0.1791134923696518, -2.0221102237701416, -1.0458543300628662
60, 0.1806309074163437, -2.0179224014282227, -1.0426331758499146
61, 0.18010827898979187, -2.01951265335083, -1.0438984632492065
62, 0.18030878901481628, -2.019515037536621, -1.0440586805343628
63, 0.1989813596010208, -2.012115001678467, -1.0187231302261353
64, 0.19919900596141815, -2.012117385864258, -1.0188970565795898
65, 0.19871534407138824, -2.0119006633758545, -1.019396185874939
66, 0.20238852500915527, -2.018202543258667, -1.0100075006484985
67, 0.2023889124393463, -2.0182039737701416, -1.0100065469741821
68, 0.18815024197101593, -2.018007516860962, -1.0457959175109863
69, 0.18812057375907898, -2.018007278442383, -1.0457872152328491
70, 0.18818052113056183, -2.017878293991089, -1.0456405878067017
71, 0.19196587800979614, -2.0146000385284424, -1.0419180393218994
72, 0.1897769719362259, -2.014575242996216, -1.041731595993042
73, 0.19193151593208313, -2.0120351314544678, -1.0371211767196655
74, 0.19165392220020294, -2.0120320320129395, -1.0370975732803345
75, 0.19192467629909515, -2.011823892593384, -1.0364246368408203
76, 0.19322583079338074, -2.010901689529419, -1.0331883430480957
77, 0.19017989933490753, -2.011157751083374, -1.0188828706741333
78, 0.18778958916664124, -2.0103023052215576, -1.0249003171920776
79, 0.1893894076347351, -2.0106422901153564, -1.0208795070648193
80, 0.1943967193365097, -2.0104005336761475, -1.0302668809890747
81, 0.20423738658428192, -2.0223944187164307, -1.0071533918380737
82, 0.20273329317569733, -2.0193848609924316, -1.009109616279602
83, 0.20284563302993774, -2.0197701454162598, -1.0088169574737549
84, 0.19155830144882202, -2.0145952701568604, -1.01108980178833
85, 0.19319342076778412, -2.0146138668060303, -1.0112289190292358
86, 0.19163726270198822, -2.0124025344848633, -1.0151934623718262
87, 0.18228960037231445, -2.0144906044006348, -1.0385717153549194
88, 0.19533729553222656, -2.0103352069854736, -1.0279103517532349
89, 0.1950574517250061, -2.0103394985198975, -1.0286118984222412
90, 0.18100744485855103, -2.0144758224487305, -1.0375473499298096
91, 0.1867811530828476, -2.0103976726531982, -1.0244985818862915
92, 0.18648672103881836, -2.010394334793091, -1.0255180597305298
93, 0.18135099112987518, -2.011915445327759, -1.0245702266693115
94, 0.18192873895168304, -2.0119221210479736, -1.0225704908370972
95, 0.17660529911518097, -2.0144259929656982, -1.0236965417861938
96, 0.1774442493915558, -2.0144355297088623, -1.0207934379577637
97, 0.17243218421936035, -2.017829656600952, -1.0229308605194092
98, 0.17349988222122192, -2.0178418159484863, -1.0192359685897827
99, 0.1689918488264084, -2.0219955444335938, -1.022302508354187
100, 0.17024725675582886, -2.02200984954834, -1.0179576873779297
101, 0.16860808432102203, -2.02199125289917, -1.0268089771270752
102, 0.17210592329502106, -2.0178260803222656, -1.0267632007598877
103, 0.17634890973567963, -2.014423131942749, -1.0267077684402466
104, 0.1811743676662445, -2.011913537979126, -1.0266443490982056
105, 0.1863965541124344, -2.0103933811187744, -1.0265754461288452
106, 0.18140572309494019, -2.011916160583496, -1.0287129878997803
107, 0.17668487131595612, -2.0144269466400146, -1.0297108888626099
108, 0.17253339290618896, -2.0178308486938477, -1.0305856466293335
109, 0.16911084949970245, -2.0219969749450684, -1.0313035249710083
110, 0.17048072814941406, -2.02201247215271, -1.0356136560440063
111, 0.17369842529296875, -2.0178439617156982, -1.034251093864441
112, 0.17760013043880463, -2.014437437057495, -1.0325908660888672
113, 0.18203626573085785, -2.011923313140869, -1.0306966304779053
114, 0.17905977368354797, -2.014453887939453, -1.0352369546890259
115, 0.1755559891462326, -2.0178651809692383, -1.03761887550354
116, 0.1726650893688202, -2.0220372676849365, -1.0395737886428833
117, 0.17558006942272186, -2.0220701694488525, -1.0430315732955933
118, 0.17803505063056946, -2.017893075942993, -1.0405595302581787
119, 0.18312972784042358, -2.02215576171875, -1.0479334592819214
120, 0.187474325299263, -2.022204875946045, -1.0491889715194702
121, 0.19198039174079895, -2.0222556591033936, -1.0495725870132446
122, 0.19198235869407654, -2.0180509090423584, -1.0461221933364868
123, 0.1939999759197235, -2.012058734893799, -1.0368900299072266
124, 0.1949688345193863, -2.014633893966675, -1.0415819883346558
125, 0.19580455124378204, -2.018094301223755, -1.0456948280334473
126, 0.1964748054742813, -2.0223066806793213, -1.049069881439209
127, 0.20078466832637787, -2.022355318069458, -1.0476999282836914
128, 0.19946976006031036, -2.0181357860565186, -1.044529676437378
129, 0.19784867763519287, -2.0146665573120117, -1.0406666994094849
130, 0.19598357379436493, -2.0120811462402344, -1.0362592935562134
131, 0.19487535953521729, -2.0104894638061523, -1.030964732170105
132, 0.19780607521533966, -2.012101650238037, -1.035253882408142
133, 0.20049457252025604, -2.0146963596343994, -1.0392069816589355
134, 0.20283733308315277, -2.018173933029175, -1.0426719188690186
135, 0.20474442839622498, -2.022400140762329, -1.0455154180526733
136, 0.20820212364196777, -2.0224392414093018, -1.042600393295288
137, 0.20577779412269592, -2.01820707321167, -1.040192723274231
138, 0.2028047889471054, -2.0147225856781006, -1.0372592210769653
139, 0.19939741492271423, -2.0121195316314697, -1.033912181854248
140, 0.1956866830587387, -2.010498523712158, -1.0302807092666626
141, 0.1963488757610321, -2.0105061531066895, -1.0294514894485474
142, 0.20069649815559387, -2.012134313583374, -1.0322859287261963
143, 0.2046908140182495, -2.0147440433502197, -1.0348981618881226
144, 0.20817813277244568, -2.0182342529296875, -1.0371876955032349
145, 0.21102464199066162, -2.0224711894989014, -1.0390665531158447
146, 0.21310357749462128, -2.0224947929382324, -1.0350501537322998
147, 0.20994603633880615, -2.018254280090332, -1.0337719917297363
148, 0.20607991516590118, -2.0147595405578613, -1.0322142839431763
149, 0.2016533613204956, -2.0121452808380127, -1.0304373502731323
150, 0.1968366503715515, -2.0105113983154297, -1.0285091400146484
151, 0.1971312165260315, -2.010514974594116, -1.0274896621704102
152, 0.20223116874694824, -2.0121517181396484, -1.0284374952316284
153, 0.20691882073879242, -2.0147690773010254, -1.029311180114746
154, 0.2110137939453125, -2.018266201019287, -1.0300767421722412
155, 0.21435900032520294, -2.0225090980529785, -1.0307053327560425
156, 0.2147427499294281, -2.0225133895874023, -1.0261988639831543
157, 0.21134008467197418, -2.0182700157165527, -1.0262445211410522
158, 0.2071751356124878, -2.0147719383239746, -1.0262999534606934
159, 0.20240774750709534, -2.0121538639068604, -1.026363492012024
160, 0.19722133874893188, -2.0105159282684326, -1.0264322757720947
161, 0.197103351354599, -2.010514497756958, -1.025377631187439
162, 0.20217637717723846, -2.0121512413024902, -1.0242948532104492
163, 0.2068392038345337, -2.014768362045288, -1.0232970714569092
164, 0.21091261506080627, -2.0182652473449707, -1.0224220752716064
165, 0.2142399400472641, -2.022507667541504, -1.0217041969299316
166, 0.21287015080451965, -2.0224921703338623, -1.017393946647644
167, 0.20974759757518768, -2.018251895904541, -1.018756628036499
168, 0.20592395961284637, -2.0147578716278076, -1.0204168558120728
169, 0.2015458643436432, -2.012143850326538, -1.0223110914230347
170, 0.20054060220718384, -2.0121326446533203, -1.0204885005950928
171, 0.20446434617042542, -2.0147414207458496, -1.017770767211914
172, 0.20789003372192383, -2.01823091506958, -1.0153888463974
173, 0.21068577468395233, -2.0224673748016357, -1.0134340524673462
174, 0.20777082443237305, -2.0224344730377197, -1.0099760293960571
175, 0.20541097223758698, -2.018203020095825, -1.0124481916427612
176, 0.20251671969890594, -2.014719247817993, -1.0154603719711304
177, 0.20022118091583252, -2.0223491191864014, -1.005074381828308
178, 0.19587652385234833, -2.0222997665405273, -1.0038188695907593
179, 0.19137050211429596, -2.0222487449645996, -1.0034350156784058
180, 0.187641441822052, -2.0180020332336426, -1.0073131322860718
181, 0.1914636641740799, -2.01804518699646, -1.0068855285644531
182, 0.1868760883808136, -2.022197961807251, -1.003937840461731
183, 0.18256618082523346, -2.0221493244171143, -1.005307912826538
184, 0.18397623300552368, -2.017960548400879, -1.0084781646728516
185, 0.18567541241645813, -2.014528751373291, -1.012341022491455
186, 0.1875985562801361, -2.011986017227173, -1.0167484283447266
187, 0.18577605485916138, -2.01196551322937, -1.0177538394927979
188, 0.18302951753139496, -2.014498710632324, -1.013800859451294
189, 0.18060867488384247, -2.0179221630096436, -1.0103358030319214
190, 0.17860636115074158, -2.022104501724243, -1.0074923038482666
191, 0.17514871060848236, -2.0220654010772705, -1.0104074478149414
192, 0.17766818404197693, -2.0178890228271484, -1.0128151178359985
193, 0.18071924149990082, -2.014472484588623, -1.0157485008239746
194, 0.184184730052948, -2.0119476318359375, -1.019095540046692
195, 0.18793122470378876, -2.010410785675049, -1.0227270126342773
196, 0.18726903200149536, -2.0104033946990967, -1.0235563516616821
197, 0.18288566172122955, -2.011932849884033, -1.0207217931747437
198, 0.1788332611322403, -2.014451503753662, -1.018109679222107
199, 0.17526781558990479, -2.017861843109131, -1.0158201456069946
200, 0.1723262369632721, -2.022033214569092, -1.0139410495758057
201, 0.18747054040431976, -2.0103070735931396, -1.0257002115249634
202, 0.18810845911502838, -2.0103142261505127, -1.0241005420684814
203, 0.1871250718832016, -2.0103299617767334, -1.026565670967102
204, 0.18761736154556274, -2.0195975303649902, -1.0470038652420044
205, 0.19475440680980682, -2.010359764099121, -1.0293711423873901
206, 0.19561699032783508, -2.010345935821533, -1.0272088050842285
207, 0.1959194839000702, -2.0103728771209717, -1.0264495611190796
208, 0.19627618789672852, -2.0104217529296875, -1.025553822517395
209, 0.19551615417003632, -2.0196869373321533, -1.005924105644226
210, 0.19526052474975586, -2.019684076309204, -1.0059021711349487
211, 0.18928131461143494, -2.0105841159820557, -1.021152138710022
212, 0.18845336139202118, -2.010344982147217, -1.0232348442077637
213, 0.18395233154296875, -2.0195562839508057, -1.0459446907043457
214, 0.19945763051509857, -2.0197315216064453, -1.0070630311965942
215, 0.19477403163909912, -2.018082618713379, -1.0071674585342407

Triangles, 424
Triangle:, Side1:, Side2:, Side3:
1, 1, 2, 3
2, 4, 1, 3
3, 5, 4, 3
4, 6, 5, 3
5, 7, 6, 3
6, 8, 7, 3
7, 9, 8, 3
8, 10, 9, 3
9, 11, 10, 3
10, 12, 11, 3
11, 13, 12, 3
12, 14, 13, 3
13, 15, 14, 3
14, 16, 15, 3
15, 17, 16, 3
16, 18, 17, 3
17, 19, 18, 3
18, 20, 19, 3
19, 21, 20, 3
20, 22, 21, 3
21, 23, 22, 3
22, 24, 23, 3
23, 25, 24, 3
24, 26, 25, 3
25, 27, 26, 3
26, 28, 27, 3
27, 29, 28, 3
28, 30, 29, 3
29, 31, 30, 3
30, 32, 31, 3
31, 33, 32, 3
32, 2, 33, 3
33, 34, 35, 36
34, 35, 34, 37
35, 38, 39, 40
36, 39, 38, 41
37, 42, 43, 44
38, 45, 46, 47
39, 46, 45, 48
40, 49, 50, 51
41, 52, 50, 49
42, 53, 54, 55
43, 56, 57, 58
44, 59, 60, 61
45, 62, 59, 61
46, 63, 64, 65
47, 49, 66, 67
48, 49, 51, 66
49, 68, 69, 70
50, 71, 70, 72
51, 73, 74, 75
52, 42, 76, 43
53, 53, 77, 54
54, 78, 79, 77
55, 76, 75, 74
56, 70, 80, 44
57, 81, 82, 83
58, 84, 85, 86
59, 86, 85, 78
60, 36, 87, 41
61, 88, 89, 70
62, 90, 40, 87
63, 91, 92, 93
64, 91, 93, 94
65, 94, 93, 95
66, 94, 95, 96
67, 96, 95, 97
68, 96, 97, 98
69, 98, 97, 99
70, 98, 99, 100
71, 2, 1, 100
72, 2, 100, 99
73, 99, 101, 33
74, 99, 33, 2
75, 97, 102, 101
76, 97, 101, 99
77, 95, 103, 102
78, 95, 102, 97
79, 93, 104, 103
80, 93, 103, 95
81, 92, 105, 104
82, 92, 104, 93
83, 105, 34, 106
84, 105, 106, 104
85, 104, 106, 107
86, 104, 107, 103
87, 103, 107, 108
88, 103, 108, 102
89, 102, 108, 109
90, 102, 109, 101
91, 101, 109, 32
92, 101, 32, 33
93, 109, 110, 31
94, 109, 31, 32
95, 108, 111, 110
96, 108, 110, 109
97, 107, 112, 111
98, 107, 111, 108
99, 106, 113, 112
100, 106, 112, 107
101, 34, 36, 113
102, 34, 113, 106
103, 113, 38, 114
104, 113, 114, 112
105, 112, 114, 115
106, 112, 115, 111
107, 111, 115, 116
108, 111, 116, 110
109, 110, 116, 30
110, 110, 30, 31
111, 116, 117, 29
112, 116, 29, 30
113, 115, 118, 117
114, 115, 117, 116
115, 114, 90, 118
116, 114, 118, 115
117, 38, 40, 90
118, 38, 90, 114
119, 118, 60, 59
120, 118, 59, 117
121, 117, 59, 28
122, 117, 28, 29
123, 59, 119, 27
124, 59, 27, 28
125, 119, 120, 26
126, 119, 26, 27
127, 120, 121, 25
128, 120, 25, 26
129, 68, 122, 121
130, 68, 121, 120
131, 73, 123, 124
132, 73, 124, 71
133, 71, 124, 125
134, 71, 125, 122
135, 122, 125, 126
136, 122, 126, 121
137, 121, 126, 24
138, 121, 24, 25
139, 126, 127, 23
140, 126, 23, 24
141, 125, 128, 127
142, 125, 127, 126
143, 124, 129, 128
144, 124, 128, 125
145, 123, 130, 129
146, 123, 129, 124
147, 42, 131, 132
148, 42, 132, 130
149, 130, 132, 133
150, 130, 133, 129
151, 129, 133, 134
152, 129, 134, 128
153, 128, 134, 135
154, 128, 135, 127
155, 127, 135, 22
156, 127, 22, 23
157, 135, 136, 21
158, 135, 21, 22
159, 134, 137, 136
160, 134, 136, 135
161, 133, 138, 137
162, 133, 137, 134
163, 132, 139, 138
164, 132, 138, 133
165, 131, 140, 139
166, 131, 139, 132
167, 140, 141, 142
168, 140, 142, 139
169, 139, 142, 143
170, 139, 143, 138
171, 138, 143, 144
172, 138, 144, 137
173, 137, 144, 145
174, 137, 145, 136
175, 136, 145, 20
176, 136, 20, 21
177, 145, 146, 19
178, 145, 19, 20
179, 144, 147, 146
180, 144, 146, 145
181, 143, 148, 147
182, 143, 147, 144
183, 142, 149, 148
184, 142, 148, 143
185, 141, 150, 149
186, 141, 149, 142
187, 150, 151, 152
188, 150, 152, 149
189, 149, 152, 153
190, 149, 153, 148
191, 148, 153, 154
192, 148, 154, 147
193, 147, 154, 155
194, 147, 155, 146
195, 146, 155, 18
196, 146, 18, 19
197, 155, 156, 17
198, 155, 17, 18
199, 154, 157, 156
200, 154, 156, 155
201, 153, 158, 157
202, 153, 157, 154
203, 152, 159, 158
204, 152, 158, 153
205, 151, 160, 159
206, 151, 159, 152
207, 160, 161, 162
208, 160, 162, 159
209, 159, 162, 163
210, 159, 163, 158
211, 158, 163, 164
212, 158, 164, 157
213, 157, 164, 165
214, 157, 165, 156
215, 156, 165, 16
216, 156, 16, 17
217, 165, 166, 15
218, 165, 15, 16
219, 164, 167, 166
220, 164, 166, 165
221, 163, 168, 167
222, 163, 167, 164
223, 162, 169, 168
224, 162, 168, 163
225, 161, 45, 169
226, 161, 169, 162
227, 45, 47, 170
228, 45, 170, 169
229, 169, 170, 171
230, 169, 171, 168
231, 168, 171, 172
232, 168, 172, 167
233, 167, 172, 173
234, 167, 173, 166
235, 166, 173, 14
236, 166, 14, 15
237, 173, 174, 13
238, 173, 13, 14
239, 172, 175, 174
240, 172, 174, 173
241, 171, 176, 175
242, 171, 175, 172
243, 170, 64, 176
244, 170, 176, 171
245, 176, 52, 49
246, 176, 49, 175
247, 175, 49, 81
248, 175, 81, 174
249, 174, 81, 12
250, 174, 12, 13
251, 81, 177, 11
252, 81, 11, 12
253, 177, 178, 10
254, 177, 10, 11
255, 178, 179, 9
256, 178, 9, 10
257, 84, 55, 180
258, 84, 180, 181
259, 181, 180, 182
260, 181, 182, 179
261, 179, 182, 8
262, 179, 8, 9
263, 182, 183, 7
264, 182, 7, 8
265, 180, 184, 183
266, 180, 183, 182
267, 55, 185, 184
268, 55, 184, 180
269, 54, 186, 185
270, 54, 185, 55
271, 186, 187, 188
272, 186, 188, 185
273, 185, 188, 189
274, 185, 189, 184
275, 184, 189, 190
276, 184, 190, 183
277, 183, 190, 6
278, 183, 6, 7
279, 190, 191, 5
280, 190, 5, 6
281, 189, 192, 191
282, 189, 191, 190
283, 188, 193, 192
284, 188, 192, 189
285, 187, 194, 193
286, 187, 193, 188
287, 56, 195, 194
288, 56, 194, 187
289, 195, 196, 197
290, 195, 197, 194
291, 194, 197, 198
292, 194, 198, 193
293, 193, 198, 199
294, 193, 199, 192
295, 192, 199, 200
296, 192, 200, 191
297, 191, 200, 4
298, 191, 4, 5
299, 1, 4, 200
300, 1, 200, 100
301, 199, 98, 100
302, 199, 100, 200
303, 198, 96, 98
304, 198, 98, 199
305, 197, 94, 96
306, 197, 96, 198
307, 196, 91, 94
308, 196, 94, 197
309, 91, 78, 201
310, 91, 201, 92
311, 78, 91, 196
312, 78, 196, 202
313, 105, 92, 201
314, 105, 201, 203
315, 105, 203, 37
316, 105, 37, 34
317, 38, 113, 36
318, 38, 36, 41
319, 37, 87, 36
320, 37, 36, 35
321, 41, 87, 40
322, 41, 40, 39
323, 69, 68, 120
324, 69, 120, 204
325, 122, 68, 70
326, 122, 70, 71
327, 123, 73, 75
328, 123, 75, 76
329, 130, 123, 76
330, 130, 76, 42
331, 131, 42, 44
332, 131, 44, 80
333, 140, 131, 80
334, 140, 80, 205
335, 141, 140, 205
336, 141, 205, 89
337, 151, 150, 88
338, 151, 88, 206
339, 151, 206, 207
340, 151, 207, 160
341, 161, 160, 207
342, 161, 207, 208
343, 88, 52, 207
344, 88, 207, 206
345, 161, 208, 48
346, 161, 48, 45
347, 64, 170, 47
348, 64, 47, 65
349, 48, 52, 47
350, 48, 47, 46
351, 178, 209, 210
352, 178, 210, 179
353, 55, 84, 86
354, 55, 86, 53
355, 186, 54, 77
356, 186, 77, 79
357, 187, 186, 79
358, 187, 79, 211
359, 57, 56, 187
360, 57, 187, 211
361, 195, 56, 58
362, 195, 58, 212
363, 79, 78, 58
364, 79, 58, 57
365, 196, 195, 212
366, 196, 212, 202
367, 78, 202, 212
368, 78, 212, 58
369, 60, 78, 210
370, 60, 210, 61
371, 205, 80, 70
372, 205, 70, 89
373, 49, 67, 82
374, 49, 82, 81
375, 51, 69, 82
376, 51, 82, 66
377, 90, 87, 60
378, 90, 60, 118
379, 59, 62, 213
380, 59, 213, 119
381, 61, 210, 213
382, 61, 213, 62
383, 69, 51, 50
384, 69, 50, 52
385, 213, 204, 120
386, 213, 120, 119
387, 71, 72, 74
388, 71, 74, 73
389, 70, 76, 74
390, 70, 74, 72
391, 76, 70, 44
392, 76, 44, 43
393, 141, 89, 88
394, 141, 88, 150
395, 69, 52, 88
396, 69, 88, 70
397, 64, 63, 52
398, 64, 52, 176
399, 214, 209, 178
400, 214, 178, 177
401, 179, 210, 215
402, 179, 215, 181
403, 78, 85, 215
404, 78, 215, 210
405, 181, 215, 85
406, 181, 85, 84
407, 78, 77, 53
408, 78, 53, 86
409, 203, 60, 87
410, 203, 87, 37
411, 52, 48, 208
412, 52, 208, 207
413, 204, 83, 82
414, 204, 82, 69
415, 81, 83, 214
416, 81, 214, 177
417, 209, 214, 213
418, 209, 213, 210
419, 60, 203, 201
420, 60, 201, 78
421, 52, 63, 65
422, 52, 65, 47
423, 213, 214, 83
424, 213, 83, 204

Colors, 424
Triangle:, Red:, Green:, Blue:
1, 58, 1, 2
2, 58, 1, 2
3, 58, 1, 2
4, 58, 1, 2
5, 58, 1, 2
6, 58, 1, 2
7, 58, 1, 2
8, 58, 1, 2
9, 58, 1, 2
10, 58, 1, 2
11, 58, 1, 2
12, 58, 1, 2
13, 58, 1, 2
14, 58, 1, 2
15, 58, 1, 2
16, 58, 1, 2
17, 58, 1, 2
18, 58, 1, 2
19, 58, 1, 2
20, 58, 1, 2
21, 58, 1, 2
22, 58, 1, 2
23, 58, 1, 2
24, 58, 1, 2
25, 58, 1, 2
26, 58, 1, 2
27, 58, 1, 2
28, 58, 1, 2
29, 58, 1, 2
30, 58, 1, 2
31, 58, 1, 2
32, 58, 1, 2
33, 58, 1, 2
34, 58, 1, 2
35, 58, 1, 2
36, 58, 1, 2
37, 58, 1, 2
38, 58, 1, 2
39, 58, 1, 2
40, 58, 1, 2
41, 58, 1, 2
42, 58, 1, 2
43, 58, 1, 2
44, 58, 1, 2
45, 58, 1, 2
46, 58, 1, 2
47, 58, 1, 2
48, 58, 1, 2
49, 58, 1, 2
50, 58, 1, 2
51, 58, 1, 2
52, 58, 1, 2
53, 58, 1, 2
54, 58, 1, 2
55, 58, 1, 2
56, 58, 1, 2
57, 58, 1, 2
58, 58, 1, 2
59, 58, 1, 2
60, 58, 1, 2
61, 58, 1, 2
62, 58, 1, 2
63, 58, 1, 2
64, 58, 1, 2
65, 58, 1, 2
66, 58, 1, 2
67, 58, 1, 2
68, 58, 1, 2
69, 58, 1, 2
70, 58, 1, 2
71, 58, 1, 2
72, 58, 1, 2
73, 58, 1, 2
74, 58, 1, 2
75, 58, 1, 2
76, 58, 1, 2
77, 58, 1, 2
78, 58, 1, 2
79, 58, 1, 2
80, 58, 1, 2
81, 58, 1, 2
82, 58, 1, 2
83, 58, 1, 2
84, 58, 1, 2
85, 58, 1, 2
86, 58, 1, 2
87, 58, 1, 2
88, 58, 1, 2
89, 58, 1, 2
90, 58, 1, 2
91, 58, 1, 2
92, 58, 1, 2
93, 58, 1, 2
94, 58, 1, 2
95, 58, 1, 2
96, 58, 1, 2
97, 58, 1, 2
98, 58, 1, 2
99, 58, 1, 2
100, 58, 1, 2
101, 58, 1, 2
102, 58, 1, 2
103, 58, 1, 2
104, 58, 1, 2
105, 58, 1, 2
106, 58, 1, 2
107, 58, 1, 2
108, 58, 1, 2
109, 58, 1, 2
110, 58, 1, 2
111, 58, 1, 2
112, 58, 1, 2
113, 58, 1, 2
114, 58, 1, 2
115, 58, 1, 2
116, 58, 1, 2
117, 58, 1, 2
118, 58, 1, 2
119, 58, 1, 2
120, 58, 1, 2
121, 58, 1, 2
122, 58, 1, 2
123, 58, 1, 2
124, 58, 1, 2
125, 58, 1, 2
126, 58, 1, 2
127, 58, 1, 2
128, 58, 1, 2
129, 58, 1, 2
130, 58, 1, 2
131, 58, 1, 2
132, 58, 1, 2
133, 58, 1, 2
134, 58, 1, 2
135, 58, 1, 2
136, 58, 1, 2
137, 58, 1, 2
138, 58, 1, 2
139, 58, 1, 2
140, 58, 1, 2
141, 58, 1, 2
142, 58, 1, 2
143, 58, 1, 2
144, 58, 1, 2
145, 58, 1, 2
146, 58, 1, 2
147, 58, 1, 2
148, 58, 1, 2
149, 58, 1, 2
150, 58, 1, 2
151, 58, 1, 2
152, 58, 1, 2
153, 58, 1, 2
154, 58, 1, 2
155, 58, 1, 2
156, 58, 1, 2
157, 58, 1, 2
158, 58, 1, 2
159, 58, 1, 2
160, 58, 1, 2
161, 58, 1, 2
162, 58, 1, 2
163, 58, 1, 2
164, 58, 1, 2
165, 58, 1, 2
166, 58, 1, 2
167, 58, 1, 2
168, 58, 1, 2
169, 58, 1, 2
170, 58, 1, 2
171, 58, 1, 2
172, 58, 1, 2
173, 58, 1, 2
174, 58, 1, 2
175, 58, 1, 2
176, 58, 1, 2
177, 58, 1, 2
178, 58, 1, 2
179, 58, 1, 2
180, 58, 1, 2
181, 58, 1, 2
182, 58, 1, 2
183, 58, 1, 2
184, 58, 1, 2
185, 58, 1, 2
186, 58, 1, 2
187, 58, 1, 2
188, 58, 1, 2
189, 58, 1, 2
190, 58, 1, 2
191, 58, 1, 2
192, 58, 1, 2
193, 58, 1, 2
194, 58, 1, 2
195, 58, 1, 2
196, 58, 1, 2
197, 58, 1, 2
198, 58, 1, 2
199, 58, 1, 2
200, 58, 1, 2
201, 58, 1, 2
202, 58, 1, 2
203, 58, 1, 2
204, 58, 1, 2
205, 58, 1, 2
206, 58, 1, 2
207, 58, 1, 2
208, 58, 1, 2
209, 58, 1, 2
210, 58, 1, 2
211, 58, 1, 2
212, 58, 1, 2
213, 58, 1, 2
214, 58, 1, 2
215, 58, 1, 2
216, 58, 1, 2
217, 58, 1, 2
218, 58, 1, 2
219, 58, 1, 2
220, 58, 1, 2
221, 58, 1, 2
222, 58, 1, 2
223, 58, 1, 2
224, 58, 1, 2
225, 58, 1, 2
226, 58, 1, 2
227, 58, 1, 2
228, 58, 1, 2
229, 58, 1, 2
230, 58, 1, 2
231, 58, 1, 2
232, 58, 1, 2
233, 58, 1, 2
234, 58, 1, 2
235, 58, 1, 2
236, 58, 1, 2
237, 58, 1, 2
238, 58, 1, 2
239, 58, 1, 2
240, 58, 1, 2
241, 58, 1, 2
242, 58, 1, 2
243, 58, 1, 2
244, 58, 1, 2
245, 58, 1, 2
246, 58, 1, 2
247, 58, 1, 2
248, 58, 1, 2
249, 58, 1, 2
250, 58, 1, 2
251, 58, 1, 2
252, 58, 1, 2
253, 58, 1, 2
254, 58, 1, 2
255, 58, 1, 2
256, 58, 1, 2
257, 58, 1, 2
258, 58, 1, 2
259, 58, 1, 2
260, 58, 1, 2
261, 58, 1, 2
262, 58, 1, 2
263, 58, 1, 2
264, 58, 1, 2
265, 58, 1, 2
266, 58, 1, 2
267, 58, 1, 2
268, 58, 1, 2
269, 58, 1, 2
270, 58, 1, 2
271, 58, 1, 2
272, 58, 1, 2
273, 58, 1, 2
274, 58, 1, 2
275, 58, 1, 2
276, 58, 1, 2
277, 58, 1, 2
278, 58, 1, 2
279, 58, 1, 2
280, 58, 1, 2
281, 58, 1, 2
282, 58, 1, 2
283, 58, 1, 2
284, 58, 1, 2
285, 58, 1, 2
286, 58, 1, 2
287, 58, 1, 2
288, 58, 1, 2
289, 58, 1, 2
290, 58, 1, 2
291, 58, 1, 2
292, 58, 1, 2
293, 58, 1, 2
294, 58, 1, 2
295, 58, 1, 2
296, 58, 1, 2
297, 58, 1, 2
298, 58, 1, 2
299, 58, 1, 2
300, 58, 1, 2
301, 58, 1, 2
302, 58, 1, 2
303, 58, 1, 2
304, 58, 1, 2
305, 58, 1, 2
306, 58, 1, 2
307, 58, 1, 2
308, 58, 1, 2
309, 58, 1, 2
310, 58, 1, 2
311, 58, 1, 2
312, 58, 1, 2
313, 58, 1, 2
314, 58, 1, 2
315, 58, 1, 2
316, 58, 1, 2
317, 58, 1, 2
318, 58, 1, 2
319, 58, 1, 2
320, 58, 1, 2
321, 58, 1, 2
322, 58, 1, 2
323, 58, 1, 2
324, 58, 1, 2
325, 58, 1, 2
326, 58, 1, 2
327, 58, 1, 2
328, 58, 1, 2
329, 58, 1, 2
330, 58, 1, 2
331, 58, 1, 2
332, 58, 1, 2
333, 58, 1, 2
334, 58, 1, 2
335, 58, 1, 2
336, 58, 1, 2
337, 58, 1, 2
338, 58, 1, 2
339, 58, 1, 2
340, 58, 1, 2
341, 58, 1, 2
342, 58, 1, 2
343, 58, 1, 2
344, 58, 1, 2
345, 58, 1, 2
346, 58, 1, 2
347, 58, 1, 2
348, 58, 1, 2
349, 58, 1, 2
350, 58, 1, 2
351, 58, 1, 2
352, 58, 1, 2
353, 58, 1, 2
354, 58, 1, 2
355, 58, 1, 2
356, 58, 1, 2
357, 58, 1, 2
358, 58, 1, 2
359, 58, 1, 2
360, 58, 1, 2
361, 58, 1, 2
362, 58, 1, 2
363, 58, 1, 2
364, 58, 1, 2
365, 58, 1, 2
366, 58, 1, 2
367, 58, 1, 2
368, 58, 1, 2
369, 58, 1, 2
370, 58, 1, 2
371, 58, 1, 2
372, 58, 1, 2
373, 58, 1, 2
374, 58, 1, 2
375, 58, 1, 2
376, 58, 1, 2
377, 58, 1, 2
378, 58, 1, 2
379, 58, 1, 2
380, 58, 1, 2
381, 58, 1, 2
382, 58, 1, 2
383, 58, 1, 2
384, 58, 1, 2
385, 58, 1, 2
386, 58, 1, 2
387, 58, 1, 2
388, 58, 1, 2
389, 58, 1, 2
390, 58, 1, 2
391, 58, 1, 2
392, 58, 1, 2
393, 58, 1, 2
394, 58, 1, 2
395, 58, 1, 2
396, 58, 1, 2
397, 58, 1, 2
398, 58, 1, 2
399, 58, 1, 2
400, 58, 1, 2
401, 58, 1, 2
402, 58, 1, 2
403, 58, 1, 2
404, 58, 1, 2
405, 58, 1, 2
406, 58, 1, 2
407, 58, 1, 2
408, 58, 1, 2
409, 58, 1, 2
410, 58, 1, 2
411, 58, 1, 2
412, 58, 1, 2
413, 58, 1, 2
414, 58, 1, 2
415, 58, 1, 2
416, 58, 1, 2
417, 58, 1, 2
418, 58, 1, 2
419, 58, 1, 2
420, 58, 1, 2
421, 58, 1, 2
422, 58, 1, 2
423, 58, 1, 2
424, 58, 1, 2
