Objects, 1
Object:, First Vertice:, Vertices:, First Triangle:, Triangles:
Sphere.010, 1, 215, 1, 486

Vertices, 215
Vertice:, X:, Y:, Z:
1, 1.4871740899980068, -2.1081676483154297, -1.3953599855303764
2, 1.4892408922314644, -2.108144259080291, -1.388207751326263
3, 1.4519006439804798, -2.1085668113082647, -1.3812917369114928
4, 1.4837520569562912, -2.1082063745707273, -1.401971710845828
5, 1.4791057966649532, -2.108258953318, -1.4077885691076517
6, 1.4734141435474157, -2.1083233635872602, -1.4125873073935509
7, 1.4668956398963928, -2.1083971299231052, -1.416183229535818
8, 1.459800960496068, -2.1084774117916822, -1.418438471853733
9, 1.452402642578818, -2.10856113396585, -1.419266004115343
10, 1.4449850698001683, -2.108645072206855, -1.4186343736946583
11, 1.4378332300111651, -2.1087260050699115, -1.4165675975382328
12, 1.4312219936400652, -2.1088008182123303, -1.413145188242197
13, 1.4254055060446262, -2.1088666385039687, -1.4084986317902803
14, 1.4206070713698864, -2.108920938335359, -1.402806617319584
15, 1.4170113801956177, -2.108961629681289, -1.3962876927107573
16, 1.4147562868893147, -2.1089871479198337, -1.3891925606876612
17, 1.4139288067817688, -2.1089965105056763, -1.3817937693092972
18, 1.4145603962242603, -2.108989362604916, -1.3743757223710418
19, 1.416627038270235, -2.1089659743010998, -1.3672234239056706
20, 1.4200492277741432, -2.1089272471144795, -1.3606117647141218
21, 1.4246954955160618, -2.108874668367207, -1.354794904589653
22, 1.4303871430456638, -2.108810259029269, -1.349996168166399
23, 1.4369056476280093, -2.108736493624747, -1.3464002422988415
24, 1.4440003279596567, -2.108656208962202, -1.3441450037062168
25, 1.4513986457022838, -2.1085724886506796, -1.3433174677193165
26, 1.4588162177242339, -2.1084885485470295, -1.3439491018652916
27, 1.4659680584445596, -2.1084076166152954, -1.3460158742964268
28, 1.4725792948156595, -2.1083328034728765, -1.3494382835924625
29, 1.4783957824110985, -2.108266983181238, -1.3540848437696695
30, 1.4831942152231932, -2.108212683349848, -1.3597768563777208
31, 1.4867899045348167, -2.1081719920039177, -1.36629578191787
32, 1.4890449978411198, -2.1081464737653732, -1.3733909139409661
33, 1.4898724853992462, -2.108137110248208, -1.380789705843199
34, 1.4594660447910428, -2.083893597126007, -1.3796233133180067
35, 1.4593442720361054, -2.0838949754834175, -1.3792400574311614
36, 1.4599577877670527, -2.0842064805328846, -1.3777106227353215
37, 1.4591656364500523, -2.0838667787611485, -1.3796871526865289
38, 1.4646111596375704, -2.086174748837948, -1.372379994019866
39, 1.4629108039662242, -2.0861939899623394, -1.3703628927469254
40, 1.4633461525663733, -2.0867379046976566, -1.3692867709323764
41, 1.4611459178850055, -2.0849434174597263, -1.3747525247745216
42, 1.4484560245182365, -2.084018189460039, -1.3739238791167736
43, 1.4485122964251786, -2.084017552435398, -1.3739060345105827
44, 1.4484814491588622, -2.084011547267437, -1.3739832076244056
45, 1.4442550539970398, -2.084065727889538, -1.3844583570025861
46, 1.4442836022935808, -2.084065403789282, -1.3845100321341306
47, 1.4432869395241141, -2.0847153030335903, -1.3870274131186306
48, 1.4443143052048981, -2.084058705717325, -1.3844328592531383
49, 1.435922995209694, -2.095410907641053, -1.4056712966412306
50, 1.4360482469201088, -2.095217389985919, -1.4054750259965658
51, 1.4359637536108494, -2.0954104475677013, -1.4056923538446426
52, 1.438302000053227, -2.0902714133262634, -1.3996838368475437
53, 1.4522996458254056, -2.08631407096982, -1.396971745416522
54, 1.4549213568679988, -2.086284402757883, -1.3966784290969372
55, 1.4564426285214722, -2.0900661274790764, -1.4036297053098679
56, 1.456165318377316, -2.0839309506118298, -1.3879003119654953
57, 1.455813238862902, -2.083934932947159, -1.3880945798009634
58, 1.4559911908581853, -2.0839027017354965, -1.387647484894842
59, 1.4704305194318295, -2.101249882951379, -1.352624448016286
60, 1.4681824781000614, -2.0950458496809006, -1.357396338135004
61, 1.4689566753804684, -2.0974013581871986, -1.3555220160633326
62, 1.468659646809101, -2.097404720261693, -1.3552849050611258
63, 1.440996691584587, -2.0864419750869274, -1.3928187619894743
64, 1.4406742062419653, -2.08644562587142, -1.392561144195497
65, 1.441390749067068, -2.0861243903636932, -1.3918217262253165
66, 1.435949059203267, -2.095460742712021, -1.4057306237518787
67, 1.435948446393013, -2.0954628102481365, -1.4057322163134813
68, 1.4570426843129098, -2.0951719097793102, -1.3527109436690807
69, 1.4570867479778826, -2.0951714105904102, -1.3527237121015787
70, 1.4569979077205062, -2.09498031437397, -1.3529410399496555
71, 1.4513899738667533, -2.090123299509287, -1.358456065878272
72, 1.4546328058931977, -2.0900866016745567, -1.3587322290986776
73, 1.4514408945688047, -2.0863237865269184, -1.365562280640006
74, 1.451852145313751, -2.0863191336393356, -1.3655973058193922
75, 1.4514510022709146, -2.086010541766882, -1.3665943397209048
76, 1.4495234112255275, -2.084644727408886, -1.371388653293252
77, 1.4540357803925872, -2.085023880004883, -1.392582113854587
78, 1.4575769645161927, -2.0837566927075386, -1.3836673190817237
79, 1.455206929706037, -2.0842602476477623, -1.3896240135654807
80, 1.4477887563407421, -2.083902131766081, -1.3757168976590037
81, 1.4332099352031946, -2.1016710866242647, -1.4099590238183737
82, 1.4354382529854774, -2.09721208922565, -1.4070610646158457
83, 1.4352717958390713, -2.097782550379634, -1.4074946083128452
84, 1.4519938146622735, -2.09011647105217, -1.4041274096816778
85, 1.4495713172946125, -2.090143885463476, -1.4039211701601744
86, 1.451876717415871, -2.086867693811655, -1.3980478644371033
87, 1.465725101530552, -2.0899610817432404, -1.3634134661406279
88, 1.4463952803052962, -2.0838056318461895, -1.3792080329731107
89, 1.446809853427112, -2.08381175249815, -1.3781687449663877
90, 1.467624669894576, -2.089939583092928, -1.3649310152977705
91, 1.4590709432959557, -2.0838980674743652, -1.3842624539975077
92, 1.4595072860829532, -2.0838931277394295, -1.382752132951282
93, 1.4671157347038388, -2.0861464105546474, -1.384156416868791
94, 1.4662597235292196, -2.0861560963094234, -1.387119026388973
95, 1.4741463121026754, -2.0898657850921154, -1.3854506025090814
96, 1.472903473302722, -2.0898798517882824, -1.3897516364231706
97, 1.480328707024455, -2.0949083995074034, -1.3865850172005594
98, 1.4787468779832125, -2.0949262995272875, -1.392059113830328
99, 1.485425516963005, -2.101080199703574, -1.387515944428742
100, 1.4835656061768532, -2.1011012475937605, -1.3939528744667768
101, 1.4859940558671951, -2.1010737642645836, -1.3808398933615535
102, 1.4808120876550674, -2.0949029289186, -1.3809075305762235
103, 1.4745261054486036, -2.0898614898324013, -1.3809897959581576
104, 1.4673773599788547, -2.08614344894886, -1.3810837086930405
105, 1.459640761371702, -2.0838916189968586, -1.38118570001825
106, 1.4670346193015575, -2.086147326976061, -1.3780190802644938
107, 1.4740284327417612, -2.0898671187460423, -1.3765406995080411
108, 1.4801788162440062, -2.0949100982397795, -1.3752446719445288
109, 1.485249187797308, -2.101082192733884, -1.3741811304353178
110, 1.483219826593995, -2.1011051572859287, -1.3677956936880946
111, 1.4784528948366642, -2.094929628074169, -1.3698143027722836
112, 1.472672464326024, -2.0898824632167816, -1.3722739554941654
113, 1.4661004422232509, -2.0861578956246376, -1.3750802418217063
114, 1.4705100432038307, -2.089906934648752, -1.3683538418263197
115, 1.4757008403539658, -2.094960769638419, -1.3648249749094248
116, 1.4799836836755276, -2.1011417768895626, -1.3619289509952068
117, 1.475665295496583, -2.101190645247698, -1.3568061403930187
118, 1.4720281921327114, -2.095002330839634, -1.3604684937745333
119, 1.4644805565476418, -2.101317211985588, -1.349544320255518
120, 1.4580440362915397, -2.1013900507241488, -1.3476843014359474
121, 1.451368413399905, -2.101465594023466, -1.347115721553564
122, 1.451365559711121, -2.095236152410507, -1.3522275313735008
123, 1.4483764634933323, -2.086358465254307, -1.3659050446003675
124, 1.4469411605969071, -2.0901736430823803, -1.358953770250082
125, 1.4457030659541488, -2.095300231128931, -1.3528608437627554
126, 1.4447100786492229, -2.101540941745043, -1.3478606380522251
127, 1.438325047492981, -2.1016131956130266, -1.3498901277780533
128, 1.4402730390429497, -2.095361679792404, -1.3545868769288063
129, 1.4426746917888522, -2.0902219228446484, -1.3603098262101412
130, 1.4454378108493984, -2.086391720920801, -1.366839281283319
131, 1.4470795625820756, -2.084033764898777, -1.3746831631287932
132, 1.4427377376705408, -2.086422275751829, -1.368328658863902
133, 1.438754828646779, -2.0902662836015224, -1.3624723870307207
134, 1.435284037142992, -2.0954181365668774, -1.357339108362794
135, 1.4324586782604456, -2.1016795821487904, -1.3531264811754227
136, 1.4273362010717392, -2.1017375495284796, -1.3574451450258493
137, 1.4309278298169374, -2.0954674296081066, -1.361011991277337
138, 1.4353322181850672, -2.0903050154447556, -1.3653579410165548
139, 1.4403802240267396, -2.0864489562809467, -1.37031633220613
140, 1.4458776842802763, -2.0840473659336567, -1.3756965170614421
141, 1.4448966328054667, -2.084058467298746, -1.3769249068573117
142, 1.4384556515142322, -2.0864707343280315, -1.3727258006110787
143, 1.432538203895092, -2.0903366319835186, -1.368855874054134
144, 1.427371745929122, -2.0955076720565557, -1.3654639795422554
145, 1.4231547731906176, -2.1017848681658506, -1.3626802545040846
146, 1.4200748428702354, -2.101819723844528, -1.3686305982992053
147, 1.4247526060789824, -2.0955373123288155, -1.3705243617296219
148, 1.4304803144186735, -2.0903599224984646, -1.3728318382054567
149, 1.4370380975306034, -2.0864867754280567, -1.3754644482396543
150, 1.444173937663436, -2.0840666443109512, -1.3783210220281035
151, 1.4437375953420997, -2.084071584045887, -1.3798313433071598
152, 1.4361820854246616, -2.0864964611828327, -1.3784270593896508
153, 1.4292374774813652, -2.0903739854693413, -1.3771328725852072
154, 1.4231707751750946, -2.0955552123486996, -1.3759984564967453
155, 1.4182149358093739, -2.101840768009424, -1.375067529734224
156, 1.4176463969051838, -2.101847203448415, -1.3817435809178278
157, 1.4226873964071274, -2.095560682937503, -1.381675944343442
158, 1.4288576822727919, -2.0903782844543457, -1.3815936778555624
159, 1.4359204601496458, -2.08649942278862, -1.3814997673325706
160, 1.4436041191220284, -2.084073092788458, -1.3813977759491536
161, 1.4437788361683488, -2.0840711183845997, -1.3829601616598666
162, 1.4362632017582655, -2.086495541036129, -1.3845643948297948
163, 1.4293553568422794, -2.0903726518154144, -1.38604277651757
164, 1.4233206696808338, -2.095553519204259, -1.3873388012871146
165, 1.418391264975071, -2.1018387749791145, -1.3884023423306644
166, 1.420420628041029, -2.101815812289715, -1.3947877818718553
167, 1.4250465892255306, -2.0955339893698692, -1.392769173718989
168, 1.4307113233953714, -2.090357307344675, -1.3903095191344619
169, 1.437197376973927, -2.0864849723875523, -1.3875032342039049
170, 1.4386866595596075, -2.0864681154489517, -1.3902034824714065
171, 1.43287374638021, -2.0903328396379948, -1.3942296328023076
172, 1.427798643708229, -2.095502845942974, -1.39775849878788
173, 1.4236567746847868, -2.101779192686081, -1.400654522702098
174, 1.427975159138441, -2.1017303243279457, -1.4057773295789957
175, 1.4314712937921286, -2.0954612866044044, -1.4021149817854166
176, 1.4357591178268194, -2.0903001874685287, -1.3976524602621794
177, 1.4391598971560597, -2.1016037557274103, -1.413039155304432
178, 1.4455964174121618, -2.101530918851495, -1.4148991741240025
179, 1.4522720407840097, -2.1014553755521774, -1.4154677540063858
180, 1.457796418108046, -2.095163384452462, -1.4097226299345493
181, 1.4521339238672226, -2.095227463170886, -1.410355944186449
182, 1.4589303778484464, -2.1013800278306007, -1.4147228375077248
183, 1.4653154062107205, -2.1013077720999718, -1.4126933477818966
184, 1.4632264440879226, -2.095101937651634, -1.4079965986311436
185, 1.4607090977951884, -2.0900178477168083, -1.4022736493498087
186, 1.4578600088134408, -2.0862511470913887, -1.395744196139276
187, 1.4605600824579597, -2.0862205922603607, -1.3942548166960478
188, 1.4646289609372616, -2.0899734906852245, -1.4001110903918743
189, 1.4682154469192028, -2.095045479014516, -1.4052443653345108
190, 1.4711817745119333, -2.101241385564208, -1.409456992521882
191, 1.4763042535632849, -2.101183418184519, -1.4051383286714554
192, 1.4725716542452574, -2.0949961822479963, -1.4015714842826128
193, 1.4680515695363283, -2.0899347588419914, -1.39722553268075
194, 1.4629175961017609, -2.0861939191818237, -1.3922671433538198
195, 1.457367196213454, -2.08391734957695, -1.386886958964169
196, 1.4583482486195862, -2.0839062444865704, -1.3856585696339607
197, 1.4648421695455909, -2.0861721374094486, -1.3898576758801937
198, 1.4708455856889486, -2.089903138577938, -1.3937276005744934
199, 1.4761277362704277, -2.094955939799547, -1.3971194941550493
200, 1.4804856814444065, -2.1011360995471478, -1.3999032191932201
201, 1.4580496088601649, -2.0837637037038803, -1.3824824531329796
202, 1.4571046000346541, -2.083774399012327, -1.3848521842155606
203, 1.458561475854367, -2.0837975665926933, -1.3812000052057556
204, 1.457832206506282, -2.0975272450596094, -1.3509214594960213
205, 1.447258843574673, -2.083841521292925, -1.3770438311621547
206, 1.4459809525869787, -2.0838211365044117, -1.380247321445495
207, 1.4455327508039773, -2.08386105671525, -1.3813722341437824
208, 1.4450043449178338, -2.0839336439967155, -1.3826991689857095
209, 1.4461302678100765, -2.0976596735417843, -1.4117802381515503
210, 1.4465089398436248, -2.0976553857326508, -1.4118126221001148
211, 1.4553670398890972, -2.0841743163764477, -1.3892201306298375
212, 1.4565936303697526, -2.0838198363780975, -1.3861346319317818
213, 1.4632618883624673, -2.0974658019840717, -1.352490620687604
214, 1.4402910973876715, -2.097725749015808, -1.4100928530097008
215, 1.4472296368330717, -2.0952829606831074, -1.409938296303153

Triangles, 424
Triangle:, Side1:, Side2:, Side3:
1, 1, 2, 3
2, 4, 1, 3
3, 5, 4, 3
4, 6, 5, 3
5, 7, 6, 3
6, 8, 7, 3
7, 9, 8, 3
8, 10, 9, 3
9, 11, 10, 3
10, 12, 11, 3
11, 13, 12, 3
12, 14, 13, 3
13, 15, 14, 3
14, 16, 15, 3
15, 17, 16, 3
16, 18, 17, 3
17, 19, 18, 3
18, 20, 19, 3
19, 21, 20, 3
20, 22, 21, 3
21, 23, 22, 3
22, 24, 23, 3
23, 25, 24, 3
24, 26, 25, 3
25, 27, 26, 3
26, 28, 27, 3
27, 29, 28, 3
28, 30, 29, 3
29, 31, 30, 3
30, 32, 31, 3
31, 33, 32, 3
32, 2, 33, 3
33, 34, 35, 36
34, 35, 34, 37
35, 38, 39, 40
36, 39, 38, 41
37, 42, 43, 44
38, 45, 46, 47
39, 46, 45, 48
40, 49, 50, 51
41, 52, 50, 49
42, 53, 54, 55
43, 56, 57, 58
44, 59, 60, 61
45, 62, 59, 61
46, 63, 64, 65
47, 49, 66, 67
48, 49, 51, 66
49, 68, 69, 70
50, 71, 70, 72
51, 73, 74, 75
52, 42, 76, 43
53, 53, 77, 54
54, 78, 79, 77
55, 76, 75, 74
56, 70, 80, 44
57, 81, 82, 83
58, 84, 85, 86
59, 86, 85, 78
60, 36, 87, 41
61, 88, 89, 70
62, 90, 40, 87
63, 91, 92, 93
64, 91, 93, 94
65, 94, 93, 95
66, 94, 95, 96
67, 96, 95, 97
68, 96, 97, 98
69, 98, 97, 99
70, 98, 99, 100
71, 2, 1, 100
72, 2, 100, 99
73, 99, 101, 33
74, 99, 33, 2
75, 97, 102, 101
76, 97, 101, 99
77, 95, 103, 102
78, 95, 102, 97
79, 93, 104, 103
80, 93, 103, 95
81, 92, 105, 104
82, 92, 104, 93
83, 105, 34, 106
84, 105, 106, 104
85, 104, 106, 107
86, 104, 107, 103
87, 103, 107, 108
88, 103, 108, 102
89, 102, 108, 109
90, 102, 109, 101
91, 101, 109, 32
92, 101, 32, 33
93, 109, 110, 31
94, 109, 31, 32
95, 108, 111, 110
96, 108, 110, 109
97, 107, 112, 111
98, 107, 111, 108
99, 106, 113, 112
100, 106, 112, 107
101, 34, 36, 113
102, 34, 113, 106
103, 113, 38, 114
104, 113, 114, 112
105, 112, 114, 115
106, 112, 115, 111
107, 111, 115, 116
108, 111, 116, 110
109, 110, 116, 30
110, 110, 30, 31
111, 116, 117, 29
112, 116, 29, 30
113, 115, 118, 117
114, 115, 117, 116
115, 114, 90, 118
116, 114, 118, 115
117, 38, 40, 90
118, 38, 90, 114
119, 118, 60, 59
120, 118, 59, 117
121, 117, 59, 28
122, 117, 28, 29
123, 59, 119, 27
124, 59, 27, 28
125, 119, 120, 26
126, 119, 26, 27
127, 120, 121, 25
128, 120, 25, 26
129, 68, 122, 121
130, 68, 121, 120
131, 73, 123, 124
132, 73, 124, 71
133, 71, 124, 125
134, 71, 125, 122
135, 122, 125, 126
136, 122, 126, 121
137, 121, 126, 24
138, 121, 24, 25
139, 126, 127, 23
140, 126, 23, 24
141, 125, 128, 127
142, 125, 127, 126
143, 124, 129, 128
144, 124, 128, 125
145, 123, 130, 129
146, 123, 129, 124
147, 42, 131, 132
148, 42, 132, 130
149, 130, 132, 133
150, 130, 133, 129
151, 129, 133, 134
152, 129, 134, 128
153, 128, 134, 135
154, 128, 135, 127
155, 127, 135, 22
156, 127, 22, 23
157, 135, 136, 21
158, 135, 21, 22
159, 134, 137, 136
160, 134, 136, 135
161, 133, 138, 137
162, 133, 137, 134
163, 132, 139, 138
164, 132, 138, 133
165, 131, 140, 139
166, 131, 139, 132
167, 140, 141, 142
168, 140, 142, 139
169, 139, 142, 143
170, 139, 143, 138
171, 138, 143, 144
172, 138, 144, 137
173, 137, 144, 145
174, 137, 145, 136
175, 136, 145, 20
176, 136, 20, 21
177, 145, 146, 19
178, 145, 19, 20
179, 144, 147, 146
180, 144, 146, 145
181, 143, 148, 147
182, 143, 147, 144
183, 142, 149, 148
184, 142, 148, 143
185, 141, 150, 149
186, 141, 149, 142
187, 150, 151, 152
188, 150, 152, 149
189, 149, 152, 153
190, 149, 153, 148
191, 148, 153, 154
192, 148, 154, 147
193, 147, 154, 155
194, 147, 155, 146
195, 146, 155, 18
196, 146, 18, 19
197, 155, 156, 17
198, 155, 17, 18
199, 154, 157, 156
200, 154, 156, 155
201, 153, 158, 157
202, 153, 157, 154
203, 152, 159, 158
204, 152, 158, 153
205, 151, 160, 159
206, 151, 159, 152
207, 160, 161, 162
208, 160, 162, 159
209, 159, 162, 163
210, 159, 163, 158
211, 158, 163, 164
212, 158, 164, 157
213, 157, 164, 165
214, 157, 165, 156
215, 156, 165, 16
216, 156, 16, 17
217, 165, 166, 15
218, 165, 15, 16
219, 164, 167, 166
220, 164, 166, 165
221, 163, 168, 167
222, 163, 167, 164
223, 162, 169, 168
224, 162, 168, 163
225, 161, 45, 169
226, 161, 169, 162
227, 45, 47, 170
228, 45, 170, 169
229, 169, 170, 171
230, 169, 171, 168
231, 168, 171, 172
232, 168, 172, 167
233, 167, 172, 173
234, 167, 173, 166
235, 166, 173, 14
236, 166, 14, 15
237, 173, 174, 13
238, 173, 13, 14
239, 172, 175, 174
240, 172, 174, 173
241, 171, 176, 175
242, 171, 175, 172
243, 170, 64, 176
244, 170, 176, 171
245, 176, 52, 49
246, 176, 49, 175
247, 175, 49, 81
248, 175, 81, 174
249, 174, 81, 12
250, 174, 12, 13
251, 81, 177, 11
252, 81, 11, 12
253, 177, 178, 10
254, 177, 10, 11
255, 178, 179, 9
256, 178, 9, 10
257, 84, 55, 180
258, 84, 180, 181
259, 181, 180, 182
260, 181, 182, 179
261, 179, 182, 8
262, 179, 8, 9
263, 182, 183, 7
264, 182, 7, 8
265, 180, 184, 183
266, 180, 183, 182
267, 55, 185, 184
268, 55, 184, 180
269, 54, 186, 185
270, 54, 185, 55
271, 186, 187, 188
272, 186, 188, 185
273, 185, 188, 189
274, 185, 189, 184
275, 184, 189, 190
276, 184, 190, 183
277, 183, 190, 6
278, 183, 6, 7
279, 190, 191, 5
280, 190, 5, 6
281, 189, 192, 191
282, 189, 191, 190
283, 188, 193, 192
284, 188, 192, 189
285, 187, 194, 193
286, 187, 193, 188
287, 56, 195, 194
288, 56, 194, 187
289, 195, 196, 197
290, 195, 197, 194
291, 194, 197, 198
292, 194, 198, 193
293, 193, 198, 199
294, 193, 199, 192
295, 192, 199, 200
296, 192, 200, 191
297, 191, 200, 4
298, 191, 4, 5
299, 1, 4, 200
300, 1, 200, 100
301, 199, 98, 100
302, 199, 100, 200
303, 198, 96, 98
304, 198, 98, 199
305, 197, 94, 96
306, 197, 96, 198
307, 196, 91, 94
308, 196, 94, 197
309, 91, 78, 201
310, 91, 201, 92
311, 78, 91, 196
312, 78, 196, 202
313, 105, 92, 201
314, 105, 201, 203
315, 105, 203, 37
316, 105, 37, 34
317, 38, 113, 36
318, 38, 36, 41
319, 37, 87, 36
320, 37, 36, 35
321, 41, 87, 40
322, 41, 40, 39
323, 69, 68, 120
324, 69, 120, 204
325, 122, 68, 70
326, 122, 70, 71
327, 123, 73, 75
328, 123, 75, 76
329, 130, 123, 76
330, 130, 76, 42
331, 131, 42, 44
332, 131, 44, 80
333, 140, 131, 80
334, 140, 80, 205
335, 141, 140, 205
336, 141, 205, 89
337, 151, 150, 88
338, 151, 88, 206
339, 151, 206, 207
340, 151, 207, 160
341, 161, 160, 207
342, 161, 207, 208
343, 88, 52, 207
344, 88, 207, 206
345, 161, 208, 48
346, 161, 48, 45
347, 64, 170, 47
348, 64, 47, 65
349, 48, 52, 47
350, 48, 47, 46
351, 178, 209, 210
352, 178, 210, 179
353, 55, 84, 86
354, 55, 86, 53
355, 186, 54, 77
356, 186, 77, 79
357, 187, 186, 79
358, 187, 79, 211
359, 57, 56, 187
360, 57, 187, 211
361, 195, 56, 58
362, 195, 58, 212
363, 79, 78, 58
364, 79, 58, 57
365, 196, 195, 212
366, 196, 212, 202
367, 78, 202, 212
368, 78, 212, 58
369, 60, 78, 210
370, 60, 210, 61
371, 205, 80, 70
372, 205, 70, 89
373, 49, 67, 82
374, 49, 82, 81
375, 51, 69, 82
376, 51, 82, 66
377, 90, 87, 60
378, 90, 60, 118
379, 59, 62, 213
380, 59, 213, 119
381, 61, 210, 213
382, 61, 213, 62
383, 69, 51, 50
384, 69, 50, 52
385, 213, 204, 120
386, 213, 120, 119
387, 71, 72, 74
388, 71, 74, 73
389, 70, 76, 74
390, 70, 74, 72
391, 76, 70, 44
392, 76, 44, 43
393, 141, 89, 88
394, 141, 88, 150
395, 69, 52, 88
396, 69, 88, 70
397, 64, 63, 52
398, 64, 52, 176
399, 214, 209, 178
400, 214, 178, 177
401, 179, 210, 215
402, 179, 215, 181
403, 78, 85, 215
404, 78, 215, 210
405, 181, 215, 85
406, 181, 85, 84
407, 78, 77, 53
408, 78, 53, 86
409, 203, 60, 87
410, 203, 87, 37
411, 52, 48, 208
412, 52, 208, 207
413, 204, 83, 82
414, 204, 82, 69
415, 81, 83, 214
416, 81, 214, 177
417, 209, 214, 213
418, 209, 213, 210
419, 60, 203, 201
420, 60, 201, 78
421, 52, 63, 65
422, 52, 65, 47
423, 213, 214, 83
424, 213, 83, 204

Colors, 424
Triangle:, Red:, Green:, Blue:
1, 58, 1, 2
2, 58, 1, 2
3, 58, 1, 2
4, 58, 1, 2
5, 58, 1, 2
6, 58, 1, 2
7, 58, 1, 2
8, 58, 1, 2
9, 58, 1, 2
10, 58, 1, 2
11, 58, 1, 2
12, 58, 1, 2
13, 58, 1, 2
14, 58, 1, 2
15, 58, 1, 2
16, 58, 1, 2
17, 58, 1, 2
18, 58, 1, 2
19, 58, 1, 2
20, 58, 1, 2
21, 58, 1, 2
22, 58, 1, 2
23, 58, 1, 2
24, 58, 1, 2
25, 58, 1, 2
26, 58, 1, 2
27, 58, 1, 2
28, 58, 1, 2
29, 58, 1, 2
30, 58, 1, 2
31, 58, 1, 2
32, 58, 1, 2
33, 58, 1, 2
34, 58, 1, 2
35, 58, 1, 2
36, 58, 1, 2
37, 58, 1, 2
38, 58, 1, 2
39, 58, 1, 2
40, 58, 1, 2
41, 58, 1, 2
42, 58, 1, 2
43, 58, 1, 2
44, 58, 1, 2
45, 58, 1, 2
46, 58, 1, 2
47, 58, 1, 2
48, 58, 1, 2
49, 58, 1, 2
50, 58, 1, 2
51, 58, 1, 2
52, 58, 1, 2
53, 58, 1, 2
54, 58, 1, 2
55, 58, 1, 2
56, 58, 1, 2
57, 58, 1, 2
58, 58, 1, 2
59, 58, 1, 2
60, 58, 1, 2
61, 58, 1, 2
62, 58, 1, 2
63, 58, 1, 2
64, 58, 1, 2
65, 58, 1, 2
66, 58, 1, 2
67, 58, 1, 2
68, 58, 1, 2
69, 58, 1, 2
70, 58, 1, 2
71, 58, 1, 2
72, 58, 1, 2
73, 58, 1, 2
74, 58, 1, 2
75, 58, 1, 2
76, 58, 1, 2
77, 58, 1, 2
78, 58, 1, 2
79, 58, 1, 2
80, 58, 1, 2
81, 58, 1, 2
82, 58, 1, 2
83, 58, 1, 2
84, 58, 1, 2
85, 58, 1, 2
86, 58, 1, 2
87, 58, 1, 2
88, 58, 1, 2
89, 58, 1, 2
90, 58, 1, 2
91, 58, 1, 2
92, 58, 1, 2
93, 58, 1, 2
94, 58, 1, 2
95, 58, 1, 2
96, 58, 1, 2
97, 58, 1, 2
98, 58, 1, 2
99, 58, 1, 2
100, 58, 1, 2
101, 58, 1, 2
102, 58, 1, 2
103, 58, 1, 2
104, 58, 1, 2
105, 58, 1, 2
106, 58, 1, 2
107, 58, 1, 2
108, 58, 1, 2
109, 58, 1, 2
110, 58, 1, 2
111, 58, 1, 2
112, 58, 1, 2
113, 58, 1, 2
114, 58, 1, 2
115, 58, 1, 2
116, 58, 1, 2
117, 58, 1, 2
118, 58, 1, 2
119, 58, 1, 2
120, 58, 1, 2
121, 58, 1, 2
122, 58, 1, 2
123, 58, 1, 2
124, 58, 1, 2
125, 58, 1, 2
126, 58, 1, 2
127, 58, 1, 2
128, 58, 1, 2
129, 58, 1, 2
130, 58, 1, 2
131, 58, 1, 2
132, 58, 1, 2
133, 58, 1, 2
134, 58, 1, 2
135, 58, 1, 2
136, 58, 1, 2
137, 58, 1, 2
138, 58, 1, 2
139, 58, 1, 2
140, 58, 1, 2
141, 58, 1, 2
142, 58, 1, 2
143, 58, 1, 2
144, 58, 1, 2
145, 58, 1, 2
146, 58, 1, 2
147, 58, 1, 2
148, 58, 1, 2
149, 58, 1, 2
150, 58, 1, 2
151, 58, 1, 2
152, 58, 1, 2
153, 58, 1, 2
154, 58, 1, 2
155, 58, 1, 2
156, 58, 1, 2
157, 58, 1, 2
158, 58, 1, 2
159, 58, 1, 2
160, 58, 1, 2
161, 58, 1, 2
162, 58, 1, 2
163, 58, 1, 2
164, 58, 1, 2
165, 58, 1, 2
166, 58, 1, 2
167, 58, 1, 2
168, 58, 1, 2
169, 58, 1, 2
170, 58, 1, 2
171, 58, 1, 2
172, 58, 1, 2
173, 58, 1, 2
174, 58, 1, 2
175, 58, 1, 2
176, 58, 1, 2
177, 58, 1, 2
178, 58, 1, 2
179, 58, 1, 2
180, 58, 1, 2
181, 58, 1, 2
182, 58, 1, 2
183, 58, 1, 2
184, 58, 1, 2
185, 58, 1, 2
186, 58, 1, 2
187, 58, 1, 2
188, 58, 1, 2
189, 58, 1, 2
190, 58, 1, 2
191, 58, 1, 2
192, 58, 1, 2
193, 58, 1, 2
194, 58, 1, 2
195, 58, 1, 2
196, 58, 1, 2
197, 58, 1, 2
198, 58, 1, 2
199, 58, 1, 2
200, 58, 1, 2
201, 58, 1, 2
202, 58, 1, 2
203, 58, 1, 2
204, 58, 1, 2
205, 58, 1, 2
206, 58, 1, 2
207, 58, 1, 2
208, 58, 1, 2
209, 58, 1, 2
210, 58, 1, 2
211, 58, 1, 2
212, 58, 1, 2
213, 58, 1, 2
214, 58, 1, 2
215, 58, 1, 2
216, 58, 1, 2
217, 58, 1, 2
218, 58, 1, 2
219, 58, 1, 2
220, 58, 1, 2
221, 58, 1, 2
222, 58, 1, 2
223, 58, 1, 2
224, 58, 1, 2
225, 58, 1, 2
226, 58, 1, 2
227, 58, 1, 2
228, 58, 1, 2
229, 58, 1, 2
230, 58, 1, 2
231, 58, 1, 2
232, 58, 1, 2
233, 58, 1, 2
234, 58, 1, 2
235, 58, 1, 2
236, 58, 1, 2
237, 58, 1, 2
238, 58, 1, 2
239, 58, 1, 2
240, 58, 1, 2
241, 58, 1, 2
242, 58, 1, 2
243, 58, 1, 2
244, 58, 1, 2
245, 58, 1, 2
246, 58, 1, 2
247, 58, 1, 2
248, 58, 1, 2
249, 58, 1, 2
250, 58, 1, 2
251, 58, 1, 2
252, 58, 1, 2
253, 58, 1, 2
254, 58, 1, 2
255, 58, 1, 2
256, 58, 1, 2
257, 58, 1, 2
258, 58, 1, 2
259, 58, 1, 2
260, 58, 1, 2
261, 58, 1, 2
262, 58, 1, 2
263, 58, 1, 2
264, 58, 1, 2
265, 58, 1, 2
266, 58, 1, 2
267, 58, 1, 2
268, 58, 1, 2
269, 58, 1, 2
270, 58, 1, 2
271, 58, 1, 2
272, 58, 1, 2
273, 58, 1, 2
274, 58, 1, 2
275, 58, 1, 2
276, 58, 1, 2
277, 58, 1, 2
278, 58, 1, 2
279, 58, 1, 2
280, 58, 1, 2
281, 58, 1, 2
282, 58, 1, 2
283, 58, 1, 2
284, 58, 1, 2
285, 58, 1, 2
286, 58, 1, 2
287, 58, 1, 2
288, 58, 1, 2
289, 58, 1, 2
290, 58, 1, 2
291, 58, 1, 2
292, 58, 1, 2
293, 58, 1, 2
294, 58, 1, 2
295, 58, 1, 2
296, 58, 1, 2
297, 58, 1, 2
298, 58, 1, 2
299, 58, 1, 2
300, 58, 1, 2
301, 58, 1, 2
302, 58, 1, 2
303, 58, 1, 2
304, 58, 1, 2
305, 58, 1, 2
306, 58, 1, 2
307, 58, 1, 2
308, 58, 1, 2
309, 58, 1, 2
310, 58, 1, 2
311, 58, 1, 2
312, 58, 1, 2
313, 58, 1, 2
314, 58, 1, 2
315, 58, 1, 2
316, 58, 1, 2
317, 58, 1, 2
318, 58, 1, 2
319, 58, 1, 2
320, 58, 1, 2
321, 58, 1, 2
322, 58, 1, 2
323, 58, 1, 2
324, 58, 1, 2
325, 58, 1, 2
326, 58, 1, 2
327, 58, 1, 2
328, 58, 1, 2
329, 58, 1, 2
330, 58, 1, 2
331, 58, 1, 2
332, 58, 1, 2
333, 58, 1, 2
334, 58, 1, 2
335, 58, 1, 2
336, 58, 1, 2
337, 58, 1, 2
338, 58, 1, 2
339, 58, 1, 2
340, 58, 1, 2
341, 58, 1, 2
342, 58, 1, 2
343, 58, 1, 2
344, 58, 1, 2
345, 58, 1, 2
346, 58, 1, 2
347, 58, 1, 2
348, 58, 1, 2
349, 58, 1, 2
350, 58, 1, 2
351, 58, 1, 2
352, 58, 1, 2
353, 58, 1, 2
354, 58, 1, 2
355, 58, 1, 2
356, 58, 1, 2
357, 58, 1, 2
358, 58, 1, 2
359, 58, 1, 2
360, 58, 1, 2
361, 58, 1, 2
362, 58, 1, 2
363, 58, 1, 2
364, 58, 1, 2
365, 58, 1, 2
366, 58, 1, 2
367, 58, 1, 2
368, 58, 1, 2
369, 58, 1, 2
370, 58, 1, 2
371, 58, 1, 2
372, 58, 1, 2
373, 58, 1, 2
374, 58, 1, 2
375, 58, 1, 2
376, 58, 1, 2
377, 58, 1, 2
378, 58, 1, 2
379, 58, 1, 2
380, 58, 1, 2
381, 58, 1, 2
382, 58, 1, 2
383, 58, 1, 2
384, 58, 1, 2
385, 58, 1, 2
386, 58, 1, 2
387, 58, 1, 2
388, 58, 1, 2
389, 58, 1, 2
390, 58, 1, 2
391, 58, 1, 2
392, 58, 1, 2
393, 58, 1, 2
394, 58, 1, 2
395, 58, 1, 2
396, 58, 1, 2
397, 58, 1, 2
398, 58, 1, 2
399, 58, 1, 2
400, 58, 1, 2
401, 58, 1, 2
402, 58, 1, 2
403, 58, 1, 2
404, 58, 1, 2
405, 58, 1, 2
406, 58, 1, 2
407, 58, 1, 2
408, 58, 1, 2
409, 58, 1, 2
410, 58, 1, 2
411, 58, 1, 2
412, 58, 1, 2
413, 58, 1, 2
414, 58, 1, 2
415, 58, 1, 2
416, 58, 1, 2
417, 58, 1, 2
418, 58, 1, 2
419, 58, 1, 2
420, 58, 1, 2
421, 58, 1, 2
422, 58, 1, 2
423, 58, 1, 2
424, 58, 1, 2
