Objects, 1
Object:, First Vertice:, Vertices:, First Triangle:, Triangles:
Sphere.002, 1, 215, 1, 486

Vertices, 215
Vertice:, X:, Y:, Z:
1, 0.20180432870984077, -2.0898783523589373, -1.4474943592213094
2, 0.20281685702502728, -2.0898898104205728, -1.4529854580760002
3, 0.23018472002877388, -2.090199508704245, -1.4450987485484816
4, 0.20188219286501408, -2.0898792324587703, -1.4419112198520452
5, 0.20304789021611214, -2.089892423711717, -1.4364506043493748
6, 0.20525633357465267, -2.089917415753007, -1.4313222700729966
7, 0.20842287689447403, -2.089953249320388, -1.4267234224826097
8, 0.2124256081879139, -2.0899985432624817, -1.4228306338191032
9, 0.2171108927577734, -2.090051562525332, -1.4197937026619911
10, 0.222298517357558, -2.0901102675125003, -1.4177291337400675
11, 0.22778925369493663, -2.0901724006980658, -1.4167164117097855
12, 0.23337204661220312, -2.090235576964915, -1.4167944099754095
13, 0.23883231170475483, -2.0902973655611277, -1.4179601818323135
14, 0.24396031722426414, -2.0903553953394294, -1.4201687648892403
15, 0.24855887144804, -2.0904074339196086, -1.423335513100028
16, 0.2524514105170965, -2.09045148268342, -1.4273384995758533
17, 0.2554881479591131, -2.0904858466237783, -1.4320240831002593
18, 0.257552582770586, -2.0905092069879174, -1.4372120397165418
19, 0.2585652396082878, -2.0905206678435206, -1.442703127861023
20, 0.25848724879324436, -2.09051978494972, -1.4482862777076662
21, 0.25732154957950115, -2.090506593696773, -1.4537468934431672
22, 0.2551131062209606, -2.090481602586806, -1.4588752258569002
23, 0.2519465610384941, -2.090445769019425, -1.4634740762412548
24, 0.2479438316076994, -2.090400475077331, -1.4673668649047613
25, 0.24325854796916246, -2.090347454883158, -1.4704037960618734
26, 0.23807092290371656, -2.090288751758635, -1.472468363121152
27, 0.2325801863335073, -2.090226617641747, -1.473481085151434
28, 0.22699739318341017, -2.090163441374898, -1.47340308688581
29, 0.22153712809085846, -2.090101652778685, -1.4722373187541962
30, 0.21640912257134914, -2.0900436230003834, -1.4700287338346243
31, 0.21181056834757328, -2.089991584420204, -1.4668619856238365
32, 0.20791802927851677, -2.0899475356563926, -1.4628589991480112
33, 0.20488129369914532, -2.0899131717160344, -1.4581734146922827
34, 0.22569143073633313, -2.071707960218191, -1.4488491308875382
35, 0.22590166609734297, -2.0717103388160467, -1.4490653732791543
36, 0.22600282216444612, -2.0719503220170736, -1.4502959293313324
37, 0.2258715615607798, -2.071687337011099, -1.448705647373572
38, 0.2246674564667046, -2.0734509080648422, -1.455425089225173
39, 0.2264846325851977, -2.0734714698046446, -1.4562077829614282
40, 0.22655305080115795, -2.073883870616555, -1.4570736102759838
41, 0.22619732934981585, -2.072515306994319, -1.4526759623549879
42, 0.23498870804905891, -2.0718131698668003, -1.4489789749495685
43, 0.23495694575831294, -2.0718128085136414, -1.449009822215885
44, 0.23495175875723362, -2.071807987987995, -1.4489477290771902
45, 0.234273346606642, -2.0718050729483366, -1.4405031185597181
46, 0.2342368634417653, -2.0718046594411135, -1.440478031989187
47, 0.2340604974888265, -2.0722816307097673, -1.4384525921195745
48, 0.234242158010602, -2.071799958124757, -1.4405401241965592
49, 0.2327373712323606, -2.0802258607000113, -1.4234355613589287
50, 0.2327193554956466, -2.080081580206752, -1.4236099664121866
51, 0.23270296724513173, -2.08022546954453, -1.4234351087361574
52, 0.23315437114797533, -2.076396146789193, -1.4282694552093744
53, 0.22467771405354142, -2.0734510216861963, -1.434798768721521
54, 0.22301743039861321, -2.073432233184576, -1.4358749967068434
55, 0.2196619939059019, -2.0762434657663107, -1.431707926094532
56, 0.22512936731800437, -2.0717015974223614, -1.4421896026469767
57, 0.22530038468539715, -2.0717035345733166, -1.441941179567948
58, 0.22533100191503763, -2.071681220084429, -1.4423009045422077
59, 0.22737649432383478, -2.08483730442822, -1.4705719389021397
60, 0.22728952462784946, -2.080164212733507, -1.466640442609787
61, 0.22739674034528434, -2.0819386299699545, -1.4681484885513783
62, 0.22767552034929395, -2.0819417852908373, -1.4682079050689936
63, 0.23365279333665967, -2.0735525842756033, -1.4337929747998714
64, 0.23395552742294967, -2.073556011542678, -1.433857605792582
65, 0.2337231559213251, -2.0733185335993767, -1.4345951732248068
66, 0.23269994324073195, -2.0802630353718996, -1.4234043192118406
67, 0.23269981727935374, -2.080264575779438, -1.4234030339866877
68, 0.23633373202756047, -2.080266557633877, -1.4660465270280838
69, 0.23629989149048924, -2.080266175791621, -1.466052744537592
70, 0.23628676356747746, -2.0801219511777163, -1.4658778849989176
71, 0.23820320516824722, -2.0764532815665007, -1.460315820761025
72, 0.23593525821343064, -2.0764276180416346, -1.461218398064375
73, 0.23578893020749092, -2.073576759546995, -1.4555804152041674
74, 0.23550131171941757, -2.0735735055059195, -1.455694878473878
75, 0.23543626395985484, -2.07333792001009, -1.4548926828429103
76, 0.23512247344478965, -2.07229364849627, -1.4510352625511587
77, 0.2249865811318159, -2.0725016072392464, -1.4383305893279612
78, 0.22560236835852265, -2.0715882387012243, -1.4455032755213324
79, 0.22519382368773222, -2.071941167116165, -1.4407106237486005
80, 0.23483502492308617, -2.071718728169799, -1.4475528339389712
81, 0.23311357060447335, -2.084902225062251, -1.419625559821725
82, 0.2325947843492031, -2.081571016460657, -1.4223338663578033
83, 0.2325605188962072, -2.081997063010931, -1.4219850450754166
84, 0.22247935738414526, -2.07627534866333, -1.4298816798254848
85, 0.22417356399819255, -2.076294519007206, -1.429207382723689
86, 0.22459998074918985, -2.0738617684692144, -1.4339329414069653
87, 0.2269243069458753, -2.07632564753294, -1.4617991670966148
88, 0.23459890624508262, -2.0716318506747484, -1.4447439273062628
89, 0.2346693892031908, -2.071640755981207, -1.4455801197618712
90, 0.22514105355367064, -2.0763054694980383, -1.4614184070378542
91, 0.2244004374369979, -2.0716933496296406, -1.445604618114885
92, 0.22461431752890348, -2.0716957710683346, -1.4467641283990815
93, 0.21903739776462317, -2.073387196287513, -1.4483655472286046
94, 0.21861791610717773, -2.0733824502676725, -1.4460910495836288
95, 0.21388373896479607, -2.076178079470992, -1.449841429013759
96, 0.21327481791377068, -2.076171189546585, -1.4465393433347344
97, 0.20935145765542984, -2.079961221665144, -1.4511349741369486
98, 0.20857647620141506, -2.0799524504691362, -1.4469322710065171
99, 0.20561465062201023, -2.08459104411304, -1.4521966120228171
100, 0.20470325648784637, -2.0845807306468487, -1.4472547504119575
101, 0.20747250691056252, -2.0846120677888393, -1.45686568133533
102, 0.21093150973320007, -2.0799791011959314, -1.4551056316122413
103, 0.21512518357485533, -2.0761921275407076, -1.45296117849648
104, 0.21989252418279648, -2.073396874591708, -1.4505145088769495
105, 0.22505018347874284, -2.0717007033526897, -1.447859679814428
106, 0.2211503554135561, -2.0734111070632935, -1.4524553106166422
107, 0.21695131435990334, -2.0762127935886383, -1.4557787217199802
108, 0.213255712762475, -2.0800054036080837, -1.458691886626184
109, 0.21020560897886753, -2.084642995148897, -1.461082562804222
110, 0.21370868384838104, -2.084682635962963, -1.4646852035075426
111, 0.21623489260673523, -2.080039117485285, -1.4617556519806385
112, 0.21929203160107136, -2.0762392804026604, -1.458186018280685
113, 0.2227627346292138, -2.0734293535351753, -1.454113332554698
114, 0.22205746080726385, -2.0762705747038126, -1.4600902628153563
115, 0.21975448168814182, -2.0800789445638657, -1.4641793370246887
116, 0.21784730069339275, -2.0847294703125954, -1.467535076662898
117, 0.2224623686634004, -2.0847816951572895, -1.4695228654891253
118, 0.22367934649810195, -2.080123359337449, -1.4658696856349707
119, 0.23240089346654713, -2.084894159808755, -1.4706421606242657
120, 0.2373424395918846, -2.084950080141425, -1.469730705022812
121, 0.2420112108811736, -2.085002912208438, -1.4678727332502604
122, 0.24030413571745157, -2.0803114883601665, -1.4644663762301207
123, 0.2377296071499586, -2.0735987201333046, -1.4543225038796663
124, 0.241020567715168, -2.07648516446352, -1.4584895735606551
125, 0.24389016162604094, -2.0803520679473877, -1.462142026051879
126, 0.24622781947255135, -2.0850506275892258, -1.4651394560933113
127, 0.24983022920787334, -2.085091393440962, -1.4616361558437347
128, 0.24695373140275478, -2.080386735498905, -1.459162650629878
129, 0.24342771153897047, -2.0765124037861824, -1.4561487073078752
130, 0.23938752338290215, -2.073617482557893, -1.4527100217528641
131, 0.23565737577155232, -2.0718207359313965, -1.4480078977067024
132, 0.240699197165668, -2.073632324114442, -1.450805177912116
133, 0.2453318340703845, -2.0765339508652687, -1.453383100219071
134, 0.24937725812196732, -2.0804141610860825, -1.4556428398936987
135, 0.25267992354929447, -2.0851236414164305, -1.4574972735717893
136, 0.25466758385300636, -2.0851461347192526, -1.4528819089755416
137, 0.2510675024241209, -2.0804332867264748, -1.4517177222296596
138, 0.24665989354252815, -2.0765489786863327, -1.4502993100322783
139, 0.24161394406110048, -2.0736426766961813, -1.4486809871159494
140, 0.23612371273338795, -2.0718260128051043, -1.4469249546527863
141, 0.23636979144066572, -2.0718287974596024, -1.4457718399935402
142, 0.24209679383784533, -2.073648139834404, -1.4464190852595493
143, 0.24736088700592518, -2.0765569116920233, -1.4470155973685905
144, 0.2519596964120865, -2.0804433822631836, -1.4475383807439357
145, 0.2557165902107954, -2.0851580053567886, -1.447967469226569
146, 0.2557868082076311, -2.085158798843622, -1.442942748311907
147, 0.2520193140953779, -2.0804440584033728, -1.4432652288815007
148, 0.24740774556994438, -2.076557442545891, -1.443658156436868
149, 0.2421291209757328, -2.0736485067754984, -1.4441064505372196
150, 0.23638630518689752, -2.0718289837241173, -1.44459288258804
151, 0.23617242509499192, -2.0718265641480684, -1.4434333723038435
152, 0.24170964024960995, -2.073643758893013, -1.4418319531250745
153, 0.24679882265627384, -2.0765505507588387, -1.4403560706414282
154, 0.2512443345040083, -2.080435287207365, -1.4390625259838998
155, 0.2548754122108221, -2.0851484835147858, -1.4380008857697248
156, 0.25301755778491497, -2.0851274598389864, -1.433331816457212
157, 0.24966428242623806, -2.0804174076765776, -1.4350918689742684
158, 0.24555737804621458, -2.076536502689123, -1.4372363220900297
159, 0.24085451383143663, -2.0736340824514627, -1.4396829912438989
160, 0.23573655914515257, -2.0718216318637133, -1.4423378224018961
161, 0.23509531235322356, -2.071814374998212, -1.4413483696989715
162, 0.239596682600677, -2.073619846254587, -1.4377421899698675
163, 0.24373124726116657, -2.0765158385038376, -1.434418777935207
164, 0.24734007939696312, -2.0803911052644253, -1.4315056130290031
165, 0.2502844575792551, -2.0850965324789286, -1.4291149359196424
166, 0.2467813789844513, -2.0850568916648626, -1.425512295216322
167, 0.24436089862138033, -2.0803573932498693, -1.428441846743226
168, 0.2413905318826437, -2.0764893498271704, -1.4320114813745022
169, 0.2379843033850193, -2.0736016016453505, -1.4360841680318117
170, 0.2360795815475285, -2.0735800471156836, -1.4347724104300141
171, 0.23862510081380606, -2.076458055526018, -1.4301072368398309
172, 0.24084131140261889, -2.0803175643086433, -1.4260181616991758
173, 0.24264276307076216, -2.0850100591778755, -1.4226624239236116
174, 0.23802769649773836, -2.0849578324705362, -1.4206746332347393
175, 0.2369164451956749, -2.080273151397705, -1.424327813088894
176, 0.23554150853306055, -2.0764231607317924, -1.4287790916860104
177, 0.22808917122893035, -2.084845367819071, -1.4195553380995989
178, 0.22314762510359287, -2.0847894474864006, -1.4204667918384075
179, 0.21847885381430387, -2.084736615419388, -1.4223247654736042
180, 0.21670563146471977, -2.0800444427877665, -1.4280554745346308
181, 0.220291655510664, -2.0800850223749876, -1.425731122493744
182, 0.214262243360281, -2.0846889000386, -1.4250580463558435
183, 0.210659833624959, -2.084648134186864, -1.4285613428801298
184, 0.21364206075668335, -2.080009775236249, -1.4310348480939865
185, 0.2172548519447446, -2.0762162264436483, -1.4340487932786345
186, 0.22135951463133097, -2.073413472622633, -1.4374874783679843
187, 0.2200478408485651, -2.0733986292034388, -1.4393923236057162
188, 0.2153507275506854, -2.076194681227207, -1.4368143994361162
189, 0.21121853217482567, -2.0799823496490717, -1.434554660692811
190, 0.20781014300882816, -2.0846158862113953, -1.4327002251520753
191, 0.20582248084247112, -2.0845933947712183, -1.4373155888170004
192, 0.20952828787267208, -2.0799632221460342, -1.4384797774255276
193, 0.21402266807854176, -2.076179651543498, -1.4398981905542314
194, 0.2191330948844552, -2.0733882803469896, -1.4415165141690522
195, 0.22466302989050746, -2.0716963224112988, -1.4432725473307073
196, 0.2244169507175684, -2.0716935358941555, -1.4444256607093848
197, 0.2186502441763878, -2.073382815346122, -1.443778414861299
198, 0.21332167461514473, -2.0761717185378075, -1.443181902403012
199, 0.20863609574735165, -2.0799531247466803, -1.4426591184455901
200, 0.20477347262203693, -2.0845815241336823, -1.4422300290316343
201, 0.22568272380158305, -2.07159841991961, -1.4464565976522863
202, 0.22552180336788297, -2.071596598252654, -1.4445499540306628
203, 0.22576947417110205, -2.0716291442513466, -1.4474884332157671
204, 0.23640221264213324, -2.082040537148714, -1.4675028044730425
205, 0.23474548244848847, -2.07166775688529, -1.4464852053206414
206, 0.23452823981642723, -2.071639159694314, -1.443907733540982
207, 0.23445155518129468, -2.0716644302010536, -1.4430026484187692
208, 0.2343608820810914, -2.071713361889124, -1.4419350204989314
209, 0.22383911022916436, -2.081898370757699, -1.4227527547627687
210, 0.22357423277571797, -2.081895373761654, -1.4228580612689257
211, 0.22522196359932423, -2.071878395974636, -1.4410355808213353
212, 0.2254343801178038, -2.0716253519058228, -1.443518118467182
213, 0.2322336204815656, -2.08199336566031, -1.4682716205716133
214, 0.22832204471342266, -2.0819490998983383, -1.4219258800148964
215, 0.22372157499194145, -2.0801238361746073, -1.424366109073162

Triangles, 424
Triangle:, Side1:, Side2:, Side3:
1, 1, 2, 3
2, 4, 1, 3
3, 5, 4, 3
4, 6, 5, 3
5, 7, 6, 3
6, 8, 7, 3
7, 9, 8, 3
8, 10, 9, 3
9, 11, 10, 3
10, 12, 11, 3
11, 13, 12, 3
12, 14, 13, 3
13, 15, 14, 3
14, 16, 15, 3
15, 17, 16, 3
16, 18, 17, 3
17, 19, 18, 3
18, 20, 19, 3
19, 21, 20, 3
20, 22, 21, 3
21, 23, 22, 3
22, 24, 23, 3
23, 25, 24, 3
24, 26, 25, 3
25, 27, 26, 3
26, 28, 27, 3
27, 29, 28, 3
28, 30, 29, 3
29, 31, 30, 3
30, 32, 31, 3
31, 33, 32, 3
32, 2, 33, 3
33, 34, 35, 36
34, 35, 34, 37
35, 38, 39, 40
36, 39, 38, 41
37, 42, 43, 44
38, 45, 46, 47
39, 46, 45, 48
40, 49, 50, 51
41, 52, 50, 49
42, 53, 54, 55
43, 56, 57, 58
44, 59, 60, 61
45, 62, 59, 61
46, 63, 64, 65
47, 49, 66, 67
48, 49, 51, 66
49, 68, 69, 70
50, 71, 70, 72
51, 73, 74, 75
52, 42, 76, 43
53, 53, 77, 54
54, 78, 79, 77
55, 76, 75, 74
56, 70, 80, 44
57, 81, 82, 83
58, 84, 85, 86
59, 86, 85, 78
60, 36, 87, 41
61, 88, 89, 70
62, 90, 40, 87
63, 91, 92, 93
64, 91, 93, 94
65, 94, 93, 95
66, 94, 95, 96
67, 96, 95, 97
68, 96, 97, 98
69, 98, 97, 99
70, 98, 99, 100
71, 2, 1, 100
72, 2, 100, 99
73, 99, 101, 33
74, 99, 33, 2
75, 97, 102, 101
76, 97, 101, 99
77, 95, 103, 102
78, 95, 102, 97
79, 93, 104, 103
80, 93, 103, 95
81, 92, 105, 104
82, 92, 104, 93
83, 105, 34, 106
84, 105, 106, 104
85, 104, 106, 107
86, 104, 107, 103
87, 103, 107, 108
88, 103, 108, 102
89, 102, 108, 109
90, 102, 109, 101
91, 101, 109, 32
92, 101, 32, 33
93, 109, 110, 31
94, 109, 31, 32
95, 108, 111, 110
96, 108, 110, 109
97, 107, 112, 111
98, 107, 111, 108
99, 106, 113, 112
100, 106, 112, 107
101, 34, 36, 113
102, 34, 113, 106
103, 113, 38, 114
104, 113, 114, 112
105, 112, 114, 115
106, 112, 115, 111
107, 111, 115, 116
108, 111, 116, 110
109, 110, 116, 30
110, 110, 30, 31
111, 116, 117, 29
112, 116, 29, 30
113, 115, 118, 117
114, 115, 117, 116
115, 114, 90, 118
116, 114, 118, 115
117, 38, 40, 90
118, 38, 90, 114
119, 118, 60, 59
120, 118, 59, 117
121, 117, 59, 28
122, 117, 28, 29
123, 59, 119, 27
124, 59, 27, 28
125, 119, 120, 26
126, 119, 26, 27
127, 120, 121, 25
128, 120, 25, 26
129, 68, 122, 121
130, 68, 121, 120
131, 73, 123, 124
132, 73, 124, 71
133, 71, 124, 125
134, 71, 125, 122
135, 122, 125, 126
136, 122, 126, 121
137, 121, 126, 24
138, 121, 24, 25
139, 126, 127, 23
140, 126, 23, 24
141, 125, 128, 127
142, 125, 127, 126
143, 124, 129, 128
144, 124, 128, 125
145, 123, 130, 129
146, 123, 129, 124
147, 42, 131, 132
148, 42, 132, 130
149, 130, 132, 133
150, 130, 133, 129
151, 129, 133, 134
152, 129, 134, 128
153, 128, 134, 135
154, 128, 135, 127
155, 127, 135, 22
156, 127, 22, 23
157, 135, 136, 21
158, 135, 21, 22
159, 134, 137, 136
160, 134, 136, 135
161, 133, 138, 137
162, 133, 137, 134
163, 132, 139, 138
164, 132, 138, 133
165, 131, 140, 139
166, 131, 139, 132
167, 140, 141, 142
168, 140, 142, 139
169, 139, 142, 143
170, 139, 143, 138
171, 138, 143, 144
172, 138, 144, 137
173, 137, 144, 145
174, 137, 145, 136
175, 136, 145, 20
176, 136, 20, 21
177, 145, 146, 19
178, 145, 19, 20
179, 144, 147, 146
180, 144, 146, 145
181, 143, 148, 147
182, 143, 147, 144
183, 142, 149, 148
184, 142, 148, 143
185, 141, 150, 149
186, 141, 149, 142
187, 150, 151, 152
188, 150, 152, 149
189, 149, 152, 153
190, 149, 153, 148
191, 148, 153, 154
192, 148, 154, 147
193, 147, 154, 155
194, 147, 155, 146
195, 146, 155, 18
196, 146, 18, 19
197, 155, 156, 17
198, 155, 17, 18
199, 154, 157, 156
200, 154, 156, 155
201, 153, 158, 157
202, 153, 157, 154
203, 152, 159, 158
204, 152, 158, 153
205, 151, 160, 159
206, 151, 159, 152
207, 160, 161, 162
208, 160, 162, 159
209, 159, 162, 163
210, 159, 163, 158
211, 158, 163, 164
212, 158, 164, 157
213, 157, 164, 165
214, 157, 165, 156
215, 156, 165, 16
216, 156, 16, 17
217, 165, 166, 15
218, 165, 15, 16
219, 164, 167, 166
220, 164, 166, 165
221, 163, 168, 167
222, 163, 167, 164
223, 162, 169, 168
224, 162, 168, 163
225, 161, 45, 169
226, 161, 169, 162
227, 45, 47, 170
228, 45, 170, 169
229, 169, 170, 171
230, 169, 171, 168
231, 168, 171, 172
232, 168, 172, 167
233, 167, 172, 173
234, 167, 173, 166
235, 166, 173, 14
236, 166, 14, 15
237, 173, 174, 13
238, 173, 13, 14
239, 172, 175, 174
240, 172, 174, 173
241, 171, 176, 175
242, 171, 175, 172
243, 170, 64, 176
244, 170, 176, 171
245, 176, 52, 49
246, 176, 49, 175
247, 175, 49, 81
248, 175, 81, 174
249, 174, 81, 12
250, 174, 12, 13
251, 81, 177, 11
252, 81, 11, 12
253, 177, 178, 10
254, 177, 10, 11
255, 178, 179, 9
256, 178, 9, 10
257, 84, 55, 180
258, 84, 180, 181
259, 181, 180, 182
260, 181, 182, 179
261, 179, 182, 8
262, 179, 8, 9
263, 182, 183, 7
264, 182, 7, 8
265, 180, 184, 183
266, 180, 183, 182
267, 55, 185, 184
268, 55, 184, 180
269, 54, 186, 185
270, 54, 185, 55
271, 186, 187, 188
272, 186, 188, 185
273, 185, 188, 189
274, 185, 189, 184
275, 184, 189, 190
276, 184, 190, 183
277, 183, 190, 6
278, 183, 6, 7
279, 190, 191, 5
280, 190, 5, 6
281, 189, 192, 191
282, 189, 191, 190
283, 188, 193, 192
284, 188, 192, 189
285, 187, 194, 193
286, 187, 193, 188
287, 56, 195, 194
288, 56, 194, 187
289, 195, 196, 197
290, 195, 197, 194
291, 194, 197, 198
292, 194, 198, 193
293, 193, 198, 199
294, 193, 199, 192
295, 192, 199, 200
296, 192, 200, 191
297, 191, 200, 4
298, 191, 4, 5
299, 1, 4, 200
300, 1, 200, 100
301, 199, 98, 100
302, 199, 100, 200
303, 198, 96, 98
304, 198, 98, 199
305, 197, 94, 96
306, 197, 96, 198
307, 196, 91, 94
308, 196, 94, 197
309, 91, 78, 201
310, 91, 201, 92
311, 78, 91, 196
312, 78, 196, 202
313, 105, 92, 201
314, 105, 201, 203
315, 105, 203, 37
316, 105, 37, 34
317, 38, 113, 36
318, 38, 36, 41
319, 37, 87, 36
320, 37, 36, 35
321, 41, 87, 40
322, 41, 40, 39
323, 69, 68, 120
324, 69, 120, 204
325, 122, 68, 70
326, 122, 70, 71
327, 123, 73, 75
328, 123, 75, 76
329, 130, 123, 76
330, 130, 76, 42
331, 131, 42, 44
332, 131, 44, 80
333, 140, 131, 80
334, 140, 80, 205
335, 141, 140, 205
336, 141, 205, 89
337, 151, 150, 88
338, 151, 88, 206
339, 151, 206, 207
340, 151, 207, 160
341, 161, 160, 207
342, 161, 207, 208
343, 88, 52, 207
344, 88, 207, 206
345, 161, 208, 48
346, 161, 48, 45
347, 64, 170, 47
348, 64, 47, 65
349, 48, 52, 47
350, 48, 47, 46
351, 178, 209, 210
352, 178, 210, 179
353, 55, 84, 86
354, 55, 86, 53
355, 186, 54, 77
356, 186, 77, 79
357, 187, 186, 79
358, 187, 79, 211
359, 57, 56, 187
360, 57, 187, 211
361, 195, 56, 58
362, 195, 58, 212
363, 79, 78, 58
364, 79, 58, 57
365, 196, 195, 212
366, 196, 212, 202
367, 78, 202, 212
368, 78, 212, 58
369, 60, 78, 210
370, 60, 210, 61
371, 205, 80, 70
372, 205, 70, 89
373, 49, 67, 82
374, 49, 82, 81
375, 51, 69, 82
376, 51, 82, 66
377, 90, 87, 60
378, 90, 60, 118
379, 59, 62, 213
380, 59, 213, 119
381, 61, 210, 213
382, 61, 213, 62
383, 69, 51, 50
384, 69, 50, 52
385, 213, 204, 120
386, 213, 120, 119
387, 71, 72, 74
388, 71, 74, 73
389, 70, 76, 74
390, 70, 74, 72
391, 76, 70, 44
392, 76, 44, 43
393, 141, 89, 88
394, 141, 88, 150
395, 69, 52, 88
396, 69, 88, 70
397, 64, 63, 52
398, 64, 52, 176
399, 214, 209, 178
400, 214, 178, 177
401, 179, 210, 215
402, 179, 215, 181
403, 78, 85, 215
404, 78, 215, 210
405, 181, 215, 85
406, 181, 85, 84
407, 78, 77, 53
408, 78, 53, 86
409, 203, 60, 87
410, 203, 87, 37
411, 52, 48, 208
412, 52, 208, 207
413, 204, 83, 82
414, 204, 82, 69
415, 81, 83, 214
416, 81, 214, 177
417, 209, 214, 213
418, 209, 213, 210
419, 60, 203, 201
420, 60, 201, 78
421, 52, 63, 65
422, 52, 65, 47
423, 213, 214, 83
424, 213, 83, 204

Colors, 424
Triangle:, Red:, Green:, Blue:
1, 58, 1, 2
2, 58, 1, 2
3, 58, 1, 2
4, 58, 1, 2
5, 58, 1, 2
6, 58, 1, 2
7, 58, 1, 2
8, 58, 1, 2
9, 58, 1, 2
10, 58, 1, 2
11, 58, 1, 2
12, 58, 1, 2
13, 58, 1, 2
14, 58, 1, 2
15, 58, 1, 2
16, 58, 1, 2
17, 58, 1, 2
18, 58, 1, 2
19, 58, 1, 2
20, 58, 1, 2
21, 58, 1, 2
22, 58, 1, 2
23, 58, 1, 2
24, 58, 1, 2
25, 58, 1, 2
26, 58, 1, 2
27, 58, 1, 2
28, 58, 1, 2
29, 58, 1, 2
30, 58, 1, 2
31, 58, 1, 2
32, 58, 1, 2
33, 58, 1, 2
34, 58, 1, 2
35, 58, 1, 2
36, 58, 1, 2
37, 58, 1, 2
38, 58, 1, 2
39, 58, 1, 2
40, 58, 1, 2
41, 58, 1, 2
42, 58, 1, 2
43, 58, 1, 2
44, 58, 1, 2
45, 58, 1, 2
46, 58, 1, 2
47, 58, 1, 2
48, 58, 1, 2
49, 58, 1, 2
50, 58, 1, 2
51, 58, 1, 2
52, 58, 1, 2
53, 58, 1, 2
54, 58, 1, 2
55, 58, 1, 2
56, 58, 1, 2
57, 58, 1, 2
58, 58, 1, 2
59, 58, 1, 2
60, 58, 1, 2
61, 58, 1, 2
62, 58, 1, 2
63, 58, 1, 2
64, 58, 1, 2
65, 58, 1, 2
66, 58, 1, 2
67, 58, 1, 2
68, 58, 1, 2
69, 58, 1, 2
70, 58, 1, 2
71, 58, 1, 2
72, 58, 1, 2
73, 58, 1, 2
74, 58, 1, 2
75, 58, 1, 2
76, 58, 1, 2
77, 58, 1, 2
78, 58, 1, 2
79, 58, 1, 2
80, 58, 1, 2
81, 58, 1, 2
82, 58, 1, 2
83, 58, 1, 2
84, 58, 1, 2
85, 58, 1, 2
86, 58, 1, 2
87, 58, 1, 2
88, 58, 1, 2
89, 58, 1, 2
90, 58, 1, 2
91, 58, 1, 2
92, 58, 1, 2
93, 58, 1, 2
94, 58, 1, 2
95, 58, 1, 2
96, 58, 1, 2
97, 58, 1, 2
98, 58, 1, 2
99, 58, 1, 2
100, 58, 1, 2
101, 58, 1, 2
102, 58, 1, 2
103, 58, 1, 2
104, 58, 1, 2
105, 58, 1, 2
106, 58, 1, 2
107, 58, 1, 2
108, 58, 1, 2
109, 58, 1, 2
110, 58, 1, 2
111, 58, 1, 2
112, 58, 1, 2
113, 58, 1, 2
114, 58, 1, 2
115, 58, 1, 2
116, 58, 1, 2
117, 58, 1, 2
118, 58, 1, 2
119, 58, 1, 2
120, 58, 1, 2
121, 58, 1, 2
122, 58, 1, 2
123, 58, 1, 2
124, 58, 1, 2
125, 58, 1, 2
126, 58, 1, 2
127, 58, 1, 2
128, 58, 1, 2
129, 58, 1, 2
130, 58, 1, 2
131, 58, 1, 2
132, 58, 1, 2
133, 58, 1, 2
134, 58, 1, 2
135, 58, 1, 2
136, 58, 1, 2
137, 58, 1, 2
138, 58, 1, 2
139, 58, 1, 2
140, 58, 1, 2
141, 58, 1, 2
142, 58, 1, 2
143, 58, 1, 2
144, 58, 1, 2
145, 58, 1, 2
146, 58, 1, 2
147, 58, 1, 2
148, 58, 1, 2
149, 58, 1, 2
150, 58, 1, 2
151, 58, 1, 2
152, 58, 1, 2
153, 58, 1, 2
154, 58, 1, 2
155, 58, 1, 2
156, 58, 1, 2
157, 58, 1, 2
158, 58, 1, 2
159, 58, 1, 2
160, 58, 1, 2
161, 58, 1, 2
162, 58, 1, 2
163, 58, 1, 2
164, 58, 1, 2
165, 58, 1, 2
166, 58, 1, 2
167, 58, 1, 2
168, 58, 1, 2
169, 58, 1, 2
170, 58, 1, 2
171, 58, 1, 2
172, 58, 1, 2
173, 58, 1, 2
174, 58, 1, 2
175, 58, 1, 2
176, 58, 1, 2
177, 58, 1, 2
178, 58, 1, 2
179, 58, 1, 2
180, 58, 1, 2
181, 58, 1, 2
182, 58, 1, 2
183, 58, 1, 2
184, 58, 1, 2
185, 58, 1, 2
186, 58, 1, 2
187, 58, 1, 2
188, 58, 1, 2
189, 58, 1, 2
190, 58, 1, 2
191, 58, 1, 2
192, 58, 1, 2
193, 58, 1, 2
194, 58, 1, 2
195, 58, 1, 2
196, 58, 1, 2
197, 58, 1, 2
198, 58, 1, 2
199, 58, 1, 2
200, 58, 1, 2
201, 58, 1, 2
202, 58, 1, 2
203, 58, 1, 2
204, 58, 1, 2
205, 58, 1, 2
206, 58, 1, 2
207, 58, 1, 2
208, 58, 1, 2
209, 58, 1, 2
210, 58, 1, 2
211, 58, 1, 2
212, 58, 1, 2
213, 58, 1, 2
214, 58, 1, 2
215, 58, 1, 2
216, 58, 1, 2
217, 58, 1, 2
218, 58, 1, 2
219, 58, 1, 2
220, 58, 1, 2
221, 58, 1, 2
222, 58, 1, 2
223, 58, 1, 2
224, 58, 1, 2
225, 58, 1, 2
226, 58, 1, 2
227, 58, 1, 2
228, 58, 1, 2
229, 58, 1, 2
230, 58, 1, 2
231, 58, 1, 2
232, 58, 1, 2
233, 58, 1, 2
234, 58, 1, 2
235, 58, 1, 2
236, 58, 1, 2
237, 58, 1, 2
238, 58, 1, 2
239, 58, 1, 2
240, 58, 1, 2
241, 58, 1, 2
242, 58, 1, 2
243, 58, 1, 2
244, 58, 1, 2
245, 58, 1, 2
246, 58, 1, 2
247, 58, 1, 2
248, 58, 1, 2
249, 58, 1, 2
250, 58, 1, 2
251, 58, 1, 2
252, 58, 1, 2
253, 58, 1, 2
254, 58, 1, 2
255, 58, 1, 2
256, 58, 1, 2
257, 58, 1, 2
258, 58, 1, 2
259, 58, 1, 2
260, 58, 1, 2
261, 58, 1, 2
262, 58, 1, 2
263, 58, 1, 2
264, 58, 1, 2
265, 58, 1, 2
266, 58, 1, 2
267, 58, 1, 2
268, 58, 1, 2
269, 58, 1, 2
270, 58, 1, 2
271, 58, 1, 2
272, 58, 1, 2
273, 58, 1, 2
274, 58, 1, 2
275, 58, 1, 2
276, 58, 1, 2
277, 58, 1, 2
278, 58, 1, 2
279, 58, 1, 2
280, 58, 1, 2
281, 58, 1, 2
282, 58, 1, 2
283, 58, 1, 2
284, 58, 1, 2
285, 58, 1, 2
286, 58, 1, 2
287, 58, 1, 2
288, 58, 1, 2
289, 58, 1, 2
290, 58, 1, 2
291, 58, 1, 2
292, 58, 1, 2
293, 58, 1, 2
294, 58, 1, 2
295, 58, 1, 2
296, 58, 1, 2
297, 58, 1, 2
298, 58, 1, 2
299, 58, 1, 2
300, 58, 1, 2
301, 58, 1, 2
302, 58, 1, 2
303, 58, 1, 2
304, 58, 1, 2
305, 58, 1, 2
306, 58, 1, 2
307, 58, 1, 2
308, 58, 1, 2
309, 58, 1, 2
310, 58, 1, 2
311, 58, 1, 2
312, 58, 1, 2
313, 58, 1, 2
314, 58, 1, 2
315, 58, 1, 2
316, 58, 1, 2
317, 58, 1, 2
318, 58, 1, 2
319, 58, 1, 2
320, 58, 1, 2
321, 58, 1, 2
322, 58, 1, 2
323, 58, 1, 2
324, 58, 1, 2
325, 58, 1, 2
326, 58, 1, 2
327, 58, 1, 2
328, 58, 1, 2
329, 58, 1, 2
330, 58, 1, 2
331, 58, 1, 2
332, 58, 1, 2
333, 58, 1, 2
334, 58, 1, 2
335, 58, 1, 2
336, 58, 1, 2
337, 58, 1, 2
338, 58, 1, 2
339, 58, 1, 2
340, 58, 1, 2
341, 58, 1, 2
342, 58, 1, 2
343, 58, 1, 2
344, 58, 1, 2
345, 58, 1, 2
346, 58, 1, 2
347, 58, 1, 2
348, 58, 1, 2
349, 58, 1, 2
350, 58, 1, 2
351, 58, 1, 2
352, 58, 1, 2
353, 58, 1, 2
354, 58, 1, 2
355, 58, 1, 2
356, 58, 1, 2
357, 58, 1, 2
358, 58, 1, 2
359, 58, 1, 2
360, 58, 1, 2
361, 58, 1, 2
362, 58, 1, 2
363, 58, 1, 2
364, 58, 1, 2
365, 58, 1, 2
366, 58, 1, 2
367, 58, 1, 2
368, 58, 1, 2
369, 58, 1, 2
370, 58, 1, 2
371, 58, 1, 2
372, 58, 1, 2
373, 58, 1, 2
374, 58, 1, 2
375, 58, 1, 2
376, 58, 1, 2
377, 58, 1, 2
378, 58, 1, 2
379, 58, 1, 2
380, 58, 1, 2
381, 58, 1, 2
382, 58, 1, 2
383, 58, 1, 2
384, 58, 1, 2
385, 58, 1, 2
386, 58, 1, 2
387, 58, 1, 2
388, 58, 1, 2
389, 58, 1, 2
390, 58, 1, 2
391, 58, 1, 2
392, 58, 1, 2
393, 58, 1, 2
394, 58, 1, 2
395, 58, 1, 2
396, 58, 1, 2
397, 58, 1, 2
398, 58, 1, 2
399, 58, 1, 2
400, 58, 1, 2
401, 58, 1, 2
402, 58, 1, 2
403, 58, 1, 2
404, 58, 1, 2
405, 58, 1, 2
406, 58, 1, 2
407, 58, 1, 2
408, 58, 1, 2
409, 58, 1, 2
410, 58, 1, 2
411, 58, 1, 2
412, 58, 1, 2
413, 58, 1, 2
414, 58, 1, 2
415, 58, 1, 2
416, 58, 1, 2
417, 58, 1, 2
418, 58, 1, 2
419, 58, 1, 2
420, 58, 1, 2
421, 58, 1, 2
422, 58, 1, 2
423, 58, 1, 2
424, 58, 1, 2
