Objects, 1
Object:, First Vertice:, Vertices:, First Triangle:, Triangles:
Sphere.009, 1, 215, 1, 486

Vertices, 215
Vertice:, X:, Y:, Z:
1, 1.5045374929904938, -2.032776117324829, -0.9120047092437744
2, 1.503443866968155, -2.0327885150909424, -0.9060743451118469
3, 1.473886638879776, -2.033123016357422, -0.9145919680595398
4, 1.504453331232071, -2.0327770709991455, -0.9180344939231873
5, 1.5031944811344147, -2.0327913761138916, -0.9239318370819092
6, 1.5008093416690826, -2.03281831741333, -0.9294704794883728
7, 1.4973894655704498, -2.0328569412231445, -0.9344372749328613
8, 1.4930664598941803, -2.0329058170318604, -0.9386414885520935
9, 1.4880065023899078, -2.0329630374908447, -0.9419213533401489
10, 1.4824036657810211, -2.0330264568328857, -0.9441511034965515
11, 1.476473718881607, -2.0330936908721924, -0.9452449679374695
12, 1.4704443514347076, -2.0331618785858154, -0.9451606273651123
13, 1.46454718708992, -2.033228635787964, -0.9439015984535217
14, 1.4590090811252594, -2.0332913398742676, -0.9415162801742554
15, 1.4540427029132843, -2.0333473682403564, -0.9380962252616882
16, 1.4498386681079865, -2.0333950519561768, -0.9337729811668396
17, 1.4465589821338654, -2.0334322452545166, -0.9287124872207642
18, 1.444329410791397, -2.0334572792053223, -0.9231096506118774
19, 1.4432355463504791, -2.0334696769714355, -0.91717928647995
20, 1.443319946527481, -2.033468723297119, -0.9111494421958923
21, 1.4445789158344269, -2.033454656600952, -0.9052519798278809
22, 1.446964055299759, -2.0334274768829346, -0.899713397026062
23, 1.4503839313983917, -2.03338885307312, -0.8947466015815735
24, 1.4547068178653717, -2.0333399772644043, -0.8905423283576965
25, 1.4597668945789337, -2.03328275680542, -0.8872625231742859
26, 1.4653694927692413, -2.033219337463379, -0.8850327730178833
27, 1.4712994396686554, -2.0331521034240723, -0.8839389681816101
28, 1.4773289263248444, -2.033083915710449, -0.8840233087539673
29, 1.483226090669632, -2.033017158508301, -0.8852822780609131
30, 1.4887643158435822, -2.032954454421997, -0.8876675367355347
31, 1.4937308132648468, -2.032898426055908, -0.8910876512527466
32, 1.497934728860855, -2.032850742340088, -0.8954108953475952
33, 1.5012144148349762, -2.032813787460327, -0.9004713296890259
34, 1.4787394106388092, -2.0131521224975586, -0.9105415940284729
35, 1.4785121977329254, -2.0131547451019287, -0.9103080630302429
36, 1.478403002023697, -2.013413906097412, -0.9089791178703308
37, 1.4785447418689728, -2.013129711151123, -0.9106965065002441
38, 1.4798453152179718, -2.0150344371795654, -0.9034395217895508
39, 1.4778826534748077, -2.015056610107422, -0.9025941491127014
40, 1.4778087437152863, -2.0155022144317627, -0.9016590714454651
41, 1.4781929552555084, -2.014024019241333, -0.9064085483551025
42, 1.4686982929706573, -2.013265609741211, -0.9104013442993164
43, 1.468732625246048, -2.013265371322632, -0.9103679060935974
44, 1.4687382280826569, -2.0132601261138916, -0.9104350209236145
45, 1.469470888376236, -2.0132570266723633, -0.9195552468299866
46, 1.4695103466510773, -2.013256549835205, -0.9195823073387146
47, 1.4697008430957794, -2.0137717723846436, -0.9217697978019714
48, 1.4695046246051788, -2.013251304626465, -0.9195152521133423
49, 1.471129685640335, -2.0223512649536133, -0.9379881620407104
50, 1.4711492359638214, -2.022195816040039, -0.9377998113632202
51, 1.4711669981479645, -2.022351026535034, -0.9379885792732239
52, 1.4706794321537018, -2.0182154178619385, -0.9327675700187683
53, 1.479834109544754, -2.0150344371795654, -0.9257159233093262
54, 1.4816272556781769, -2.015014171600342, -0.9245535135269165
55, 1.4852512180805206, -2.0180504322052, -0.9290540814399719
56, 1.4793464243412018, -2.0131452083587646, -0.9177338480949402
57, 1.479161649942398, -2.0131473541259766, -0.9180021286010742
58, 1.4791286289691925, -2.013123035430908, -0.917613685131073
59, 1.476919561624527, -2.027331829071045, -0.8870809078216553
60, 1.4770133793354034, -2.022284746170044, -0.891326904296875
61, 1.4768976271152496, -2.0242011547088623, -0.8896982669830322
62, 1.4765965044498444, -2.024204730987549, -0.8896340131759644
63, 1.4701410830020905, -2.0151443481445312, -0.9268022179603577
64, 1.4698142111301422, -2.0151479244232178, -0.9267323017120361
65, 1.4700651466846466, -2.0148916244506836, -0.9259357452392578
66, 1.4711702167987823, -2.0223915576934814, -0.9380220174789429
67, 1.471170336008072, -2.0223934650421143, -0.9380233287811279
68, 1.4672456085681915, -2.022395372390747, -0.8919684290885925
69, 1.4672823250293732, -2.022394895553589, -0.8919616341590881
70, 1.4672965109348297, -2.0222392082214355, -0.8921504616737366
71, 1.4652266800403595, -2.018277168273926, -0.8981575965881348
72, 1.4676760733127594, -2.018249273300171, -0.8971827626228333
73, 1.4678341448307037, -2.0151703357696533, -0.9032717943191528
74, 1.4681446850299835, -2.015166759490967, -0.9031481742858887
75, 1.4682150185108185, -2.0149126052856445, -0.9040144681930542
76, 1.4685539305210114, -2.013784885406494, -0.9081805348396301
77, 1.479500561952591, -2.0140092372894287, -0.921901524066925
78, 1.4788354933261871, -2.0130226612091064, -0.914155125617981
79, 1.4792766869068146, -2.01340389251709, -0.9193311333656311
80, 1.4688643515110016, -2.0131638050079346, -0.9119415879249573
81, 1.4707235395908356, -2.027401924133301, -0.9421029090881348
82, 1.4712838232517242, -2.0238044261932373, -0.9391779899597168
83, 1.471320778131485, -2.024264335632324, -0.9395546913146973
84, 1.482208400964737, -2.01808500289917, -0.9310263395309448
85, 1.480378657579422, -2.0181055068969727, -0.9317547082901001
86, 1.4799180328845978, -2.0154781341552734, -0.9266510009765625
87, 1.4774077236652374, -2.018139362335205, -0.896555483341217
88, 1.4691193401813507, -2.0130701065063477, -0.9149751663208008
89, 1.4690431654453278, -2.0130794048309326, -0.9140720367431641
90, 1.4793337881565094, -2.0181174278259277, -0.8969667553901672
91, 1.4801336824893951, -2.013136386871338, -0.9140456318855286
92, 1.4799027740955353, -2.013139009475708, -0.9127932786941528
93, 1.485925704240799, -2.014965534210205, -0.9110638499259949
94, 1.4863788187503815, -2.014960527420044, -0.9135202765464783
95, 1.491491585969925, -2.017979860305786, -0.9094699025154114
96, 1.4921495020389557, -2.017972469329834, -0.9130361676216125
97, 1.496386557817459, -2.0220656394958496, -0.908072829246521
98, 1.4972235262393951, -2.0220561027526855, -0.9126117825508118
99, 1.5004223883152008, -2.0270659923553467, -0.9069262146949768
100, 1.501406580209732, -2.027054786682129, -0.9122635126113892
101, 1.498415857553482, -2.0270886421203613, -0.9018836617469788
102, 1.4946801960468292, -2.022084951400757, -0.903784453868866
103, 1.4901509582996368, -2.0179951190948486, -0.9061005711555481
104, 1.4850023090839386, -2.0149760246276855, -0.9087428450584412
105, 1.4794318974018097, -2.0131442546844482, -0.9116101861000061
106, 1.483643800020218, -2.014991521835327, -0.9066468477249146
107, 1.4881786406040192, -2.018017292022705, -0.9030576348304749
108, 1.4921700060367584, -2.02211332321167, -0.8999113440513611
109, 1.4954641163349152, -2.0271220207214355, -0.8973293900489807
110, 1.491680771112442, -2.0271646976470947, -0.8934385180473328
111, 1.4889524281024933, -2.0221498012542725, -0.8966025114059448
112, 1.4856506884098053, -2.0180459022521973, -0.9004576802253723
113, 1.4819022715091705, -2.0150110721588135, -0.9048561453819275
114, 1.4826640188694, -2.0180797576904297, -0.8984010815620422
115, 1.485151320695877, -2.0221927165985107, -0.8939849138259888
116, 1.4872110188007355, -2.0272154808044434, -0.8903607130050659
117, 1.4822268784046173, -2.0272717475891113, -0.8882138729095459
118, 1.4809123575687408, -2.02224063873291, -0.8921593427658081
119, 1.4714931547641754, -2.027393341064453, -0.8870050311088562
120, 1.466156393289566, -2.027453660964966, -0.8879894614219666
121, 1.4611139595508575, -2.027510643005371, -0.8899959921836853
122, 1.46295765042305, -2.0224437713623047, -0.8936748504638672
123, 1.4657380878925323, -2.0151939392089844, -0.9046303033828735
124, 1.4621839821338654, -2.0183115005493164, -0.9001297950744629
125, 1.4590846598148346, -2.0224876403808594, -0.8961851596832275
126, 1.4565600454807281, -2.027562141418457, -0.8929479718208313
127, 1.4526695311069489, -2.027606248855591, -0.8967314958572388
128, 1.4557761251926422, -2.0225250720977783, -0.8994029760360718
129, 1.4595841467380524, -2.018340826034546, -0.9026579856872559
130, 1.4639475643634796, -2.015214204788208, -0.9063717126846313
131, 1.4679762423038483, -2.0132739543914795, -0.9114500880241394
132, 1.4625308811664581, -2.015230417251587, -0.9084290266036987
133, 1.4575276672840118, -2.018364191055298, -0.9056448936462402
134, 1.4531587660312653, -2.022554636001587, -0.9032043218612671
135, 1.4495917856693268, -2.0276410579681396, -0.9012014865875244
136, 1.4474451839923859, -2.027665376663208, -0.9061861634254456
137, 1.4513333141803741, -2.0225753784179688, -0.9074434041976929
138, 1.4560934603214264, -2.0183804035186768, -0.90897536277771
139, 1.4615429937839508, -2.0152416229248047, -0.910723090171814
140, 1.4674724638462067, -2.013279676437378, -0.9126196503639221
141, 1.467206746339798, -2.013282537460327, -0.9138649702072144
142, 1.4610215723514557, -2.015247344970703, -0.9131659865379333
143, 1.4553363621234894, -2.0183889865875244, -0.9125217795372009
144, 1.4503696262836456, -2.0225863456726074, -0.9119571447372437
145, 1.4463122189044952, -2.0276782512664795, -0.911493718624115
146, 1.446236401796341, -2.027678966522217, -0.9169204235076904
147, 1.4503053724765778, -2.0225870609283447, -0.9165721535682678
148, 1.4552858173847198, -2.0183894634246826, -0.9161478281021118
149, 1.4609867632389069, -2.0152478218078613, -0.9156636595726013
150, 1.4671888649463654, -2.0132827758789062, -0.915138304233551
151, 1.4674198925495148, -2.013280153274536, -0.916390597820282
152, 1.4614397585391998, -2.0152428150177, -0.9181201457977295
153, 1.455943375825882, -2.0183820724487305, -0.919714093208313
154, 1.4511422216892242, -2.0225775241851807, -0.9211111068725586
155, 1.4472207129001617, -2.027667999267578, -0.9222576022148132
156, 1.449227124452591, -2.0276451110839844, -0.9273001551628113
157, 1.4528488218784332, -2.0225582122802734, -0.9253993630409241
158, 1.4572842419147491, -2.018367052078247, -0.9230833053588867
159, 1.4623631536960602, -2.0152323246002197, -0.9204409122467041
160, 1.4678906500339508, -2.013274908065796, -0.9175738096237183
161, 1.4685832560062408, -2.0132670402526855, -0.9186424016952515
162, 1.4637216627597809, -2.015216827392578, -0.9225369691848755
163, 1.4592563211917877, -2.0183446407318115, -0.9261263608932495
164, 1.4553588926792145, -2.0225298404693604, -0.9292725920677185
165, 1.4521788656711578, -2.02761173248291, -0.9318544864654541
166, 1.455962210893631, -2.027569055557251, -0.9357452988624573
167, 1.45857635140419, -2.022493362426758, -0.93258136510849
168, 1.4617842733860016, -2.0183160305023193, -0.9287262558937073
169, 1.4654630720615387, -2.015197277069092, -0.9243276715278625
170, 1.467520147562027, -2.01517391204834, -0.925744354724884
171, 1.464771181344986, -2.018282175064087, -0.9307827949523926
172, 1.4623774588108063, -2.0224504470825195, -0.935198962688446
173, 1.460431843996048, -2.0275185108184814, -0.9388232827186584
174, 1.4654162228107452, -2.0274620056152344, -0.9409699440002441
175, 1.4666164219379425, -2.02240252494812, -0.9370245933532715
176, 1.4681011736392975, -2.018244504928589, -0.9322171807289124
177, 1.4761498272418976, -2.0273406505584717, -0.9421787858009338
178, 1.4814867079257965, -2.02728009223938, -0.9411944150924683
179, 1.4865290224552155, -2.0272231101989746, -0.9391878247261047
180, 1.4884441196918488, -2.022155523300171, -0.9329986572265625
181, 1.4845711290836334, -2.0221991539001465, -0.9355090260505676
182, 1.4910829365253448, -2.0271716117858887, -0.9362359642982483
183, 1.4949735701084137, -2.027127504348755, -0.9324523210525513
184, 1.4917527735233307, -2.022118091583252, -0.929780900478363
185, 1.4878508150577545, -2.0180211067199707, -0.9265259504318237
186, 1.4834177792072296, -2.014993906021118, -0.9228121042251587
187, 1.4848345816135406, -2.0149779319763184, -0.9207548499107361
188, 1.489907294511795, -2.0179977416992188, -0.9235391020774841
189, 1.4943701326847076, -2.0220882892608643, -0.9259796142578125
190, 1.4980511963367462, -2.027092695236206, -0.9279823899269104
191, 1.5001979172229767, -2.0270683765411377, -0.9229977130889893
192, 1.4961955845355988, -2.0220677852630615, -0.9217404127120972
193, 1.49134162068367, -2.01798152923584, -0.9202085137367249
194, 1.485822468996048, -2.0149667263031006, -0.9184607267379761
195, 1.4798500835895538, -2.013139486312866, -0.9165642857551575
196, 1.480115920305252, -2.013136625289917, -0.9153189659118652
197, 1.486343890428543, -2.014960765838623, -0.9160179495811462
198, 1.4920985996723175, -2.017972946166992, -0.9166622161865234
199, 1.4971591532230377, -2.022056818008423, -0.9172267913818359
200, 1.5013308823108673, -2.027055501937866, -0.917690098285675
201, 1.4787487089633942, -2.013033628463745, -0.9131254553794861
202, 1.4789225161075592, -2.0130317211151123, -0.9151846170425415
203, 1.4786550104618073, -2.0130670070648193, -0.9120110869407654
204, 1.4671718180179596, -2.0243113040924072, -0.8903955817222595
205, 1.4689610302448273, -2.013108730316162, -0.9130945205688477
206, 1.4691956341266632, -2.013077735900879, -0.915878176689148
207, 1.469278484582901, -2.0131051540374756, -0.9168556928634644
208, 1.4693763554096222, -2.013157844543457, -0.9180087447166443
209, 1.4807398617267609, -2.024157762527466, -0.9387256503105164
210, 1.4810258448123932, -2.0241544246673584, -0.9386119246482849
211, 1.4792462885379791, -2.013336181640625, -0.9189802408218384
212, 1.4790169298648834, -2.0130629539489746, -0.9162989258766174
213, 1.4716737568378448, -2.0242602825164795, -0.8895652294158936
214, 1.4758982956409454, -2.024212598800659, -0.939618706703186
215, 1.4808668196201324, -2.0222411155700684, -0.9369831681251526

Triangles, 424
Triangle:, Side1:, Side2:, Side3:
1, 1, 2, 3
2, 4, 1, 3
3, 5, 4, 3
4, 6, 5, 3
5, 7, 6, 3
6, 8, 7, 3
7, 9, 8, 3
8, 10, 9, 3
9, 11, 10, 3
10, 12, 11, 3
11, 13, 12, 3
12, 14, 13, 3
13, 15, 14, 3
14, 16, 15, 3
15, 17, 16, 3
16, 18, 17, 3
17, 19, 18, 3
18, 20, 19, 3
19, 21, 20, 3
20, 22, 21, 3
21, 23, 22, 3
22, 24, 23, 3
23, 25, 24, 3
24, 26, 25, 3
25, 27, 26, 3
26, 28, 27, 3
27, 29, 28, 3
28, 30, 29, 3
29, 31, 30, 3
30, 32, 31, 3
31, 33, 32, 3
32, 2, 33, 3
33, 34, 35, 36
34, 35, 34, 37
35, 38, 39, 40
36, 39, 38, 41
37, 42, 43, 44
38, 45, 46, 47
39, 46, 45, 48
40, 49, 50, 51
41, 52, 50, 49
42, 53, 54, 55
43, 56, 57, 58
44, 59, 60, 61
45, 62, 59, 61
46, 63, 64, 65
47, 49, 66, 67
48, 49, 51, 66
49, 68, 69, 70
50, 71, 70, 72
51, 73, 74, 75
52, 42, 76, 43
53, 53, 77, 54
54, 78, 79, 77
55, 76, 75, 74
56, 70, 80, 44
57, 81, 82, 83
58, 84, 85, 86
59, 86, 85, 78
60, 36, 87, 41
61, 88, 89, 70
62, 90, 40, 87
63, 91, 92, 93
64, 91, 93, 94
65, 94, 93, 95
66, 94, 95, 96
67, 96, 95, 97
68, 96, 97, 98
69, 98, 97, 99
70, 98, 99, 100
71, 2, 1, 100
72, 2, 100, 99
73, 99, 101, 33
74, 99, 33, 2
75, 97, 102, 101
76, 97, 101, 99
77, 95, 103, 102
78, 95, 102, 97
79, 93, 104, 103
80, 93, 103, 95
81, 92, 105, 104
82, 92, 104, 93
83, 105, 34, 106
84, 105, 106, 104
85, 104, 106, 107
86, 104, 107, 103
87, 103, 107, 108
88, 103, 108, 102
89, 102, 108, 109
90, 102, 109, 101
91, 101, 109, 32
92, 101, 32, 33
93, 109, 110, 31
94, 109, 31, 32
95, 108, 111, 110
96, 108, 110, 109
97, 107, 112, 111
98, 107, 111, 108
99, 106, 113, 112
100, 106, 112, 107
101, 34, 36, 113
102, 34, 113, 106
103, 113, 38, 114
104, 113, 114, 112
105, 112, 114, 115
106, 112, 115, 111
107, 111, 115, 116
108, 111, 116, 110
109, 110, 116, 30
110, 110, 30, 31
111, 116, 117, 29
112, 116, 29, 30
113, 115, 118, 117
114, 115, 117, 116
115, 114, 90, 118
116, 114, 118, 115
117, 38, 40, 90
118, 38, 90, 114
119, 118, 60, 59
120, 118, 59, 117
121, 117, 59, 28
122, 117, 28, 29
123, 59, 119, 27
124, 59, 27, 28
125, 119, 120, 26
126, 119, 26, 27
127, 120, 121, 25
128, 120, 25, 26
129, 68, 122, 121
130, 68, 121, 120
131, 73, 123, 124
132, 73, 124, 71
133, 71, 124, 125
134, 71, 125, 122
135, 122, 125, 126
136, 122, 126, 121
137, 121, 126, 24
138, 121, 24, 25
139, 126, 127, 23
140, 126, 23, 24
141, 125, 128, 127
142, 125, 127, 126
143, 124, 129, 128
144, 124, 128, 125
145, 123, 130, 129
146, 123, 129, 124
147, 42, 131, 132
148, 42, 132, 130
149, 130, 132, 133
150, 130, 133, 129
151, 129, 133, 134
152, 129, 134, 128
153, 128, 134, 135
154, 128, 135, 127
155, 127, 135, 22
156, 127, 22, 23
157, 135, 136, 21
158, 135, 21, 22
159, 134, 137, 136
160, 134, 136, 135
161, 133, 138, 137
162, 133, 137, 134
163, 132, 139, 138
164, 132, 138, 133
165, 131, 140, 139
166, 131, 139, 132
167, 140, 141, 142
168, 140, 142, 139
169, 139, 142, 143
170, 139, 143, 138
171, 138, 143, 144
172, 138, 144, 137
173, 137, 144, 145
174, 137, 145, 136
175, 136, 145, 20
176, 136, 20, 21
177, 145, 146, 19
178, 145, 19, 20
179, 144, 147, 146
180, 144, 146, 145
181, 143, 148, 147
182, 143, 147, 144
183, 142, 149, 148
184, 142, 148, 143
185, 141, 150, 149
186, 141, 149, 142
187, 150, 151, 152
188, 150, 152, 149
189, 149, 152, 153
190, 149, 153, 148
191, 148, 153, 154
192, 148, 154, 147
193, 147, 154, 155
194, 147, 155, 146
195, 146, 155, 18
196, 146, 18, 19
197, 155, 156, 17
198, 155, 17, 18
199, 154, 157, 156
200, 154, 156, 155
201, 153, 158, 157
202, 153, 157, 154
203, 152, 159, 158
204, 152, 158, 153
205, 151, 160, 159
206, 151, 159, 152
207, 160, 161, 162
208, 160, 162, 159
209, 159, 162, 163
210, 159, 163, 158
211, 158, 163, 164
212, 158, 164, 157
213, 157, 164, 165
214, 157, 165, 156
215, 156, 165, 16
216, 156, 16, 17
217, 165, 166, 15
218, 165, 15, 16
219, 164, 167, 166
220, 164, 166, 165
221, 163, 168, 167
222, 163, 167, 164
223, 162, 169, 168
224, 162, 168, 163
225, 161, 45, 169
226, 161, 169, 162
227, 45, 47, 170
228, 45, 170, 169
229, 169, 170, 171
230, 169, 171, 168
231, 168, 171, 172
232, 168, 172, 167
233, 167, 172, 173
234, 167, 173, 166
235, 166, 173, 14
236, 166, 14, 15
237, 173, 174, 13
238, 173, 13, 14
239, 172, 175, 174
240, 172, 174, 173
241, 171, 176, 175
242, 171, 175, 172
243, 170, 64, 176
244, 170, 176, 171
245, 176, 52, 49
246, 176, 49, 175
247, 175, 49, 81
248, 175, 81, 174
249, 174, 81, 12
250, 174, 12, 13
251, 81, 177, 11
252, 81, 11, 12
253, 177, 178, 10
254, 177, 10, 11
255, 178, 179, 9
256, 178, 9, 10
257, 84, 55, 180
258, 84, 180, 181
259, 181, 180, 182
260, 181, 182, 179
261, 179, 182, 8
262, 179, 8, 9
263, 182, 183, 7
264, 182, 7, 8
265, 180, 184, 183
266, 180, 183, 182
267, 55, 185, 184
268, 55, 184, 180
269, 54, 186, 185
270, 54, 185, 55
271, 186, 187, 188
272, 186, 188, 185
273, 185, 188, 189
274, 185, 189, 184
275, 184, 189, 190
276, 184, 190, 183
277, 183, 190, 6
278, 183, 6, 7
279, 190, 191, 5
280, 190, 5, 6
281, 189, 192, 191
282, 189, 191, 190
283, 188, 193, 192
284, 188, 192, 189
285, 187, 194, 193
286, 187, 193, 188
287, 56, 195, 194
288, 56, 194, 187
289, 195, 196, 197
290, 195, 197, 194
291, 194, 197, 198
292, 194, 198, 193
293, 193, 198, 199
294, 193, 199, 192
295, 192, 199, 200
296, 192, 200, 191
297, 191, 200, 4
298, 191, 4, 5
299, 1, 4, 200
300, 1, 200, 100
301, 199, 98, 100
302, 199, 100, 200
303, 198, 96, 98
304, 198, 98, 199
305, 197, 94, 96
306, 197, 96, 198
307, 196, 91, 94
308, 196, 94, 197
309, 91, 78, 201
310, 91, 201, 92
311, 78, 91, 196
312, 78, 196, 202
313, 105, 92, 201
314, 105, 201, 203
315, 105, 203, 37
316, 105, 37, 34
317, 38, 113, 36
318, 38, 36, 41
319, 37, 87, 36
320, 37, 36, 35
321, 41, 87, 40
322, 41, 40, 39
323, 69, 68, 120
324, 69, 120, 204
325, 122, 68, 70
326, 122, 70, 71
327, 123, 73, 75
328, 123, 75, 76
329, 130, 123, 76
330, 130, 76, 42
331, 131, 42, 44
332, 131, 44, 80
333, 140, 131, 80
334, 140, 80, 205
335, 141, 140, 205
336, 141, 205, 89
337, 151, 150, 88
338, 151, 88, 206
339, 151, 206, 207
340, 151, 207, 160
341, 161, 160, 207
342, 161, 207, 208
343, 88, 52, 207
344, 88, 207, 206
345, 161, 208, 48
346, 161, 48, 45
347, 64, 170, 47
348, 64, 47, 65
349, 48, 52, 47
350, 48, 47, 46
351, 178, 209, 210
352, 178, 210, 179
353, 55, 84, 86
354, 55, 86, 53
355, 186, 54, 77
356, 186, 77, 79
357, 187, 186, 79
358, 187, 79, 211
359, 57, 56, 187
360, 57, 187, 211
361, 195, 56, 58
362, 195, 58, 212
363, 79, 78, 58
364, 79, 58, 57
365, 196, 195, 212
366, 196, 212, 202
367, 78, 202, 212
368, 78, 212, 58
369, 60, 78, 210
370, 60, 210, 61
371, 205, 80, 70
372, 205, 70, 89
373, 49, 67, 82
374, 49, 82, 81
375, 51, 69, 82
376, 51, 82, 66
377, 90, 87, 60
378, 90, 60, 118
379, 59, 62, 213
380, 59, 213, 119
381, 61, 210, 213
382, 61, 213, 62
383, 69, 51, 50
384, 69, 50, 52
385, 213, 204, 120
386, 213, 120, 119
387, 71, 72, 74
388, 71, 74, 73
389, 70, 76, 74
390, 70, 74, 72
391, 76, 70, 44
392, 76, 44, 43
393, 141, 89, 88
394, 141, 88, 150
395, 69, 52, 88
396, 69, 88, 70
397, 64, 63, 52
398, 64, 52, 176
399, 214, 209, 178
400, 214, 178, 177
401, 179, 210, 215
402, 179, 215, 181
403, 78, 85, 215
404, 78, 215, 210
405, 181, 215, 85
406, 181, 85, 84
407, 78, 77, 53
408, 78, 53, 86
409, 203, 60, 87
410, 203, 87, 37
411, 52, 48, 208
412, 52, 208, 207
413, 204, 83, 82
414, 204, 82, 69
415, 81, 83, 214
416, 81, 214, 177
417, 209, 214, 213
418, 209, 213, 210
419, 60, 203, 201
420, 60, 201, 78
421, 52, 63, 65
422, 52, 65, 47
423, 213, 214, 83
424, 213, 83, 204

Colors, 424
Triangle:, Red:, Green:, Blue:
1, 58, 1, 2
2, 58, 1, 2
3, 58, 1, 2
4, 58, 1, 2
5, 58, 1, 2
6, 58, 1, 2
7, 58, 1, 2
8, 58, 1, 2
9, 58, 1, 2
10, 58, 1, 2
11, 58, 1, 2
12, 58, 1, 2
13, 58, 1, 2
14, 58, 1, 2
15, 58, 1, 2
16, 58, 1, 2
17, 58, 1, 2
18, 58, 1, 2
19, 58, 1, 2
20, 58, 1, 2
21, 58, 1, 2
22, 58, 1, 2
23, 58, 1, 2
24, 58, 1, 2
25, 58, 1, 2
26, 58, 1, 2
27, 58, 1, 2
28, 58, 1, 2
29, 58, 1, 2
30, 58, 1, 2
31, 58, 1, 2
32, 58, 1, 2
33, 58, 1, 2
34, 58, 1, 2
35, 58, 1, 2
36, 58, 1, 2
37, 58, 1, 2
38, 58, 1, 2
39, 58, 1, 2
40, 58, 1, 2
41, 58, 1, 2
42, 58, 1, 2
43, 58, 1, 2
44, 58, 1, 2
45, 58, 1, 2
46, 58, 1, 2
47, 58, 1, 2
48, 58, 1, 2
49, 58, 1, 2
50, 58, 1, 2
51, 58, 1, 2
52, 58, 1, 2
53, 58, 1, 2
54, 58, 1, 2
55, 58, 1, 2
56, 58, 1, 2
57, 58, 1, 2
58, 58, 1, 2
59, 58, 1, 2
60, 58, 1, 2
61, 58, 1, 2
62, 58, 1, 2
63, 58, 1, 2
64, 58, 1, 2
65, 58, 1, 2
66, 58, 1, 2
67, 58, 1, 2
68, 58, 1, 2
69, 58, 1, 2
70, 58, 1, 2
71, 58, 1, 2
72, 58, 1, 2
73, 58, 1, 2
74, 58, 1, 2
75, 58, 1, 2
76, 58, 1, 2
77, 58, 1, 2
78, 58, 1, 2
79, 58, 1, 2
80, 58, 1, 2
81, 58, 1, 2
82, 58, 1, 2
83, 58, 1, 2
84, 58, 1, 2
85, 58, 1, 2
86, 58, 1, 2
87, 58, 1, 2
88, 58, 1, 2
89, 58, 1, 2
90, 58, 1, 2
91, 58, 1, 2
92, 58, 1, 2
93, 58, 1, 2
94, 58, 1, 2
95, 58, 1, 2
96, 58, 1, 2
97, 58, 1, 2
98, 58, 1, 2
99, 58, 1, 2
100, 58, 1, 2
101, 58, 1, 2
102, 58, 1, 2
103, 58, 1, 2
104, 58, 1, 2
105, 58, 1, 2
106, 58, 1, 2
107, 58, 1, 2
108, 58, 1, 2
109, 58, 1, 2
110, 58, 1, 2
111, 58, 1, 2
112, 58, 1, 2
113, 58, 1, 2
114, 58, 1, 2
115, 58, 1, 2
116, 58, 1, 2
117, 58, 1, 2
118, 58, 1, 2
119, 58, 1, 2
120, 58, 1, 2
121, 58, 1, 2
122, 58, 1, 2
123, 58, 1, 2
124, 58, 1, 2
125, 58, 1, 2
126, 58, 1, 2
127, 58, 1, 2
128, 58, 1, 2
129, 58, 1, 2
130, 58, 1, 2
131, 58, 1, 2
132, 58, 1, 2
133, 58, 1, 2
134, 58, 1, 2
135, 58, 1, 2
136, 58, 1, 2
137, 58, 1, 2
138, 58, 1, 2
139, 58, 1, 2
140, 58, 1, 2
141, 58, 1, 2
142, 58, 1, 2
143, 58, 1, 2
144, 58, 1, 2
145, 58, 1, 2
146, 58, 1, 2
147, 58, 1, 2
148, 58, 1, 2
149, 58, 1, 2
150, 58, 1, 2
151, 58, 1, 2
152, 58, 1, 2
153, 58, 1, 2
154, 58, 1, 2
155, 58, 1, 2
156, 58, 1, 2
157, 58, 1, 2
158, 58, 1, 2
159, 58, 1, 2
160, 58, 1, 2
161, 58, 1, 2
162, 58, 1, 2
163, 58, 1, 2
164, 58, 1, 2
165, 58, 1, 2
166, 58, 1, 2
167, 58, 1, 2
168, 58, 1, 2
169, 58, 1, 2
170, 58, 1, 2
171, 58, 1, 2
172, 58, 1, 2
173, 58, 1, 2
174, 58, 1, 2
175, 58, 1, 2
176, 58, 1, 2
177, 58, 1, 2
178, 58, 1, 2
179, 58, 1, 2
180, 58, 1, 2
181, 58, 1, 2
182, 58, 1, 2
183, 58, 1, 2
184, 58, 1, 2
185, 58, 1, 2
186, 58, 1, 2
187, 58, 1, 2
188, 58, 1, 2
189, 58, 1, 2
190, 58, 1, 2
191, 58, 1, 2
192, 58, 1, 2
193, 58, 1, 2
194, 58, 1, 2
195, 58, 1, 2
196, 58, 1, 2
197, 58, 1, 2
198, 58, 1, 2
199, 58, 1, 2
200, 58, 1, 2
201, 58, 1, 2
202, 58, 1, 2
203, 58, 1, 2
204, 58, 1, 2
205, 58, 1, 2
206, 58, 1, 2
207, 58, 1, 2
208, 58, 1, 2
209, 58, 1, 2
210, 58, 1, 2
211, 58, 1, 2
212, 58, 1, 2
213, 58, 1, 2
214, 58, 1, 2
215, 58, 1, 2
216, 58, 1, 2
217, 58, 1, 2
218, 58, 1, 2
219, 58, 1, 2
220, 58, 1, 2
221, 58, 1, 2
222, 58, 1, 2
223, 58, 1, 2
224, 58, 1, 2
225, 58, 1, 2
226, 58, 1, 2
227, 58, 1, 2
228, 58, 1, 2
229, 58, 1, 2
230, 58, 1, 2
231, 58, 1, 2
232, 58, 1, 2
233, 58, 1, 2
234, 58, 1, 2
235, 58, 1, 2
236, 58, 1, 2
237, 58, 1, 2
238, 58, 1, 2
239, 58, 1, 2
240, 58, 1, 2
241, 58, 1, 2
242, 58, 1, 2
243, 58, 1, 2
244, 58, 1, 2
245, 58, 1, 2
246, 58, 1, 2
247, 58, 1, 2
248, 58, 1, 2
249, 58, 1, 2
250, 58, 1, 2
251, 58, 1, 2
252, 58, 1, 2
253, 58, 1, 2
254, 58, 1, 2
255, 58, 1, 2
256, 58, 1, 2
257, 58, 1, 2
258, 58, 1, 2
259, 58, 1, 2
260, 58, 1, 2
261, 58, 1, 2
262, 58, 1, 2
263, 58, 1, 2
264, 58, 1, 2
265, 58, 1, 2
266, 58, 1, 2
267, 58, 1, 2
268, 58, 1, 2
269, 58, 1, 2
270, 58, 1, 2
271, 58, 1, 2
272, 58, 1, 2
273, 58, 1, 2
274, 58, 1, 2
275, 58, 1, 2
276, 58, 1, 2
277, 58, 1, 2
278, 58, 1, 2
279, 58, 1, 2
280, 58, 1, 2
281, 58, 1, 2
282, 58, 1, 2
283, 58, 1, 2
284, 58, 1, 2
285, 58, 1, 2
286, 58, 1, 2
287, 58, 1, 2
288, 58, 1, 2
289, 58, 1, 2
290, 58, 1, 2
291, 58, 1, 2
292, 58, 1, 2
293, 58, 1, 2
294, 58, 1, 2
295, 58, 1, 2
296, 58, 1, 2
297, 58, 1, 2
298, 58, 1, 2
299, 58, 1, 2
300, 58, 1, 2
301, 58, 1, 2
302, 58, 1, 2
303, 58, 1, 2
304, 58, 1, 2
305, 58, 1, 2
306, 58, 1, 2
307, 58, 1, 2
308, 58, 1, 2
309, 58, 1, 2
310, 58, 1, 2
311, 58, 1, 2
312, 58, 1, 2
313, 58, 1, 2
314, 58, 1, 2
315, 58, 1, 2
316, 58, 1, 2
317, 58, 1, 2
318, 58, 1, 2
319, 58, 1, 2
320, 58, 1, 2
321, 58, 1, 2
322, 58, 1, 2
323, 58, 1, 2
324, 58, 1, 2
325, 58, 1, 2
326, 58, 1, 2
327, 58, 1, 2
328, 58, 1, 2
329, 58, 1, 2
330, 58, 1, 2
331, 58, 1, 2
332, 58, 1, 2
333, 58, 1, 2
334, 58, 1, 2
335, 58, 1, 2
336, 58, 1, 2
337, 58, 1, 2
338, 58, 1, 2
339, 58, 1, 2
340, 58, 1, 2
341, 58, 1, 2
342, 58, 1, 2
343, 58, 1, 2
344, 58, 1, 2
345, 58, 1, 2
346, 58, 1, 2
347, 58, 1, 2
348, 58, 1, 2
349, 58, 1, 2
350, 58, 1, 2
351, 58, 1, 2
352, 58, 1, 2
353, 58, 1, 2
354, 58, 1, 2
355, 58, 1, 2
356, 58, 1, 2
357, 58, 1, 2
358, 58, 1, 2
359, 58, 1, 2
360, 58, 1, 2
361, 58, 1, 2
362, 58, 1, 2
363, 58, 1, 2
364, 58, 1, 2
365, 58, 1, 2
366, 58, 1, 2
367, 58, 1, 2
368, 58, 1, 2
369, 58, 1, 2
370, 58, 1, 2
371, 58, 1, 2
372, 58, 1, 2
373, 58, 1, 2
374, 58, 1, 2
375, 58, 1, 2
376, 58, 1, 2
377, 58, 1, 2
378, 58, 1, 2
379, 58, 1, 2
380, 58, 1, 2
381, 58, 1, 2
382, 58, 1, 2
383, 58, 1, 2
384, 58, 1, 2
385, 58, 1, 2
386, 58, 1, 2
387, 58, 1, 2
388, 58, 1, 2
389, 58, 1, 2
390, 58, 1, 2
391, 58, 1, 2
392, 58, 1, 2
393, 58, 1, 2
394, 58, 1, 2
395, 58, 1, 2
396, 58, 1, 2
397, 58, 1, 2
398, 58, 1, 2
399, 58, 1, 2
400, 58, 1, 2
401, 58, 1, 2
402, 58, 1, 2
403, 58, 1, 2
404, 58, 1, 2
405, 58, 1, 2
406, 58, 1, 2
407, 58, 1, 2
408, 58, 1, 2
409, 58, 1, 2
410, 58, 1, 2
411, 58, 1, 2
412, 58, 1, 2
413, 58, 1, 2
414, 58, 1, 2
415, 58, 1, 2
416, 58, 1, 2
417, 58, 1, 2
418, 58, 1, 2
419, 58, 1, 2
420, 58, 1, 2
421, 58, 1, 2
422, 58, 1, 2
423, 58, 1, 2
424, 58, 1, 2
