Objects, 1
Object:, First Vertice:, Vertices:, First Triangle:, Triangles:
Sphere.017, 1, 215, 1, 486

Vertices, 215
Vertice:, X:, Y:, Z:
1, 0.2516070604324341, -2.03279972076416, -1.1188819408416748
2, 0.25328099727630615, -2.032780647277832, -1.1130884885787964
3, 0.22303545475006104, -2.033123016357422, -1.107486605644226
4, 0.24883508682250977, -2.0328309535980225, -1.124237298965454
5, 0.24507176876068115, -2.0328736305236816, -1.1289489269256592
6, 0.24046146869659424, -2.032925844192505, -1.1328359842300415
7, 0.23518157005310059, -2.0329856872558594, -1.1357487440109253
8, 0.22943472862243652, -2.033050537109375, -1.137575387954712
9, 0.2234421968460083, -2.033118486404419, -1.1382458209991455
10, 0.21743381023406982, -2.033186435699463, -1.137734055519104
11, 0.2116408348083496, -2.033252000808716, -1.1360599994659424
12, 0.20628571510314941, -2.0333125591278076, -1.1332879066467285
13, 0.20157432556152344, -2.0333659648895264, -1.1295241117477417
14, 0.19768774509429932, -2.033409833908081, -1.1249136924743652
15, 0.19477534294128418, -2.033442735671997, -1.1196333169937134
16, 0.192948579788208, -2.033463478088379, -1.1138862371444702
17, 0.19227838516235352, -2.03347110748291, -1.1078932285308838
18, 0.19278991222381592, -2.0334651470184326, -1.1018846035003662
19, 0.194463849067688, -2.0334463119506836, -1.0960912704467773
20, 0.19723594188690186, -2.033414840698242, -1.0907357931137085
21, 0.20099937915802002, -2.033372402191162, -1.0860241651535034
22, 0.20560956001281738, -2.033320188522339, -1.0821372270584106
23, 0.21088969707489014, -2.0332605838775635, -1.0792244672775269
24, 0.2166363000869751, -2.0331954956054688, -1.0773977041244507
25, 0.22262883186340332, -2.033127546310425, -1.0767273902893066
26, 0.22863709926605225, -2.033059597015381, -1.0772390365600586
27, 0.23443007469177246, -2.032994031906128, -1.0789130926132202
28, 0.23978519439697266, -2.032933473587036, -1.0816853046417236
29, 0.24449658393859863, -2.0328800678253174, -1.0854490995407104
30, 0.2483832836151123, -2.0328361988067627, -1.090059518814087
31, 0.25129592418670654, -2.0328032970428467, -1.0953398942947388
32, 0.25312256813049316, -2.032782554626465, -1.1010868549346924
33, 0.25379276275634766, -2.0327749252319336, -1.1070799827575684
34, 0.2291635274887085, -2.0131378173828125, -1.1061352491378784
35, 0.2290647029876709, -2.013138771057129, -1.1058247089385986
36, 0.2295616865158081, -2.0133910179138184, -1.104585886001587
37, 0.2289201021194458, -2.013115882873535, -1.106186866760254
38, 0.2333310842514038, -2.0149853229522705, -1.100268006324768
39, 0.23195362091064453, -2.015001058578491, -1.0986342430114746
40, 0.23230624198913574, -2.015441417694092, -1.0977625846862793
41, 0.2305241823196411, -2.0139877796173096, -1.1021897792816162
42, 0.22024524211883545, -2.0132386684417725, -1.1015186309814453
43, 0.22029101848602295, -2.0132381916046143, -1.1015042066574097
44, 0.22026598453521729, -2.013233184814453, -1.1015666723251343
45, 0.21684253215789795, -2.013277292251587, -1.1100515127182007
46, 0.2168656587600708, -2.013277053833008, -1.110093355178833
47, 0.21605849266052246, -2.013803243637085, -1.1121324300765991
48, 0.21689057350158691, -2.0132713317871094, -1.1100308895111084
49, 0.21009349822998047, -2.0224666595458984, -1.1272341012954712
50, 0.21019506454467773, -2.0223100185394287, -1.1270750761032104
51, 0.21012663841247559, -2.0224664211273193, -1.1272510290145874
52, 0.2120206356048584, -2.018303632736206, -1.1223841905593872
53, 0.2233586311340332, -2.0150983333587646, -1.1201874017715454
54, 0.22548234462738037, -2.0150742530822754, -1.1199496984481812
55, 0.22671449184417725, -2.018137216567993, -1.1255803108215332
56, 0.22648990154266357, -2.0131680965423584, -1.1128395795822144
57, 0.22620463371276855, -2.0131711959838867, -1.1129969358444214
58, 0.22634875774383545, -2.0131449699401855, -1.1126347780227661
59, 0.23804473876953125, -2.027196168899536, -1.0842660665512085
60, 0.23622369766235352, -2.0221710205078125, -1.088131308555603
61, 0.23685085773468018, -2.024078845977783, -1.0866131782531738
62, 0.2366102933883667, -2.0240814685821533, -1.086421012878418
63, 0.2142033576965332, -2.0152018070220947, -1.116823434829712
64, 0.21394217014312744, -2.015204906463623, -1.116614818572998
65, 0.2145226001739502, -2.014944553375244, -1.116015911102295
66, 0.2101147174835205, -2.0225069522857666, -1.1272821426391602
67, 0.2101142406463623, -2.0225086212158203, -1.1272833347320557
68, 0.22720050811767578, -2.022273063659668, -1.0843361616134644
69, 0.22723627090454102, -2.022272825241089, -1.0843465328216553
70, 0.2271643877029419, -2.022117853164673, -1.0845224857330322
71, 0.22262191772460938, -2.018183469772339, -1.0889897346496582
72, 0.2252485752105713, -2.0181539058685303, -1.0892133712768555
73, 0.22266316413879395, -2.015106201171875, -1.0947457551956177
74, 0.22299623489379883, -2.0151023864746094, -1.0947741270065308
75, 0.2226712703704834, -2.014852285385132, -1.0955816507339478
76, 0.22110998630523682, -2.0137460231781006, -1.0994651317596436
77, 0.22476482391357422, -2.0140531063079834, -1.1166317462921143
78, 0.22763323783874512, -2.013026714324951, -1.1094107627868652
79, 0.22571349143981934, -2.013434648513794, -1.114235758781433
80, 0.21970486640930176, -2.0131444931030273, -1.102971076965332
81, 0.20789611339569092, -2.0275373458862305, -1.1307071447372437
82, 0.20970094203948975, -2.023925542831421, -1.1283596754074097
83, 0.2095661163330078, -2.0243875980377197, -1.1287109851837158
84, 0.22311103343963623, -2.0181779861450195, -1.125983476638794
85, 0.22114861011505127, -2.018200397491455, -1.1258164644241333
86, 0.2230161428451538, -2.0155465602874756, -1.1210590600967407
87, 0.23423326015472412, -2.018052339553833, -1.0930051803588867
88, 0.21857619285583496, -2.013066291809082, -1.1057988405227661
89, 0.2189120054244995, -2.013071298599243, -1.104956865310669
90, 0.2357720136642456, -2.0180346965789795, -1.0942343473434448
91, 0.22884345054626465, -2.013141393661499, -1.1098928451538086
92, 0.22919702529907227, -2.0131373405456543, -1.1086695194244385
93, 0.23535966873168945, -2.0149624347686768, -1.109807014465332
94, 0.2346663475036621, -2.014970302581787, -1.1122066974639893
95, 0.24105441570281982, -2.017975091934204, -1.110855221748352
96, 0.24004793167114258, -2.017986536026001, -1.1143391132354736
97, 0.2460622787475586, -2.022059679031372, -1.111774206161499
98, 0.2447810173034668, -2.0220742225646973, -1.1162081956863403
99, 0.25019073486328125, -2.0270588397979736, -1.1125282049179077
100, 0.24868416786193848, -2.02707576751709, -1.1177420616149902
101, 0.2506512403488159, -2.0270535945892334, -1.1071205139160156
102, 0.2464538812637329, -2.0220553874969482, -1.107175350189209
103, 0.24136221408843994, -2.0179715156555176, -1.1072419881820679
104, 0.2355717420578003, -2.0149600505828857, -1.1073181629180908
105, 0.22930490970611572, -2.013136148452759, -1.1074007749557495
106, 0.23529410362243652, -2.014963150024414, -1.1048357486724854
107, 0.24095892906188965, -2.0179760456085205, -1.1036381721496582
108, 0.24594080448150635, -2.0220611095428467, -1.102588415145874
109, 0.25004780292510986, -2.0270602703094482, -1.10172700881958
110, 0.24840402603149414, -2.027078866958618, -1.0965547561645508
111, 0.24454283714294434, -2.0220768451690674, -1.0981898307800293
112, 0.2398606538772583, -2.017988443374634, -1.1001821756362915
113, 0.2345372438430786, -2.0149717330932617, -1.1024552583694458
114, 0.23810911178588867, -2.0180084705352783, -1.0970067977905273
115, 0.24231362342834473, -2.022102117538452, -1.0941485166549683
116, 0.245782732963562, -2.027108669281006, -1.091802716255188
117, 0.24228501319885254, -2.0271482467651367, -1.0876532793045044
118, 0.23933875560760498, -2.0221357345581055, -1.090619683265686
119, 0.23322522640228271, -2.0272507667541504, -1.0817711353302002
120, 0.22801172733306885, -2.0273096561431885, -1.0802645683288574
121, 0.2226043939590454, -2.0273709297180176, -1.0798039436340332
122, 0.22260212898254395, -2.022325277328491, -1.08394455909729
123, 0.22018098831176758, -2.015134334564209, -1.0950233936309814
124, 0.21901845932006836, -2.0182244777679443, -1.0893927812576294
125, 0.21801543235778809, -2.0223770141601562, -1.084457516670227
126, 0.21721112728118896, -2.0274319648742676, -1.0804073810577393
127, 0.21203935146331787, -2.0274903774261475, -1.0820512771606445
128, 0.21361708641052246, -2.0224268436431885, -1.0858556032180786
129, 0.21556246280670166, -2.018263578414917, -1.0904911756515503
130, 0.21780061721801758, -2.0151612758636475, -1.0957801342010498
131, 0.21913039684295654, -2.013251304626465, -1.1021336317062378
132, 0.2156134843826294, -2.015185832977295, -1.0969864130020142
133, 0.2123873233795166, -2.0182993412017822, -1.0922428369522095
134, 0.20957612991333008, -2.022472620010376, -1.0880849361419678
135, 0.20728743076324463, -2.0275442600250244, -1.0846726894378662
136, 0.2031383514404297, -2.0275912284851074, -1.0881708860397339
137, 0.2060476541519165, -2.022512435913086, -1.0910600423812866
138, 0.20961511135101318, -2.0183308124542236, -1.0945801734924316
139, 0.21370387077331543, -2.015207529067993, -1.098596453666687
140, 0.2181568145751953, -2.0132622718811035, -1.1029545068740845
141, 0.21736228466033936, -2.0132713317871094, -1.1039494276046753
142, 0.21214509010314941, -2.0152251720428467, -1.100548267364502
143, 0.2073519229888916, -2.0183563232421875, -1.0974135398864746
144, 0.20316708087921143, -2.022545099258423, -1.0946661233901978
145, 0.1997513771057129, -2.0276296138763428, -1.0924112796783447
146, 0.19725656509399414, -2.0276577472686768, -1.0972310304641724
147, 0.20104563236236572, -2.022569179534912, -1.0987650156021118
148, 0.20568513870239258, -2.0183753967285156, -1.1006340980529785
149, 0.2109968662261963, -2.015238046646118, -1.102766513824463
150, 0.21677684783935547, -2.013278007507324, -1.105080246925354
151, 0.2164233922958374, -2.013282060623169, -1.1063036918640137
152, 0.21030354499816895, -2.0152459144592285, -1.1051661968231201
153, 0.20467841625213623, -2.0183866024017334, -1.1041178703308105
154, 0.19976437091827393, -2.0225837230682373, -1.1031991243362427
155, 0.19575011730194092, -2.027674674987793, -1.1024450063705444
156, 0.19528961181640625, -2.027679920196533, -1.107852578163147
157, 0.19937288761138916, -2.022588014602661, -1.1077977418899536
158, 0.20437073707580566, -2.01839017868042, -1.1077311038970947
159, 0.2100914716720581, -2.0152485370635986, -1.1076550483703613
160, 0.21631526947021484, -2.0132832527160645, -1.1075724363327026
161, 0.21645689010620117, -2.0132815837860107, -1.1088379621505737
162, 0.21036911010742188, -2.015245199203491, -1.1101373434066772
163, 0.20477378368377686, -2.018385648727417, -1.1113349199295044
164, 0.19988572597503662, -2.0225822925567627, -1.1123846769332886
165, 0.1958928108215332, -2.0276732444763184, -1.113246202468872
166, 0.19753670692443848, -2.0276546478271484, -1.1184183359146118
167, 0.20128381252288818, -2.022566318511963, -1.1167832612991333
168, 0.2058720588684082, -2.0183732509613037, -1.1147910356521606
169, 0.21112585067749023, -2.0152366161346436, -1.1125178337097168
170, 0.21233224868774414, -2.0152230262756348, -1.1147050857543945
171, 0.20762372016906738, -2.018353223800659, -1.1179662942886353
172, 0.2035127878189087, -2.0225412845611572, -1.1208245754241943
173, 0.20015788078308105, -2.0276248455047607, -1.1231704950332642
174, 0.20365583896636963, -2.02758526802063, -1.1273199319839478
175, 0.206487774848938, -2.022507667541504, -1.1243534088134766
176, 0.2099609375, -2.018326997756958, -1.1207387447357178
177, 0.2127155065536499, -2.027482748031616, -1.1332019567489624
178, 0.21792912483215332, -2.027423858642578, -1.1347085237503052
179, 0.22333645820617676, -2.027362585067749, -1.1351691484451294
180, 0.22781109809875488, -2.022266149520874, -1.1305155754089355
181, 0.22322440147399902, -2.022318124771118, -1.1310285329818726
182, 0.22872960567474365, -2.027301549911499, -1.134565830230713
183, 0.2339015007019043, -2.027243137359619, -1.1329219341278076
184, 0.2322094440460205, -2.022216558456421, -1.129117488861084
185, 0.2301703691482544, -2.0180981159210205, -1.1244819164276123
186, 0.22786247730255127, -2.015047311782837, -1.1191929578781128
187, 0.230049729347229, -2.0150225162506104, -1.1179866790771484
188, 0.23334550857543945, -2.0180623531341553, -1.1227302551269531
189, 0.23625051975250244, -2.0221707820892334, -1.1268882751464844
190, 0.238653302192688, -2.027189254760742, -1.130300521850586
191, 0.24280250072479248, -2.027142286300659, -1.1268023252487183
192, 0.23977911472320557, -2.0221307277679443, -1.1239131689071655
193, 0.23611783981323242, -2.018030881881714, -1.120392918586731
194, 0.23195934295654297, -2.015001058578491, -1.1163767576217651
195, 0.22746336460113525, -2.0131568908691406, -1.1120187044143677
196, 0.2282581329345703, -2.013148069381714, -1.1110237836837769
197, 0.23351812362670898, -2.0149834156036377, -1.1144250631332397
198, 0.2383807897567749, -2.01800537109375, -1.117559552192688
199, 0.24265944957733154, -2.0220983028411865, -1.1203070878982544
200, 0.24618947505950928, -2.027104139328003, -1.1225619316101074
201, 0.22801613807678223, -2.0130324363708496, -1.108451008796692
202, 0.2272505760192871, -2.0130412578582764, -1.1103705167770386
203, 0.22843074798583984, -2.0130600929260254, -1.1074122190475464
204, 0.22784006595611572, -2.0241808891296387, -1.0828866958618164
205, 0.21927571296691895, -2.0130953788757324, -1.1040457487106323
206, 0.2182406187057495, -2.0130789279937744, -1.1066405773162842
207, 0.21787762641906738, -2.013111114501953, -1.1075518131256104
208, 0.21744954586029053, -2.013170003890991, -1.1086266040802002
209, 0.218361496925354, -2.0242879390716553, -1.132182240486145
210, 0.21866822242736816, -2.024284601211548, -1.1322084665298462
211, 0.22584319114685059, -2.0133650302886963, -1.1139085292816162
212, 0.22683680057525635, -2.013077974319458, -1.1114091873168945
213, 0.23223817348480225, -2.0241310596466064, -1.0841575860977173
214, 0.2136317491531372, -2.024341583251953, -1.1308153867721558
215, 0.2192518711090088, -2.0223631858825684, -1.1306902170181274

Triangles, 424
Triangle:, Side1:, Side2:, Side3:
1, 1, 2, 3
2, 4, 1, 3
3, 5, 4, 3
4, 6, 5, 3
5, 7, 6, 3
6, 8, 7, 3
7, 9, 8, 3
8, 10, 9, 3
9, 11, 10, 3
10, 12, 11, 3
11, 13, 12, 3
12, 14, 13, 3
13, 15, 14, 3
14, 16, 15, 3
15, 17, 16, 3
16, 18, 17, 3
17, 19, 18, 3
18, 20, 19, 3
19, 21, 20, 3
20, 22, 21, 3
21, 23, 22, 3
22, 24, 23, 3
23, 25, 24, 3
24, 26, 25, 3
25, 27, 26, 3
26, 28, 27, 3
27, 29, 28, 3
28, 30, 29, 3
29, 31, 30, 3
30, 32, 31, 3
31, 33, 32, 3
32, 2, 33, 3
33, 34, 35, 36
34, 35, 34, 37
35, 38, 39, 40
36, 39, 38, 41
37, 42, 43, 44
38, 45, 46, 47
39, 46, 45, 48
40, 49, 50, 51
41, 52, 50, 49
42, 53, 54, 55
43, 56, 57, 58
44, 59, 60, 61
45, 62, 59, 61
46, 63, 64, 65
47, 49, 66, 67
48, 49, 51, 66
49, 68, 69, 70
50, 71, 70, 72
51, 73, 74, 75
52, 42, 76, 43
53, 53, 77, 54
54, 78, 79, 77
55, 76, 75, 74
56, 70, 80, 44
57, 81, 82, 83
58, 84, 85, 86
59, 86, 85, 78
60, 36, 87, 41
61, 88, 89, 70
62, 90, 40, 87
63, 91, 92, 93
64, 91, 93, 94
65, 94, 93, 95
66, 94, 95, 96
67, 96, 95, 97
68, 96, 97, 98
69, 98, 97, 99
70, 98, 99, 100
71, 2, 1, 100
72, 2, 100, 99
73, 99, 101, 33
74, 99, 33, 2
75, 97, 102, 101
76, 97, 101, 99
77, 95, 103, 102
78, 95, 102, 97
79, 93, 104, 103
80, 93, 103, 95
81, 92, 105, 104
82, 92, 104, 93
83, 105, 34, 106
84, 105, 106, 104
85, 104, 106, 107
86, 104, 107, 103
87, 103, 107, 108
88, 103, 108, 102
89, 102, 108, 109
90, 102, 109, 101
91, 101, 109, 32
92, 101, 32, 33
93, 109, 110, 31
94, 109, 31, 32
95, 108, 111, 110
96, 108, 110, 109
97, 107, 112, 111
98, 107, 111, 108
99, 106, 113, 112
100, 106, 112, 107
101, 34, 36, 113
102, 34, 113, 106
103, 113, 38, 114
104, 113, 114, 112
105, 112, 114, 115
106, 112, 115, 111
107, 111, 115, 116
108, 111, 116, 110
109, 110, 116, 30
110, 110, 30, 31
111, 116, 117, 29
112, 116, 29, 30
113, 115, 118, 117
114, 115, 117, 116
115, 114, 90, 118
116, 114, 118, 115
117, 38, 40, 90
118, 38, 90, 114
119, 118, 60, 59
120, 118, 59, 117
121, 117, 59, 28
122, 117, 28, 29
123, 59, 119, 27
124, 59, 27, 28
125, 119, 120, 26
126, 119, 26, 27
127, 120, 121, 25
128, 120, 25, 26
129, 68, 122, 121
130, 68, 121, 120
131, 73, 123, 124
132, 73, 124, 71
133, 71, 124, 125
134, 71, 125, 122
135, 122, 125, 126
136, 122, 126, 121
137, 121, 126, 24
138, 121, 24, 25
139, 126, 127, 23
140, 126, 23, 24
141, 125, 128, 127
142, 125, 127, 126
143, 124, 129, 128
144, 124, 128, 125
145, 123, 130, 129
146, 123, 129, 124
147, 42, 131, 132
148, 42, 132, 130
149, 130, 132, 133
150, 130, 133, 129
151, 129, 133, 134
152, 129, 134, 128
153, 128, 134, 135
154, 128, 135, 127
155, 127, 135, 22
156, 127, 22, 23
157, 135, 136, 21
158, 135, 21, 22
159, 134, 137, 136
160, 134, 136, 135
161, 133, 138, 137
162, 133, 137, 134
163, 132, 139, 138
164, 132, 138, 133
165, 131, 140, 139
166, 131, 139, 132
167, 140, 141, 142
168, 140, 142, 139
169, 139, 142, 143
170, 139, 143, 138
171, 138, 143, 144
172, 138, 144, 137
173, 137, 144, 145
174, 137, 145, 136
175, 136, 145, 20
176, 136, 20, 21
177, 145, 146, 19
178, 145, 19, 20
179, 144, 147, 146
180, 144, 146, 145
181, 143, 148, 147
182, 143, 147, 144
183, 142, 149, 148
184, 142, 148, 143
185, 141, 150, 149
186, 141, 149, 142
187, 150, 151, 152
188, 150, 152, 149
189, 149, 152, 153
190, 149, 153, 148
191, 148, 153, 154
192, 148, 154, 147
193, 147, 154, 155
194, 147, 155, 146
195, 146, 155, 18
196, 146, 18, 19
197, 155, 156, 17
198, 155, 17, 18
199, 154, 157, 156
200, 154, 156, 155
201, 153, 158, 157
202, 153, 157, 154
203, 152, 159, 158
204, 152, 158, 153
205, 151, 160, 159
206, 151, 159, 152
207, 160, 161, 162
208, 160, 162, 159
209, 159, 162, 163
210, 159, 163, 158
211, 158, 163, 164
212, 158, 164, 157
213, 157, 164, 165
214, 157, 165, 156
215, 156, 165, 16
216, 156, 16, 17
217, 165, 166, 15
218, 165, 15, 16
219, 164, 167, 166
220, 164, 166, 165
221, 163, 168, 167
222, 163, 167, 164
223, 162, 169, 168
224, 162, 168, 163
225, 161, 45, 169
226, 161, 169, 162
227, 45, 47, 170
228, 45, 170, 169
229, 169, 170, 171
230, 169, 171, 168
231, 168, 171, 172
232, 168, 172, 167
233, 167, 172, 173
234, 167, 173, 166
235, 166, 173, 14
236, 166, 14, 15
237, 173, 174, 13
238, 173, 13, 14
239, 172, 175, 174
240, 172, 174, 173
241, 171, 176, 175
242, 171, 175, 172
243, 170, 64, 176
244, 170, 176, 171
245, 176, 52, 49
246, 176, 49, 175
247, 175, 49, 81
248, 175, 81, 174
249, 174, 81, 12
250, 174, 12, 13
251, 81, 177, 11
252, 81, 11, 12
253, 177, 178, 10
254, 177, 10, 11
255, 178, 179, 9
256, 178, 9, 10
257, 84, 55, 180
258, 84, 180, 181
259, 181, 180, 182
260, 181, 182, 179
261, 179, 182, 8
262, 179, 8, 9
263, 182, 183, 7
264, 182, 7, 8
265, 180, 184, 183
266, 180, 183, 182
267, 55, 185, 184
268, 55, 184, 180
269, 54, 186, 185
270, 54, 185, 55
271, 186, 187, 188
272, 186, 188, 185
273, 185, 188, 189
274, 185, 189, 184
275, 184, 189, 190
276, 184, 190, 183
277, 183, 190, 6
278, 183, 6, 7
279, 190, 191, 5
280, 190, 5, 6
281, 189, 192, 191
282, 189, 191, 190
283, 188, 193, 192
284, 188, 192, 189
285, 187, 194, 193
286, 187, 193, 188
287, 56, 195, 194
288, 56, 194, 187
289, 195, 196, 197
290, 195, 197, 194
291, 194, 197, 198
292, 194, 198, 193
293, 193, 198, 199
294, 193, 199, 192
295, 192, 199, 200
296, 192, 200, 191
297, 191, 200, 4
298, 191, 4, 5
299, 1, 4, 200
300, 1, 200, 100
301, 199, 98, 100
302, 199, 100, 200
303, 198, 96, 98
304, 198, 98, 199
305, 197, 94, 96
306, 197, 96, 198
307, 196, 91, 94
308, 196, 94, 197
309, 91, 78, 201
310, 91, 201, 92
311, 78, 91, 196
312, 78, 196, 202
313, 105, 92, 201
314, 105, 201, 203
315, 105, 203, 37
316, 105, 37, 34
317, 38, 113, 36
318, 38, 36, 41
319, 37, 87, 36
320, 37, 36, 35
321, 41, 87, 40
322, 41, 40, 39
323, 69, 68, 120
324, 69, 120, 204
325, 122, 68, 70
326, 122, 70, 71
327, 123, 73, 75
328, 123, 75, 76
329, 130, 123, 76
330, 130, 76, 42
331, 131, 42, 44
332, 131, 44, 80
333, 140, 131, 80
334, 140, 80, 205
335, 141, 140, 205
336, 141, 205, 89
337, 151, 150, 88
338, 151, 88, 206
339, 151, 206, 207
340, 151, 207, 160
341, 161, 160, 207
342, 161, 207, 208
343, 88, 52, 207
344, 88, 207, 206
345, 161, 208, 48
346, 161, 48, 45
347, 64, 170, 47
348, 64, 47, 65
349, 48, 52, 47
350, 48, 47, 46
351, 178, 209, 210
352, 178, 210, 179
353, 55, 84, 86
354, 55, 86, 53
355, 186, 54, 77
356, 186, 77, 79
357, 187, 186, 79
358, 187, 79, 211
359, 57, 56, 187
360, 57, 187, 211
361, 195, 56, 58
362, 195, 58, 212
363, 79, 78, 58
364, 79, 58, 57
365, 196, 195, 212
366, 196, 212, 202
367, 78, 202, 212
368, 78, 212, 58
369, 60, 78, 210
370, 60, 210, 61
371, 205, 80, 70
372, 205, 70, 89
373, 49, 67, 82
374, 49, 82, 81
375, 51, 69, 82
376, 51, 82, 66
377, 90, 87, 60
378, 90, 60, 118
379, 59, 62, 213
380, 59, 213, 119
381, 61, 210, 213
382, 61, 213, 62
383, 69, 51, 50
384, 69, 50, 52
385, 213, 204, 120
386, 213, 120, 119
387, 71, 72, 74
388, 71, 74, 73
389, 70, 76, 74
390, 70, 74, 72
391, 76, 70, 44
392, 76, 44, 43
393, 141, 89, 88
394, 141, 88, 150
395, 69, 52, 88
396, 69, 88, 70
397, 64, 63, 52
398, 64, 52, 176
399, 214, 209, 178
400, 214, 178, 177
401, 179, 210, 215
402, 179, 215, 181
403, 78, 85, 215
404, 78, 215, 210
405, 181, 215, 85
406, 181, 85, 84
407, 78, 77, 53
408, 78, 53, 86
409, 203, 60, 87
410, 203, 87, 37
411, 52, 48, 208
412, 52, 208, 207
413, 204, 83, 82
414, 204, 82, 69
415, 81, 83, 214
416, 81, 214, 177
417, 209, 214, 213
418, 209, 213, 210
419, 60, 203, 201
420, 60, 201, 78
421, 52, 63, 65
422, 52, 65, 47
423, 213, 214, 83
424, 213, 83, 204

Colors, 424
Triangle:, Red:, Green:, Blue:
1, 58, 1, 2
2, 58, 1, 2
3, 58, 1, 2
4, 58, 1, 2
5, 58, 1, 2
6, 58, 1, 2
7, 58, 1, 2
8, 58, 1, 2
9, 58, 1, 2
10, 58, 1, 2
11, 58, 1, 2
12, 58, 1, 2
13, 58, 1, 2
14, 58, 1, 2
15, 58, 1, 2
16, 58, 1, 2
17, 58, 1, 2
18, 58, 1, 2
19, 58, 1, 2
20, 58, 1, 2
21, 58, 1, 2
22, 58, 1, 2
23, 58, 1, 2
24, 58, 1, 2
25, 58, 1, 2
26, 58, 1, 2
27, 58, 1, 2
28, 58, 1, 2
29, 58, 1, 2
30, 58, 1, 2
31, 58, 1, 2
32, 58, 1, 2
33, 58, 1, 2
34, 58, 1, 2
35, 58, 1, 2
36, 58, 1, 2
37, 58, 1, 2
38, 58, 1, 2
39, 58, 1, 2
40, 58, 1, 2
41, 58, 1, 2
42, 58, 1, 2
43, 58, 1, 2
44, 58, 1, 2
45, 58, 1, 2
46, 58, 1, 2
47, 58, 1, 2
48, 58, 1, 2
49, 58, 1, 2
50, 58, 1, 2
51, 58, 1, 2
52, 58, 1, 2
53, 58, 1, 2
54, 58, 1, 2
55, 58, 1, 2
56, 58, 1, 2
57, 58, 1, 2
58, 58, 1, 2
59, 58, 1, 2
60, 58, 1, 2
61, 58, 1, 2
62, 58, 1, 2
63, 58, 1, 2
64, 58, 1, 2
65, 58, 1, 2
66, 58, 1, 2
67, 58, 1, 2
68, 58, 1, 2
69, 58, 1, 2
70, 58, 1, 2
71, 58, 1, 2
72, 58, 1, 2
73, 58, 1, 2
74, 58, 1, 2
75, 58, 1, 2
76, 58, 1, 2
77, 58, 1, 2
78, 58, 1, 2
79, 58, 1, 2
80, 58, 1, 2
81, 58, 1, 2
82, 58, 1, 2
83, 58, 1, 2
84, 58, 1, 2
85, 58, 1, 2
86, 58, 1, 2
87, 58, 1, 2
88, 58, 1, 2
89, 58, 1, 2
90, 58, 1, 2
91, 58, 1, 2
92, 58, 1, 2
93, 58, 1, 2
94, 58, 1, 2
95, 58, 1, 2
96, 58, 1, 2
97, 58, 1, 2
98, 58, 1, 2
99, 58, 1, 2
100, 58, 1, 2
101, 58, 1, 2
102, 58, 1, 2
103, 58, 1, 2
104, 58, 1, 2
105, 58, 1, 2
106, 58, 1, 2
107, 58, 1, 2
108, 58, 1, 2
109, 58, 1, 2
110, 58, 1, 2
111, 58, 1, 2
112, 58, 1, 2
113, 58, 1, 2
114, 58, 1, 2
115, 58, 1, 2
116, 58, 1, 2
117, 58, 1, 2
118, 58, 1, 2
119, 58, 1, 2
120, 58, 1, 2
121, 58, 1, 2
122, 58, 1, 2
123, 58, 1, 2
124, 58, 1, 2
125, 58, 1, 2
126, 58, 1, 2
127, 58, 1, 2
128, 58, 1, 2
129, 58, 1, 2
130, 58, 1, 2
131, 58, 1, 2
132, 58, 1, 2
133, 58, 1, 2
134, 58, 1, 2
135, 58, 1, 2
136, 58, 1, 2
137, 58, 1, 2
138, 58, 1, 2
139, 58, 1, 2
140, 58, 1, 2
141, 58, 1, 2
142, 58, 1, 2
143, 58, 1, 2
144, 58, 1, 2
145, 58, 1, 2
146, 58, 1, 2
147, 58, 1, 2
148, 58, 1, 2
149, 58, 1, 2
150, 58, 1, 2
151, 58, 1, 2
152, 58, 1, 2
153, 58, 1, 2
154, 58, 1, 2
155, 58, 1, 2
156, 58, 1, 2
157, 58, 1, 2
158, 58, 1, 2
159, 58, 1, 2
160, 58, 1, 2
161, 58, 1, 2
162, 58, 1, 2
163, 58, 1, 2
164, 58, 1, 2
165, 58, 1, 2
166, 58, 1, 2
167, 58, 1, 2
168, 58, 1, 2
169, 58, 1, 2
170, 58, 1, 2
171, 58, 1, 2
172, 58, 1, 2
173, 58, 1, 2
174, 58, 1, 2
175, 58, 1, 2
176, 58, 1, 2
177, 58, 1, 2
178, 58, 1, 2
179, 58, 1, 2
180, 58, 1, 2
181, 58, 1, 2
182, 58, 1, 2
183, 58, 1, 2
184, 58, 1, 2
185, 58, 1, 2
186, 58, 1, 2
187, 58, 1, 2
188, 58, 1, 2
189, 58, 1, 2
190, 58, 1, 2
191, 58, 1, 2
192, 58, 1, 2
193, 58, 1, 2
194, 58, 1, 2
195, 58, 1, 2
196, 58, 1, 2
197, 58, 1, 2
198, 58, 1, 2
199, 58, 1, 2
200, 58, 1, 2
201, 58, 1, 2
202, 58, 1, 2
203, 58, 1, 2
204, 58, 1, 2
205, 58, 1, 2
206, 58, 1, 2
207, 58, 1, 2
208, 58, 1, 2
209, 58, 1, 2
210, 58, 1, 2
211, 58, 1, 2
212, 58, 1, 2
213, 58, 1, 2
214, 58, 1, 2
215, 58, 1, 2
216, 58, 1, 2
217, 58, 1, 2
218, 58, 1, 2
219, 58, 1, 2
220, 58, 1, 2
221, 58, 1, 2
222, 58, 1, 2
223, 58, 1, 2
224, 58, 1, 2
225, 58, 1, 2
226, 58, 1, 2
227, 58, 1, 2
228, 58, 1, 2
229, 58, 1, 2
230, 58, 1, 2
231, 58, 1, 2
232, 58, 1, 2
233, 58, 1, 2
234, 58, 1, 2
235, 58, 1, 2
236, 58, 1, 2
237, 58, 1, 2
238, 58, 1, 2
239, 58, 1, 2
240, 58, 1, 2
241, 58, 1, 2
242, 58, 1, 2
243, 58, 1, 2
244, 58, 1, 2
245, 58, 1, 2
246, 58, 1, 2
247, 58, 1, 2
248, 58, 1, 2
249, 58, 1, 2
250, 58, 1, 2
251, 58, 1, 2
252, 58, 1, 2
253, 58, 1, 2
254, 58, 1, 2
255, 58, 1, 2
256, 58, 1, 2
257, 58, 1, 2
258, 58, 1, 2
259, 58, 1, 2
260, 58, 1, 2
261, 58, 1, 2
262, 58, 1, 2
263, 58, 1, 2
264, 58, 1, 2
265, 58, 1, 2
266, 58, 1, 2
267, 58, 1, 2
268, 58, 1, 2
269, 58, 1, 2
270, 58, 1, 2
271, 58, 1, 2
272, 58, 1, 2
273, 58, 1, 2
274, 58, 1, 2
275, 58, 1, 2
276, 58, 1, 2
277, 58, 1, 2
278, 58, 1, 2
279, 58, 1, 2
280, 58, 1, 2
281, 58, 1, 2
282, 58, 1, 2
283, 58, 1, 2
284, 58, 1, 2
285, 58, 1, 2
286, 58, 1, 2
287, 58, 1, 2
288, 58, 1, 2
289, 58, 1, 2
290, 58, 1, 2
291, 58, 1, 2
292, 58, 1, 2
293, 58, 1, 2
294, 58, 1, 2
295, 58, 1, 2
296, 58, 1, 2
297, 58, 1, 2
298, 58, 1, 2
299, 58, 1, 2
300, 58, 1, 2
301, 58, 1, 2
302, 58, 1, 2
303, 58, 1, 2
304, 58, 1, 2
305, 58, 1, 2
306, 58, 1, 2
307, 58, 1, 2
308, 58, 1, 2
309, 58, 1, 2
310, 58, 1, 2
311, 58, 1, 2
312, 58, 1, 2
313, 58, 1, 2
314, 58, 1, 2
315, 58, 1, 2
316, 58, 1, 2
317, 58, 1, 2
318, 58, 1, 2
319, 58, 1, 2
320, 58, 1, 2
321, 58, 1, 2
322, 58, 1, 2
323, 58, 1, 2
324, 58, 1, 2
325, 58, 1, 2
326, 58, 1, 2
327, 58, 1, 2
328, 58, 1, 2
329, 58, 1, 2
330, 58, 1, 2
331, 58, 1, 2
332, 58, 1, 2
333, 58, 1, 2
334, 58, 1, 2
335, 58, 1, 2
336, 58, 1, 2
337, 58, 1, 2
338, 58, 1, 2
339, 58, 1, 2
340, 58, 1, 2
341, 58, 1, 2
342, 58, 1, 2
343, 58, 1, 2
344, 58, 1, 2
345, 58, 1, 2
346, 58, 1, 2
347, 58, 1, 2
348, 58, 1, 2
349, 58, 1, 2
350, 58, 1, 2
351, 58, 1, 2
352, 58, 1, 2
353, 58, 1, 2
354, 58, 1, 2
355, 58, 1, 2
356, 58, 1, 2
357, 58, 1, 2
358, 58, 1, 2
359, 58, 1, 2
360, 58, 1, 2
361, 58, 1, 2
362, 58, 1, 2
363, 58, 1, 2
364, 58, 1, 2
365, 58, 1, 2
366, 58, 1, 2
367, 58, 1, 2
368, 58, 1, 2
369, 58, 1, 2
370, 58, 1, 2
371, 58, 1, 2
372, 58, 1, 2
373, 58, 1, 2
374, 58, 1, 2
375, 58, 1, 2
376, 58, 1, 2
377, 58, 1, 2
378, 58, 1, 2
379, 58, 1, 2
380, 58, 1, 2
381, 58, 1, 2
382, 58, 1, 2
383, 58, 1, 2
384, 58, 1, 2
385, 58, 1, 2
386, 58, 1, 2
387, 58, 1, 2
388, 58, 1, 2
389, 58, 1, 2
390, 58, 1, 2
391, 58, 1, 2
392, 58, 1, 2
393, 58, 1, 2
394, 58, 1, 2
395, 58, 1, 2
396, 58, 1, 2
397, 58, 1, 2
398, 58, 1, 2
399, 58, 1, 2
400, 58, 1, 2
401, 58, 1, 2
402, 58, 1, 2
403, 58, 1, 2
404, 58, 1, 2
405, 58, 1, 2
406, 58, 1, 2
407, 58, 1, 2
408, 58, 1, 2
409, 58, 1, 2
410, 58, 1, 2
411, 58, 1, 2
412, 58, 1, 2
413, 58, 1, 2
414, 58, 1, 2
415, 58, 1, 2
416, 58, 1, 2
417, 58, 1, 2
418, 58, 1, 2
419, 58, 1, 2
420, 58, 1, 2
421, 58, 1, 2
422, 58, 1, 2
423, 58, 1, 2
424, 58, 1, 2
