Objects, 1
Object:, First Vertice:, Vertices:, First Triangle:, Triangles:
Sphere.005, 1, 215, 1, 486

Vertices, 215
Vertice:, X:, Y:, Z:
1, -0.8406430757604539, -2.10816284827888, -0.7522343620657921
2, -0.8479645410552621, -2.1081781331449747, -0.7535843998193741
3, -0.8374489313066391, -2.108591128140688, -0.7900748764368473
4, -0.8331988900899887, -2.108164018020034, -0.7523381821811199
5, -0.8259180709719658, -2.108181606978178, -0.7538924440741539
6, -0.8190802913159132, -2.1082149296998978, -0.7568370327353477
7, -0.8129484932869673, -2.108262712135911, -0.7610590942203999
8, -0.8077581096440554, -2.1083231139928102, -0.7663960661739111
9, -0.8037088699638844, -2.1083938162773848, -0.7726431135088205
10, -0.8009561114013195, -2.1084720995277166, -0.7795599438250065
11, -0.7996058166027069, -2.108554957434535, -0.7868809243664145
12, -0.7997098118066788, -2.10863920673728, -0.7943246457725763
13, -0.8012641742825508, -2.1087216064333916, -0.8016049973666668
14, -0.8042089529335499, -2.1087989937514067, -0.8084423374384642
15, -0.8084312845021486, -2.108868391253054, -0.8145737405866385
16, -0.8137685991823673, -2.108927134424448, -0.8197637926787138
17, -0.8200160451233387, -2.1089729638770223, -0.8238127715885639
18, -0.8269333215430379, -2.109004121273756, -0.8265653513371944
19, -0.8342547724023461, -2.1090194089338183, -0.8279155604541302
20, -0.84169897204265, -2.1090182354673743, -0.8278115689754486
21, -0.8489797934889793, -2.1090006483718753, -0.8262573070824146
22, -0.8558175694197416, -2.1089673237875104, -0.8233127184212208
23, -0.8619493693113327, -2.1089195422828197, -0.8190906587988138
24, -0.8671397529542446, -2.1088591404259205, -0.8137536868453026
25, -0.8711889944970608, -2.1087884390726686, -0.8075066413730383
26, -0.8739417530596256, -2.108710154891014, -0.8005898101255298
27, -0.8752920478582382, -2.1086272969841957, -0.7932688291184604
28, -0.8751880489289761, -2.108543047681451, -0.7858251067809761
29, -0.8736336901783943, -2.108460647985339, -0.7785447547212243
30, -0.8706889115273952, -2.108383260667324, -0.7717074155807495
31, -0.8664665780961514, -2.108313864096999, -0.7655760105699301
32, -0.8611292615532875, -2.1082551199942827, -0.7603859603404999
33, -0.8548818174749613, -2.108209289610386, -0.7563369795680046
34, -0.8424494531936944, -2.0839357152581215, -0.7840838716365397
35, -0.8427377748303115, -2.0839388854801655, -0.784364185295999
36, -0.8443785174749792, -2.0842588655650616, -0.7844990598969162
37, -0.8422581418417394, -2.0839082151651382, -0.7843240457586944
38, -0.8512173974886537, -2.0862596444785595, -0.7827185681089759
39, -0.8522609882056713, -2.0862870700657368, -0.7851414689794183
40, -0.8534154240041971, -2.086836937814951, -0.7852326920256019
41, -0.8475518943741918, -2.0850121825933456, -0.7847584001719952
42, -0.8426225786097348, -2.084076017141342, -0.7964802384376526
43, -0.8426637086085975, -2.0840755365788937, -0.7964378884062171
44, -0.8425809186883271, -2.0840691067278385, -0.7964309728704393
45, -0.8313214383088052, -2.084065217524767, -0.7955264239571989
46, -0.831287988461554, -2.0840646661818027, -0.7954777800478041
47, -0.8285874016582966, -2.084700621664524, -0.7952426234260201
48, -0.8313707783818245, -2.08405839279294, -0.795484839938581
49, -0.8085646890103817, -2.09529291652143, -0.7934784374665469
50, -0.8087972309440374, -2.0951005443930626, -0.7934544158633798
51, -0.8085640836507082, -2.0952923987060785, -0.7934325642418116
52, -0.8150098826736212, -2.0901866368949413, -0.7940344465896487
53, -0.8237156355753541, -2.086259786039591, -0.782732245977968
54, -0.8251506052911282, -2.0862347297370434, -0.7805185345932841
55, -0.8195945117622614, -2.089983031153679, -0.7760446136817336
56, -0.8335700831376016, -2.0839272290468216, -0.7833344535902143
57, -0.8332388522103429, -2.0839298106729984, -0.7835624776780605
58, -0.8337184847332537, -2.0839000530540943, -0.7836033008061349
59, -0.8714131899178028, -2.101441528648138, -0.7863305886276066
60, -0.866171196103096, -2.095210738480091, -0.7862146408297122
61, -0.868181923404336, -2.097576629370451, -0.7863575902301818
62, -0.8682611454278231, -2.097580835223198, -0.7867292971350253
63, -0.8223745776340365, -2.086395226418972, -0.7946990160271525
64, -0.8224607538431883, -2.086399793624878, -0.7951026614755392
65, -0.8234441746026278, -2.08608315885067, -0.794792833738029
66, -0.8085230309516191, -2.095342481508851, -0.7934285325463861
67, -0.808521319180727, -2.095344537869096, -0.7934283644426614
68, -0.865379311144352, -2.095347221940756, -0.7982735820114613
69, -0.865387599915266, -2.095346711575985, -0.7982284603640437
70, -0.865154454484582, -2.0951544120907784, -0.7982109570875764
71, -0.8577383700758219, -2.0902628526091576, -0.8007662212476134
72, -0.8589418064802885, -2.0902286283671856, -0.7977422932162881
73, -0.8514244994148612, -2.086427476257086, -0.7975471965037286
74, -0.8515771152451634, -2.086423136293888, -0.7971637053415179
75, -0.85050752107054, -2.086109023541212, -0.7970769754610956
76, -0.8453642958775163, -2.0847166553139687, -0.796658590901643
77, -0.8284247303381562, -2.084993902593851, -0.7831440703012049
78, -0.8379883141024038, -2.0837760865688324, -0.7839651224203408
79, -0.831598109100014, -2.084246650338173, -0.7834203955717385
80, -0.8407210579607636, -2.0839500911533833, -0.7962753283791244
81, -0.8034846857190132, -2.1015280690044165, -0.7939800242893398
82, -0.8070957623422146, -2.0970864593982697, -0.7932883168105036
83, -0.8066306672990322, -2.0976545196026564, -0.79324262868613
84, -0.8171595148742199, -2.090025544166565, -0.7798010967671871
85, -0.8162604533135891, -2.0900511108338833, -0.782060039229691
86, -0.8225611988455057, -2.086807444691658, -0.7826286014169455
87, -0.8597161658108234, -2.090092647820711, -0.7857276941649616
88, -0.8369758494081907, -2.0838342532515526, -0.7959605036303401
89, -0.8380907733226195, -2.0838461332023144, -0.7960544805973768
90, -0.859208483248949, -2.090065736323595, -0.7833500234410167
91, -0.8381234367261641, -2.0839162319898605, -0.7823625477030873
92, -0.8396694497205317, -2.083919458091259, -0.7826477205380797
93, -0.8418046729639173, -2.086174678057432, -0.7752118231728673
94, -0.838772009825334, -2.086168348789215, -0.7746525155380368
95, -0.8437725137919188, -2.089895848184824, -0.7683402728289366
96, -0.8393697316059843, -2.0898866578936577, -0.7675283811986446
97, -0.8454972365871072, -2.094940025359392, -0.7622972261160612
98, -0.8398936330340803, -2.094928327947855, -0.7612639144062996
99, -0.8469127509742975, -2.1011131145060062, -0.7573148049414158
100, -0.8403236009180546, -2.101099357008934, -0.7560996115207672
101, -0.8531381767243147, -2.1011411547660828, -0.7597919423133135
102, -0.8507914450019598, -2.0949638728052378, -0.7644039578735828
103, -0.8479321794584394, -2.089914582669735, -0.7699955329298973
104, -0.8446699548512697, -2.0861875861883163, -0.7763519939035177
105, -0.8411301847081631, -2.083926036953926, -0.7832288760691881
106, -0.8472576905041933, -2.086206566542387, -0.7780291009694338
107, -0.8516889028251171, -2.089942142367363, -0.7724303733557463
108, -0.8555731195956469, -2.0949989520013332, -0.7675028927624226
109, -0.8587606847286224, -2.1011824011802673, -0.7634360808879137
110, -0.8635642062872648, -2.101235268637538, -0.7681068442761898
111, -0.8596581388264894, -2.0950439125299454, -0.7714751344174147
112, -0.8548986334353685, -2.0899774692952633, -0.7755513293668628
113, -0.8494683867320418, -2.0862309001386166, -0.7801789399236441
114, -0.857437627390027, -2.0900191999971867, -0.7792385658249259
115, -0.8628897201269865, -2.095097027719021, -0.7761679189279675
116, -0.8673640359193087, -2.101297724992037, -0.773624999448657
117, -0.8700144253671169, -2.1013673711568117, -0.7797784227877855
118, -0.865143520757556, -2.0951562579721212, -0.781401070766151
119, -0.871506817638874, -2.101517351344228, -0.7930297858547419
120, -0.8702915422618389, -2.1015919223427773, -0.7996185123920441
121, -0.8678142465651035, -2.1016623750329018, -0.8058435395359993
122, -0.8632724415510893, -2.095407137647271, -0.8035674504935741
123, -0.8497472833842039, -2.086456760764122, -0.8001347659155726
124, -0.8553033750504255, -2.090305369347334, -0.8045227043330669
125, -0.8601733073592186, -2.0954612512141466, -0.8083488196134567
126, -0.8641698770225048, -2.10172600671649, -0.811465684324503
127, -0.8594988118857145, -2.101780366152525, -0.8162688966840506
128, -0.8562008086591959, -2.0955074802041054, -0.8124335780739784
129, -0.8521822188049555, -2.090341690927744, -0.8077322281897068
130, -0.8475973065942526, -2.0864817798137665, -0.8023453196510673
131, -0.8413278099615127, -2.0840861089527607, -0.7973717954009771
132, -0.8450575154274702, -2.086501572281122, -0.8040942186489701
133, -0.8484947439283133, -2.090370424091816, -0.8102710582315922
134, -0.8515077261254191, -2.0955440513789654, -0.8156649470329285
135, -0.853980302810669, -2.10182336717844, -0.8200684860348701
136, -0.8478264855220914, -2.101853359490633, -0.8227187022566795
137, -0.8462742371484637, -2.0955695509910583, -0.8179186061024666
138, -0.8443830232135952, -2.0903904624283314, -0.8120418041944504
139, -0.8422252610325813, -2.086515374481678, -0.8053138814866543
140, -0.839883885346353, -2.084093142300844, -0.7979935789480805
141, -0.8383464003563859, -2.0840968564152718, -0.798321682959795
142, -0.8392093937145546, -2.086522661149502, -0.805957680568099
143, -0.8400047409813851, -2.0904010385274887, -0.8129764627665281
144, -0.8407017819117755, -2.095583012327552, -0.819108197465539
145, -0.841273897793144, -2.101869186386466, -0.8241173774003983
146, -0.8345742705278099, -2.1018702425062656, -0.8242109976708889
147, -0.8350042463280261, -2.0955839101225138, -0.8191876877099276
148, -0.8355281538097188, -2.0904017463326454, -0.8130389396101236
149, -0.836125879897736, -2.0865231454372406, -0.8060007840394974
150, -0.8367744559654966, -2.0840971060097218, -0.7983437012881041
151, -0.8352284429129213, -2.084093876183033, -0.7980585284531116
152, -0.8330932161770761, -2.086516812443733, -0.8054414773359895
153, -0.8311253720894456, -2.090392552316189, -0.8122270442545414
154, -0.8294006427749991, -2.0955722127109766, -0.8181543815881014
155, -0.8279851200059056, -2.1018564831465483, -0.8229958079755306
156, -0.8217596933245659, -2.1018284428864717, -0.8205186706036329
157, -0.8241064324975014, -2.095548365265131, -0.8160476461052895
158, -0.8269657054916024, -2.090373817831278, -0.8105717860162258
159, -0.8302279347553849, -2.0865039080381393, -0.8043013093993068
160, -0.8337677083909512, -2.084087297320366, -0.7974773743189871
161, -0.8324484401382506, -2.084077622741461, -0.7966223787516356
162, -0.8276401991024613, -2.0864849276840687, -0.802624199539423
163, -0.8232089830562472, -2.09034625813365, -0.8081369437277317
164, -0.8193247597664595, -2.095513289794326, -0.8129487093538046
165, -0.8161371871829033, -2.101787196472287, -0.8168745320290327
166, -0.8113336637616158, -2.1017343308776617, -0.8122037667781115
167, -0.8152397368103266, -2.0954683274030685, -0.8089764695614576
168, -0.8199992515146732, -2.090310927480459, -0.8050159933045506
169, -0.8254295019432902, -2.086460594087839, -0.8004743596538901
170, -0.823680492118001, -2.086431849747896, -0.7979347323998809
171, -0.8174602594226599, -2.090269196778536, -0.8013287512585521
172, -0.8120081573724747, -2.095415212213993, -0.8042836878448725
173, -0.8075338378548622, -2.101671874523163, -0.8066856116056442
174, -0.8048834502696991, -2.101602228358388, -0.8005321891978383
175, -0.8097543567419052, -2.095355983823538, -0.7990505350753665
176, -0.8156893998384476, -2.0902226604521275, -0.7972172945737839
177, -0.8033910542726517, -2.101452248170972, -0.7872808265965432
178, -0.8046063259243965, -2.1013776753097773, -0.7806920995935798
179, -0.807083623483777, -2.1013072226196527, -0.7744670724496245
180, -0.8147245720028877, -2.0950509905815125, -0.7721027880907059
181, -0.8116254359483719, -2.095105104148388, -0.7768841525539756
182, -0.8107279948890209, -2.10124359279871, -0.7688449267297983
183, -0.815399058163166, -2.1011892315000296, -0.7640417143702507
184, -0.8186970688402653, -2.0950047615915537, -0.768018027767539
185, -0.8227156661450863, -2.0899467058479786, -0.7728350907564163
186, -0.8273005811497569, -2.086209714412689, -0.7783079799264669
187, -0.8298403741791844, -2.0861899219453335, -0.7765590827912092
188, -0.8264031410217285, -2.089917976409197, -0.7702962588518858
189, -0.8233901523053646, -2.0949681904166937, -0.7647866569459438
190, -0.8209175691008568, -2.1011462323367596, -0.7602421287447214
191, -0.8270713863894343, -2.1011162400245667, -0.7575919106602669
192, -0.82862364128232, -2.0949426870793104, -0.7625329997390509
193, -0.8305148626677692, -2.0898979380726814, -0.7685255147516727
194, -0.8326726285740733, -2.0861761197447777, -0.7753394218161702
195, -0.8350140079855919, -2.083920191973448, -0.7827126714400947
196, -0.836551493848674, -2.0839164778590202, -0.7823845660313964
197, -0.8356884957756847, -2.086168833076954, -0.7746956190094352
198, -0.8348931439686567, -2.089887361973524, -0.7675908543169498
199, -0.8341960969846696, -2.094929225742817, -0.7613434121012688
200, -0.8336239724885672, -2.1011004112660885, -0.7561932355165482
201, -0.8392594092292711, -2.08378966152668, -0.7840722622349858
202, -0.836717217171099, -2.083787228912115, -0.7838577022776008
203, -0.8406351895537227, -2.083830624818802, -0.7841879297047853
204, -0.8673210106790066, -2.097712527960539, -0.7983648842200637
205, -0.8392975534079596, -2.0838821306824684, -0.7961559384129941
206, -0.8358609238639474, -2.0838440023362637, -0.7958662817254663
207, -0.8346541444770992, -2.083877693861723, -0.7957640360109508
208, -0.8332306402735412, -2.0839429311454296, -0.795643137767911
209, -0.8076542783528566, -2.097522908821702, -0.7816140884533525
210, -0.8077946845442057, -2.0975189115852118, -0.7812609169632196
211, -0.8320313869044185, -2.0841629579663277, -0.7834579162299633
212, -0.8353414367884398, -2.0838255658745766, -0.7837411384098232
213, -0.8683460988104343, -2.097649620845914, -0.7928067622706294
214, -0.8065517786890268, -2.097590560093522, -0.7875913321040571
215, -0.8098054174333811, -2.0951568633317947, -0.7814573785290122

Triangles, 424
Triangle:, Side1:, Side2:, Side3:
1, 1, 2, 3
2, 4, 1, 3
3, 5, 4, 3
4, 6, 5, 3
5, 7, 6, 3
6, 8, 7, 3
7, 9, 8, 3
8, 10, 9, 3
9, 11, 10, 3
10, 12, 11, 3
11, 13, 12, 3
12, 14, 13, 3
13, 15, 14, 3
14, 16, 15, 3
15, 17, 16, 3
16, 18, 17, 3
17, 19, 18, 3
18, 20, 19, 3
19, 21, 20, 3
20, 22, 21, 3
21, 23, 22, 3
22, 24, 23, 3
23, 25, 24, 3
24, 26, 25, 3
25, 27, 26, 3
26, 28, 27, 3
27, 29, 28, 3
28, 30, 29, 3
29, 31, 30, 3
30, 32, 31, 3
31, 33, 32, 3
32, 2, 33, 3
33, 34, 35, 36
34, 35, 34, 37
35, 38, 39, 40
36, 39, 38, 41
37, 42, 43, 44
38, 45, 46, 47
39, 46, 45, 48
40, 49, 50, 51
41, 52, 50, 49
42, 53, 54, 55
43, 56, 57, 58
44, 59, 60, 61
45, 62, 59, 61
46, 63, 64, 65
47, 49, 66, 67
48, 49, 51, 66
49, 68, 69, 70
50, 71, 70, 72
51, 73, 74, 75
52, 42, 76, 43
53, 53, 77, 54
54, 78, 79, 77
55, 76, 75, 74
56, 70, 80, 44
57, 81, 82, 83
58, 84, 85, 86
59, 86, 85, 78
60, 36, 87, 41
61, 88, 89, 70
62, 90, 40, 87
63, 91, 92, 93
64, 91, 93, 94
65, 94, 93, 95
66, 94, 95, 96
67, 96, 95, 97
68, 96, 97, 98
69, 98, 97, 99
70, 98, 99, 100
71, 2, 1, 100
72, 2, 100, 99
73, 99, 101, 33
74, 99, 33, 2
75, 97, 102, 101
76, 97, 101, 99
77, 95, 103, 102
78, 95, 102, 97
79, 93, 104, 103
80, 93, 103, 95
81, 92, 105, 104
82, 92, 104, 93
83, 105, 34, 106
84, 105, 106, 104
85, 104, 106, 107
86, 104, 107, 103
87, 103, 107, 108
88, 103, 108, 102
89, 102, 108, 109
90, 102, 109, 101
91, 101, 109, 32
92, 101, 32, 33
93, 109, 110, 31
94, 109, 31, 32
95, 108, 111, 110
96, 108, 110, 109
97, 107, 112, 111
98, 107, 111, 108
99, 106, 113, 112
100, 106, 112, 107
101, 34, 36, 113
102, 34, 113, 106
103, 113, 38, 114
104, 113, 114, 112
105, 112, 114, 115
106, 112, 115, 111
107, 111, 115, 116
108, 111, 116, 110
109, 110, 116, 30
110, 110, 30, 31
111, 116, 117, 29
112, 116, 29, 30
113, 115, 118, 117
114, 115, 117, 116
115, 114, 90, 118
116, 114, 118, 115
117, 38, 40, 90
118, 38, 90, 114
119, 118, 60, 59
120, 118, 59, 117
121, 117, 59, 28
122, 117, 28, 29
123, 59, 119, 27
124, 59, 27, 28
125, 119, 120, 26
126, 119, 26, 27
127, 120, 121, 25
128, 120, 25, 26
129, 68, 122, 121
130, 68, 121, 120
131, 73, 123, 124
132, 73, 124, 71
133, 71, 124, 125
134, 71, 125, 122
135, 122, 125, 126
136, 122, 126, 121
137, 121, 126, 24
138, 121, 24, 25
139, 126, 127, 23
140, 126, 23, 24
141, 125, 128, 127
142, 125, 127, 126
143, 124, 129, 128
144, 124, 128, 125
145, 123, 130, 129
146, 123, 129, 124
147, 42, 131, 132
148, 42, 132, 130
149, 130, 132, 133
150, 130, 133, 129
151, 129, 133, 134
152, 129, 134, 128
153, 128, 134, 135
154, 128, 135, 127
155, 127, 135, 22
156, 127, 22, 23
157, 135, 136, 21
158, 135, 21, 22
159, 134, 137, 136
160, 134, 136, 135
161, 133, 138, 137
162, 133, 137, 134
163, 132, 139, 138
164, 132, 138, 133
165, 131, 140, 139
166, 131, 139, 132
167, 140, 141, 142
168, 140, 142, 139
169, 139, 142, 143
170, 139, 143, 138
171, 138, 143, 144
172, 138, 144, 137
173, 137, 144, 145
174, 137, 145, 136
175, 136, 145, 20
176, 136, 20, 21
177, 145, 146, 19
178, 145, 19, 20
179, 144, 147, 146
180, 144, 146, 145
181, 143, 148, 147
182, 143, 147, 144
183, 142, 149, 148
184, 142, 148, 143
185, 141, 150, 149
186, 141, 149, 142
187, 150, 151, 152
188, 150, 152, 149
189, 149, 152, 153
190, 149, 153, 148
191, 148, 153, 154
192, 148, 154, 147
193, 147, 154, 155
194, 147, 155, 146
195, 146, 155, 18
196, 146, 18, 19
197, 155, 156, 17
198, 155, 17, 18
199, 154, 157, 156
200, 154, 156, 155
201, 153, 158, 157
202, 153, 157, 154
203, 152, 159, 158
204, 152, 158, 153
205, 151, 160, 159
206, 151, 159, 152
207, 160, 161, 162
208, 160, 162, 159
209, 159, 162, 163
210, 159, 163, 158
211, 158, 163, 164
212, 158, 164, 157
213, 157, 164, 165
214, 157, 165, 156
215, 156, 165, 16
216, 156, 16, 17
217, 165, 166, 15
218, 165, 15, 16
219, 164, 167, 166
220, 164, 166, 165
221, 163, 168, 167
222, 163, 167, 164
223, 162, 169, 168
224, 162, 168, 163
225, 161, 45, 169
226, 161, 169, 162
227, 45, 47, 170
228, 45, 170, 169
229, 169, 170, 171
230, 169, 171, 168
231, 168, 171, 172
232, 168, 172, 167
233, 167, 172, 173
234, 167, 173, 166
235, 166, 173, 14
236, 166, 14, 15
237, 173, 174, 13
238, 173, 13, 14
239, 172, 175, 174
240, 172, 174, 173
241, 171, 176, 175
242, 171, 175, 172
243, 170, 64, 176
244, 170, 176, 171
245, 176, 52, 49
246, 176, 49, 175
247, 175, 49, 81
248, 175, 81, 174
249, 174, 81, 12
250, 174, 12, 13
251, 81, 177, 11
252, 81, 11, 12
253, 177, 178, 10
254, 177, 10, 11
255, 178, 179, 9
256, 178, 9, 10
257, 84, 55, 180
258, 84, 180, 181
259, 181, 180, 182
260, 181, 182, 179
261, 179, 182, 8
262, 179, 8, 9
263, 182, 183, 7
264, 182, 7, 8
265, 180, 184, 183
266, 180, 183, 182
267, 55, 185, 184
268, 55, 184, 180
269, 54, 186, 185
270, 54, 185, 55
271, 186, 187, 188
272, 186, 188, 185
273, 185, 188, 189
274, 185, 189, 184
275, 184, 189, 190
276, 184, 190, 183
277, 183, 190, 6
278, 183, 6, 7
279, 190, 191, 5
280, 190, 5, 6
281, 189, 192, 191
282, 189, 191, 190
283, 188, 193, 192
284, 188, 192, 189
285, 187, 194, 193
286, 187, 193, 188
287, 56, 195, 194
288, 56, 194, 187
289, 195, 196, 197
290, 195, 197, 194
291, 194, 197, 198
292, 194, 198, 193
293, 193, 198, 199
294, 193, 199, 192
295, 192, 199, 200
296, 192, 200, 191
297, 191, 200, 4
298, 191, 4, 5
299, 1, 4, 200
300, 1, 200, 100
301, 199, 98, 100
302, 199, 100, 200
303, 198, 96, 98
304, 198, 98, 199
305, 197, 94, 96
306, 197, 96, 198
307, 196, 91, 94
308, 196, 94, 197
309, 91, 78, 201
310, 91, 201, 92
311, 78, 91, 196
312, 78, 196, 202
313, 105, 92, 201
314, 105, 201, 203
315, 105, 203, 37
316, 105, 37, 34
317, 38, 113, 36
318, 38, 36, 41
319, 37, 87, 36
320, 37, 36, 35
321, 41, 87, 40
322, 41, 40, 39
323, 69, 68, 120
324, 69, 120, 204
325, 122, 68, 70
326, 122, 70, 71
327, 123, 73, 75
328, 123, 75, 76
329, 130, 123, 76
330, 130, 76, 42
331, 131, 42, 44
332, 131, 44, 80
333, 140, 131, 80
334, 140, 80, 205
335, 141, 140, 205
336, 141, 205, 89
337, 151, 150, 88
338, 151, 88, 206
339, 151, 206, 207
340, 151, 207, 160
341, 161, 160, 207
342, 161, 207, 208
343, 88, 52, 207
344, 88, 207, 206
345, 161, 208, 48
346, 161, 48, 45
347, 64, 170, 47
348, 64, 47, 65
349, 48, 52, 47
350, 48, 47, 46
351, 178, 209, 210
352, 178, 210, 179
353, 55, 84, 86
354, 55, 86, 53
355, 186, 54, 77
356, 186, 77, 79
357, 187, 186, 79
358, 187, 79, 211
359, 57, 56, 187
360, 57, 187, 211
361, 195, 56, 58
362, 195, 58, 212
363, 79, 78, 58
364, 79, 58, 57
365, 196, 195, 212
366, 196, 212, 202
367, 78, 202, 212
368, 78, 212, 58
369, 60, 78, 210
370, 60, 210, 61
371, 205, 80, 70
372, 205, 70, 89
373, 49, 67, 82
374, 49, 82, 81
375, 51, 69, 82
376, 51, 82, 66
377, 90, 87, 60
378, 90, 60, 118
379, 59, 62, 213
380, 59, 213, 119
381, 61, 210, 213
382, 61, 213, 62
383, 69, 51, 50
384, 69, 50, 52
385, 213, 204, 120
386, 213, 120, 119
387, 71, 72, 74
388, 71, 74, 73
389, 70, 76, 74
390, 70, 74, 72
391, 76, 70, 44
392, 76, 44, 43
393, 141, 89, 88
394, 141, 88, 150
395, 69, 52, 88
396, 69, 88, 70
397, 64, 63, 52
398, 64, 52, 176
399, 214, 209, 178
400, 214, 178, 177
401, 179, 210, 215
402, 179, 215, 181
403, 78, 85, 215
404, 78, 215, 210
405, 181, 215, 85
406, 181, 85, 84
407, 78, 77, 53
408, 78, 53, 86
409, 203, 60, 87
410, 203, 87, 37
411, 52, 48, 208
412, 52, 208, 207
413, 204, 83, 82
414, 204, 82, 69
415, 81, 83, 214
416, 81, 214, 177
417, 209, 214, 213
418, 209, 213, 210
419, 60, 203, 201
420, 60, 201, 78
421, 52, 63, 65
422, 52, 65, 47
423, 213, 214, 83
424, 213, 83, 204

Colors, 424
Triangle:, Red:, Green:, Blue:
1, 58, 1, 2
2, 58, 1, 2
3, 58, 1, 2
4, 58, 1, 2
5, 58, 1, 2
6, 58, 1, 2
7, 58, 1, 2
8, 58, 1, 2
9, 58, 1, 2
10, 58, 1, 2
11, 58, 1, 2
12, 58, 1, 2
13, 58, 1, 2
14, 58, 1, 2
15, 58, 1, 2
16, 58, 1, 2
17, 58, 1, 2
18, 58, 1, 2
19, 58, 1, 2
20, 58, 1, 2
21, 58, 1, 2
22, 58, 1, 2
23, 58, 1, 2
24, 58, 1, 2
25, 58, 1, 2
26, 58, 1, 2
27, 58, 1, 2
28, 58, 1, 2
29, 58, 1, 2
30, 58, 1, 2
31, 58, 1, 2
32, 58, 1, 2
33, 58, 1, 2
34, 58, 1, 2
35, 58, 1, 2
36, 58, 1, 2
37, 58, 1, 2
38, 58, 1, 2
39, 58, 1, 2
40, 58, 1, 2
41, 58, 1, 2
42, 58, 1, 2
43, 58, 1, 2
44, 58, 1, 2
45, 58, 1, 2
46, 58, 1, 2
47, 58, 1, 2
48, 58, 1, 2
49, 58, 1, 2
50, 58, 1, 2
51, 58, 1, 2
52, 58, 1, 2
53, 58, 1, 2
54, 58, 1, 2
55, 58, 1, 2
56, 58, 1, 2
57, 58, 1, 2
58, 58, 1, 2
59, 58, 1, 2
60, 58, 1, 2
61, 58, 1, 2
62, 58, 1, 2
63, 58, 1, 2
64, 58, 1, 2
65, 58, 1, 2
66, 58, 1, 2
67, 58, 1, 2
68, 58, 1, 2
69, 58, 1, 2
70, 58, 1, 2
71, 58, 1, 2
72, 58, 1, 2
73, 58, 1, 2
74, 58, 1, 2
75, 58, 1, 2
76, 58, 1, 2
77, 58, 1, 2
78, 58, 1, 2
79, 58, 1, 2
80, 58, 1, 2
81, 58, 1, 2
82, 58, 1, 2
83, 58, 1, 2
84, 58, 1, 2
85, 58, 1, 2
86, 58, 1, 2
87, 58, 1, 2
88, 58, 1, 2
89, 58, 1, 2
90, 58, 1, 2
91, 58, 1, 2
92, 58, 1, 2
93, 58, 1, 2
94, 58, 1, 2
95, 58, 1, 2
96, 58, 1, 2
97, 58, 1, 2
98, 58, 1, 2
99, 58, 1, 2
100, 58, 1, 2
101, 58, 1, 2
102, 58, 1, 2
103, 58, 1, 2
104, 58, 1, 2
105, 58, 1, 2
106, 58, 1, 2
107, 58, 1, 2
108, 58, 1, 2
109, 58, 1, 2
110, 58, 1, 2
111, 58, 1, 2
112, 58, 1, 2
113, 58, 1, 2
114, 58, 1, 2
115, 58, 1, 2
116, 58, 1, 2
117, 58, 1, 2
118, 58, 1, 2
119, 58, 1, 2
120, 58, 1, 2
121, 58, 1, 2
122, 58, 1, 2
123, 58, 1, 2
124, 58, 1, 2
125, 58, 1, 2
126, 58, 1, 2
127, 58, 1, 2
128, 58, 1, 2
129, 58, 1, 2
130, 58, 1, 2
131, 58, 1, 2
132, 58, 1, 2
133, 58, 1, 2
134, 58, 1, 2
135, 58, 1, 2
136, 58, 1, 2
137, 58, 1, 2
138, 58, 1, 2
139, 58, 1, 2
140, 58, 1, 2
141, 58, 1, 2
142, 58, 1, 2
143, 58, 1, 2
144, 58, 1, 2
145, 58, 1, 2
146, 58, 1, 2
147, 58, 1, 2
148, 58, 1, 2
149, 58, 1, 2
150, 58, 1, 2
151, 58, 1, 2
152, 58, 1, 2
153, 58, 1, 2
154, 58, 1, 2
155, 58, 1, 2
156, 58, 1, 2
157, 58, 1, 2
158, 58, 1, 2
159, 58, 1, 2
160, 58, 1, 2
161, 58, 1, 2
162, 58, 1, 2
163, 58, 1, 2
164, 58, 1, 2
165, 58, 1, 2
166, 58, 1, 2
167, 58, 1, 2
168, 58, 1, 2
169, 58, 1, 2
170, 58, 1, 2
171, 58, 1, 2
172, 58, 1, 2
173, 58, 1, 2
174, 58, 1, 2
175, 58, 1, 2
176, 58, 1, 2
177, 58, 1, 2
178, 58, 1, 2
179, 58, 1, 2
180, 58, 1, 2
181, 58, 1, 2
182, 58, 1, 2
183, 58, 1, 2
184, 58, 1, 2
185, 58, 1, 2
186, 58, 1, 2
187, 58, 1, 2
188, 58, 1, 2
189, 58, 1, 2
190, 58, 1, 2
191, 58, 1, 2
192, 58, 1, 2
193, 58, 1, 2
194, 58, 1, 2
195, 58, 1, 2
196, 58, 1, 2
197, 58, 1, 2
198, 58, 1, 2
199, 58, 1, 2
200, 58, 1, 2
201, 58, 1, 2
202, 58, 1, 2
203, 58, 1, 2
204, 58, 1, 2
205, 58, 1, 2
206, 58, 1, 2
207, 58, 1, 2
208, 58, 1, 2
209, 58, 1, 2
210, 58, 1, 2
211, 58, 1, 2
212, 58, 1, 2
213, 58, 1, 2
214, 58, 1, 2
215, 58, 1, 2
216, 58, 1, 2
217, 58, 1, 2
218, 58, 1, 2
219, 58, 1, 2
220, 58, 1, 2
221, 58, 1, 2
222, 58, 1, 2
223, 58, 1, 2
224, 58, 1, 2
225, 58, 1, 2
226, 58, 1, 2
227, 58, 1, 2
228, 58, 1, 2
229, 58, 1, 2
230, 58, 1, 2
231, 58, 1, 2
232, 58, 1, 2
233, 58, 1, 2
234, 58, 1, 2
235, 58, 1, 2
236, 58, 1, 2
237, 58, 1, 2
238, 58, 1, 2
239, 58, 1, 2
240, 58, 1, 2
241, 58, 1, 2
242, 58, 1, 2
243, 58, 1, 2
244, 58, 1, 2
245, 58, 1, 2
246, 58, 1, 2
247, 58, 1, 2
248, 58, 1, 2
249, 58, 1, 2
250, 58, 1, 2
251, 58, 1, 2
252, 58, 1, 2
253, 58, 1, 2
254, 58, 1, 2
255, 58, 1, 2
256, 58, 1, 2
257, 58, 1, 2
258, 58, 1, 2
259, 58, 1, 2
260, 58, 1, 2
261, 58, 1, 2
262, 58, 1, 2
263, 58, 1, 2
264, 58, 1, 2
265, 58, 1, 2
266, 58, 1, 2
267, 58, 1, 2
268, 58, 1, 2
269, 58, 1, 2
270, 58, 1, 2
271, 58, 1, 2
272, 58, 1, 2
273, 58, 1, 2
274, 58, 1, 2
275, 58, 1, 2
276, 58, 1, 2
277, 58, 1, 2
278, 58, 1, 2
279, 58, 1, 2
280, 58, 1, 2
281, 58, 1, 2
282, 58, 1, 2
283, 58, 1, 2
284, 58, 1, 2
285, 58, 1, 2
286, 58, 1, 2
287, 58, 1, 2
288, 58, 1, 2
289, 58, 1, 2
290, 58, 1, 2
291, 58, 1, 2
292, 58, 1, 2
293, 58, 1, 2
294, 58, 1, 2
295, 58, 1, 2
296, 58, 1, 2
297, 58, 1, 2
298, 58, 1, 2
299, 58, 1, 2
300, 58, 1, 2
301, 58, 1, 2
302, 58, 1, 2
303, 58, 1, 2
304, 58, 1, 2
305, 58, 1, 2
306, 58, 1, 2
307, 58, 1, 2
308, 58, 1, 2
309, 58, 1, 2
310, 58, 1, 2
311, 58, 1, 2
312, 58, 1, 2
313, 58, 1, 2
314, 58, 1, 2
315, 58, 1, 2
316, 58, 1, 2
317, 58, 1, 2
318, 58, 1, 2
319, 58, 1, 2
320, 58, 1, 2
321, 58, 1, 2
322, 58, 1, 2
323, 58, 1, 2
324, 58, 1, 2
325, 58, 1, 2
326, 58, 1, 2
327, 58, 1, 2
328, 58, 1, 2
329, 58, 1, 2
330, 58, 1, 2
331, 58, 1, 2
332, 58, 1, 2
333, 58, 1, 2
334, 58, 1, 2
335, 58, 1, 2
336, 58, 1, 2
337, 58, 1, 2
338, 58, 1, 2
339, 58, 1, 2
340, 58, 1, 2
341, 58, 1, 2
342, 58, 1, 2
343, 58, 1, 2
344, 58, 1, 2
345, 58, 1, 2
346, 58, 1, 2
347, 58, 1, 2
348, 58, 1, 2
349, 58, 1, 2
350, 58, 1, 2
351, 58, 1, 2
352, 58, 1, 2
353, 58, 1, 2
354, 58, 1, 2
355, 58, 1, 2
356, 58, 1, 2
357, 58, 1, 2
358, 58, 1, 2
359, 58, 1, 2
360, 58, 1, 2
361, 58, 1, 2
362, 58, 1, 2
363, 58, 1, 2
364, 58, 1, 2
365, 58, 1, 2
366, 58, 1, 2
367, 58, 1, 2
368, 58, 1, 2
369, 58, 1, 2
370, 58, 1, 2
371, 58, 1, 2
372, 58, 1, 2
373, 58, 1, 2
374, 58, 1, 2
375, 58, 1, 2
376, 58, 1, 2
377, 58, 1, 2
378, 58, 1, 2
379, 58, 1, 2
380, 58, 1, 2
381, 58, 1, 2
382, 58, 1, 2
383, 58, 1, 2
384, 58, 1, 2
385, 58, 1, 2
386, 58, 1, 2
387, 58, 1, 2
388, 58, 1, 2
389, 58, 1, 2
390, 58, 1, 2
391, 58, 1, 2
392, 58, 1, 2
393, 58, 1, 2
394, 58, 1, 2
395, 58, 1, 2
396, 58, 1, 2
397, 58, 1, 2
398, 58, 1, 2
399, 58, 1, 2
400, 58, 1, 2
401, 58, 1, 2
402, 58, 1, 2
403, 58, 1, 2
404, 58, 1, 2
405, 58, 1, 2
406, 58, 1, 2
407, 58, 1, 2
408, 58, 1, 2
409, 58, 1, 2
410, 58, 1, 2
411, 58, 1, 2
412, 58, 1, 2
413, 58, 1, 2
414, 58, 1, 2
415, 58, 1, 2
416, 58, 1, 2
417, 58, 1, 2
418, 58, 1, 2
419, 58, 1, 2
420, 58, 1, 2
421, 58, 1, 2
422, 58, 1, 2
423, 58, 1, 2
424, 58, 1, 2
