Objects, 1
Object:, First Vertice:, Vertices:, First Triangle:, Triangles:
Sphere.007, 1, 215, 1, 486

Vertices, 215
Vertice:, X:, Y:, Z:
1, -0.21092589199543, -2.038431406021118, -1.3883827924728394
2, -0.2145238071680069, -2.0384862422943115, -1.3932218551635742
3, -0.18815667927265167, -2.038665533065796, -1.409066081047058
4, -0.20645305514335632, -2.0383856296539307, -1.38433837890625
5, -0.2012770026922226, -2.0383505821228027, -1.3812443017959595
6, -0.1955968588590622, -2.038327693939209, -1.37921941280365
7, -0.18963061273097992, -2.038317918777466, -1.378341555595398
8, -0.1836078017950058, -2.038321018218994, -1.3786441087722778
9, -0.1777598112821579, -2.0383377075195312, -1.3801162242889404
10, -0.17231151461601257, -2.0383670330047607, -1.3827006816864014
11, -0.1674719601869583, -2.038407802581787, -1.3862982988357544
12, -0.16342739760875702, -2.0384583473205566, -1.3907709121704102
13, -0.1603330820798874, -2.0385169982910156, -1.3959465026855469
14, -0.1583080291748047, -2.038581371307373, -1.4016263484954834
15, -0.15743014216423035, -2.038648843765259, -1.4075921773910522
16, -0.15773296356201172, -2.0387167930603027, -1.4136145114898682
17, -0.15920503437519073, -2.038783073425293, -1.4194620847702026
18, -0.16178959608078003, -2.0388448238372803, -1.424910306930542
19, -0.16538740694522858, -2.0388994216918945, -1.4297493696212769
20, -0.16986031830310822, -2.038945436477661, -1.4337937831878662
21, -0.17503637075424194, -2.038980484008789, -1.4368877410888672
22, -0.18071648478507996, -2.039003372192383, -1.4389127492904663
23, -0.18668267130851746, -2.039013147354126, -1.4397906064987183
24, -0.1927054226398468, -2.0390098094940186, -1.4394878149032593
25, -0.19855348765850067, -2.0389931201934814, -1.4380159378051758
26, -0.20400181412696838, -2.038963794708252, -1.4354314804077148
27, -0.20884138345718384, -2.0389232635498047, -1.4318338632583618
28, -0.21288594603538513, -2.038872480392456, -1.4273611307144165
29, -0.21598021686077118, -2.038814067840576, -1.4221856594085693
30, -0.2180052548646927, -2.0387496948242188, -1.4165058135986328
31, -0.21888314187526703, -2.038682222366333, -1.410539984703064
32, -0.21858039498329163, -2.03861403465271, -1.4045175313949585
33, -0.2171083688735962, -2.038547992706299, -1.398669958114624
34, -0.19458113610744476, -2.0187411308288574, -1.408331036567688
35, -0.19459760189056396, -2.018744707107544, -1.408656358718872
36, -0.19549427926540375, -2.0190138816833496, -1.4096404314041138
37, -0.19433532655239105, -2.0187172889709473, -1.4083679914474487
38, -0.20052039623260498, -2.020681381225586, -1.4123517274856567
39, -0.19980284571647644, -2.0207040309906006, -1.4143643379211426
40, -0.20043380558490753, -2.0211567878723145, -1.4150538444519043
41, -0.19722886383533478, -2.0196433067321777, -1.4115427732467651
42, -0.18784545361995697, -2.0188252925872803, -1.4157793521881104
43, -0.18789319694042206, -2.0188252925872803, -1.4157769680023193
44, -0.18784791231155396, -2.018819808959961, -1.415727138519287
45, -0.18166835606098175, -2.0187485218048096, -1.4089802503585815
46, -0.18167535960674286, -2.0187478065490723, -1.4089329242706299
47, -0.18019914627075195, -2.019246816635132, -1.4073021411895752
48, -0.1817205548286438, -2.0187435150146484, -1.408982753753662
49, -0.16922977566719055, -2.027705669403076, -1.3951858282089233
50, -0.16938196122646332, -2.0275511741638184, -1.3953001499176025
51, -0.16925466060638428, -2.027705430984497, -1.395158290863037
52, -0.17277784645557404, -2.023608446121216, -1.399083137512207
53, -0.18420018255710602, -2.020509958267212, -1.3971904516220093
54, -0.18627245724201202, -2.0205037593841553, -1.396668791770935
55, -0.18542124330997467, -2.0235164165496826, -1.3909412622451782
56, -0.18972772359848022, -2.0186805725097656, -1.4029887914657593
57, -0.18940553069114685, -2.0186800956726074, -1.4029414653778076
58, -0.189667746424675, -2.0186591148376465, -1.4032303094863892
59, -0.21041236817836761, -2.033095598220825, -1.4255962371826172
60, -0.20740598440170288, -2.0280165672302246, -1.4226514101028442
61, -0.2085050642490387, -2.029944896697998, -1.4238395690917969
62, -0.20834696292877197, -2.0299477577209473, -1.424103856086731
63, -0.1768033504486084, -2.0205817222595215, -1.4035488367080688
64, -0.17663177847862244, -2.020585060119629, -1.4038357734680176
65, -0.17738790810108185, -2.0203354358673096, -1.4041950702667236
66, -0.16923226416110992, -2.027745246887207, -1.395133137702942
67, -0.16923129558563232, -2.02774715423584, -1.395132064819336
68, -0.20028404891490936, -2.028092622756958, -1.4293675422668457
69, -0.20031385123729706, -2.028092384338379, -1.4293452501296997
70, -0.20018643140792847, -2.027935028076172, -1.4292068481445312
71, -0.19440864026546478, -2.0239205360412598, -1.4266440868377686
72, -0.1967906951904297, -2.0239076614379883, -1.4255142211914062
73, -0.19246307015419006, -2.020782232284546, -1.4212614297866821
74, -0.19276516139507294, -2.020780563354492, -1.4211180210113525
75, -0.19218048453330994, -2.020519971847534, -1.4204773902893066
76, -0.18936939537525177, -2.0193610191345215, -1.4173959493637085
77, -0.18677417933940887, -2.019512891769409, -1.4000352621078491
78, -0.19200153648853302, -2.0185842514038086, -1.4058003425598145
79, -0.18850873410701752, -2.0189268589019775, -1.4019514322280884
80, -0.18683139979839325, -2.018712043762207, -1.4146093130111694
81, -0.16590090095996857, -2.0327229499816895, -1.392665982246399
82, -0.16845203936100006, -2.0291497707366943, -1.3942583799362183
83, -0.16819792985916138, -2.029606819152832, -1.393973469734192
84, -0.18190467357635498, -2.023526191711426, -1.3918263912200928
85, -0.18012523651123047, -2.02353572845459, -1.3926702737808228
86, -0.18356920778751373, -2.020946502685547, -1.3964908123016357
87, -0.2038777470588684, -2.023831605911255, -1.418814778327942
88, -0.18478423357009888, -2.0185954570770264, -1.412356972694397
89, -0.18539360165596008, -2.0186116695404053, -1.4130276441574097
90, -0.20488815009593964, -2.0238125324249268, -1.4171243906021118
91, -0.19296477735042572, -2.018702507019043, -1.404923915863037
92, -0.19372433423995972, -2.01871395111084, -1.4059456586837769
93, -0.1990782916545868, -2.0205721855163574, -1.4027072191238403
94, -0.19758805632591248, -2.0205495357513428, -1.400702714920044
95, -0.20401246845722198, -2.023615598678589, -1.399707317352295
96, -0.2018488347530365, -2.023582696914673, -1.3967974185943604
97, -0.20833724737167358, -2.027726888656616, -1.3970617055892944
98, -0.20558345317840576, -2.0276849269866943, -1.3933579921722412
99, -0.211886465549469, -2.032747983932495, -1.3948719501495361
100, -0.2086484283208847, -2.032698631286621, -1.3905166387557983
101, -0.2142125815153122, -2.032803535461426, -1.3997750282287598
102, -0.2103152573108673, -2.0277740955352783, -1.4012315273284912
103, -0.2055666595697403, -2.0236525535583496, -1.402983546257019
104, -0.20014876127243042, -2.0205976963043213, -1.404963731765747
105, -0.1942702680826187, -2.0187270641326904, -1.4070961475372314
106, -0.20075859129428864, -2.020625114440918, -1.4073859453201294
107, -0.20645180344581604, -2.0236923694610596, -1.4064998626708984
108, -0.2114420086145401, -2.027824640274048, -1.4057070016860962
109, -0.21553729474544525, -2.032862901687622, -1.4050376415252686
110, -0.2158098965883255, -2.032924175262451, -1.410457730293274
111, -0.21167372167110443, -2.02787709236145, -1.4103164672851562
112, -0.20663399994373322, -2.023733377456665, -1.4101214408874512
113, -0.2008839249610901, -2.020653486251831, -1.4098803997039795
114, -0.20610596239566803, -2.0237739086151123, -1.413709044456482
115, -0.21100187301635742, -2.027928590774536, -1.4148823022842407
116, -0.21501967310905457, -2.032984972000122, -1.4158265590667725
117, -0.21319715678691864, -2.0330429077148438, -1.4209383726119995
118, -0.2094518393278122, -2.02797794342041, -1.419229507446289
119, -0.20677246153354645, -2.0331411361694336, -1.429621696472168
120, -0.20241688191890717, -2.0331778526306152, -1.4328594207763672
121, -0.19751346111297607, -2.0332040786743164, -1.435185432434082
122, -0.1961139738559723, -2.0281147956848145, -1.4313454627990723
123, -0.19004082679748535, -2.02078914642334, -1.4218711853027344
124, -0.19089214503765106, -2.023930311203003, -1.4275290966033936
125, -0.19163818657398224, -2.028127670288086, -1.4324722290039062
126, -0.19225044548511505, -2.0332190990448, -1.4365100860595703
127, -0.186830073595047, -2.033222198486328, -1.4367825984954834
128, -0.18702849745750427, -2.028130292892456, -1.432703971862793
129, -0.18727025389671326, -2.023932456970215, -1.4277112483978271
130, -0.18754607439041138, -2.0207905769348145, -1.4219963550567627
131, -0.18658562004566193, -2.0188231468200684, -1.4155939817428589
132, -0.18507492542266846, -2.0207865238189697, -1.421633005142212
133, -0.18368248641490936, -2.0239264965057373, -1.4271832704544067
134, -0.18246228992938995, -2.028122663497925, -1.4320321083068848
135, -0.18146082758903503, -2.0332133769989014, -1.4359924793243408
136, -0.17634868621826172, -2.0331926345825195, -1.434170126914978
137, -0.17811478674411774, -2.0281052589416504, -1.4304821491241455
138, -0.180266872048378, -2.0239126682281494, -1.425965666770935
139, -0.1827220320701599, -2.0207767486572266, -1.4207940101623535
140, -0.18538613617420197, -2.0188183784484863, -1.4151663780212402
141, -0.18429316580295563, -2.018810987472534, -1.4145129919052124
142, -0.18057812750339508, -2.0207624435424805, -1.4195125102996826
143, -0.17715424299240112, -2.0238916873931885, -1.4241050481796265
144, -0.17415329813957214, -2.028078317642212, -1.4281141757965088
145, -0.171690434217453, -2.033161163330078, -1.4313856363296509
146, -0.16766487061977386, -2.0331199169158936, -1.4277456998825073
147, -0.17072993516921997, -2.028043270111084, -1.425018548965454
148, -0.17446449398994446, -2.0238640308380127, -1.421673059463501
149, -0.17872528731822968, -2.0207433700561523, -1.4178372621536255
150, -0.18334868550300598, -2.01880145072937, -1.4136590957641602
151, -0.18258899450302124, -2.018789768218994, -1.4126371145248413
152, -0.17723503708839417, -2.0207207202911377, -1.415832757949829
153, -0.17230083048343658, -2.0238311290740967, -1.4187629222869873
154, -0.16797614097595215, -2.028001308441162, -1.4213148355484009
155, -0.16442684829235077, -2.0330705642700195, -1.423390507698059
156, -0.16210077702999115, -2.033015251159668, -1.4184874296188354
157, -0.16599810123443604, -2.0279541015625, -1.4171451330184937
158, -0.17074665427207947, -2.023793935775757, -1.4154866933822632
159, -0.17616447806358337, -2.020695209503174, -1.4135761260986328
160, -0.18204307556152344, -2.0187766551971436, -1.4114866256713867
161, -0.18173226714134216, -2.0187628269195557, -1.4102519750595093
162, -0.17555469274520874, -2.020667791366577, -1.41115403175354
163, -0.1698615700006485, -2.023754358291626, -1.4119704961776733
164, -0.16487133502960205, -2.0279035568237305, -1.4126695394515991
165, -0.1607760488986969, -2.0329554080963135, -1.4132245779037476
166, -0.16050346195697784, -2.0328943729400635, -1.4078047275543213
167, -0.16463956236839294, -2.0278513431549072, -1.4080601930618286
168, -0.16967931389808655, -2.0237131118774414, -1.408348798751831
169, -0.17542941868305206, -2.020639657974243, -1.4086594581604004
170, -0.17579294741153717, -2.0206117630004883, -1.4061884880065918
171, -0.1702074259519577, -2.0236728191375732, -1.4047613143920898
172, -0.16531147062778473, -2.0277998447418213, -1.4034942388534546
173, -0.161293625831604, -2.0328333377838135, -1.4024356603622437
174, -0.16311603784561157, -2.032775640487671, -1.3973239660263062
175, -0.16686145961284637, -2.0277504920959473, -1.3991470336914062
176, -0.17142511904239655, -2.0236339569091797, -1.4013458490371704
177, -0.16954098641872406, -2.032677412033081, -1.3886407613754272
178, -0.1738964170217514, -2.0326406955718994, -1.385403037071228
179, -0.17879973351955414, -2.032614231109619, -1.3830769062042236
180, -0.18467514216899872, -2.0276005268096924, -1.385904312133789
181, -0.1801992505788803, -2.027613401412964, -1.3870309591293335
182, -0.1840629279613495, -2.032599449157715, -1.381752371788025
183, -0.18948319554328918, -2.0325963497161865, -1.3814797401428223
184, -0.1892848014831543, -2.0275979042053223, -1.385672688484192
185, -0.1890430599451065, -2.0235142707824707, -1.390758991241455
186, -0.18876728415489197, -2.0205025672912598, -1.3965436220169067
187, -0.1912384331226349, -2.0205066204071045, -1.396907091140747
188, -0.1926308125257492, -2.0235202312469482, -1.3912869691848755
189, -0.1938510537147522, -2.0276055335998535, -1.3863445520401
190, -0.19485259056091309, -2.0326051712036133, -1.3822699785232544
191, -0.199964702129364, -2.032625913619995, -1.3840923309326172
192, -0.19819855690002441, -2.027623176574707, -1.3878945112228394
193, -0.19604650139808655, -2.023534059524536, -1.3925046920776367
194, -0.1935911327600479, -2.0205159187316895, -1.3977457284927368
195, -0.190927192568779, -2.0186853408813477, -1.403416395187378
196, -0.19202016294002533, -2.0186927318573, -1.4040699005126953
197, -0.19573521614074707, -2.0205304622650146, -1.3990274667739868
198, -0.19915905594825745, -2.023555040359497, -1.3943651914596558
199, -0.20216010510921478, -2.0276498794555664, -1.390262484550476
200, -0.20462287962436676, -2.0326573848724365, -1.3868769407272339
201, -0.19269631803035736, -2.0186028480529785, -1.4065649509429932
202, -0.1913067251443863, -2.018585443496704, -1.4050354957580566
203, -0.1934482902288437, -2.018644332885742, -1.4073922634124756
204, -0.20137068629264832, -2.030020236968994, -1.4304869174957275
205, -0.18605320155620575, -2.018648386001587, -1.4137533903121948
206, -0.18417491018772125, -2.018596649169922, -1.4116863012313843
207, -0.18351519107818604, -2.0186166763305664, -1.4109597206115723
208, -0.1827370822429657, -2.0186610221862793, -1.4101027250289917
209, -0.17521978914737701, -2.0295350551605225, -1.3876404762268066
210, -0.17549796402454376, -2.029533624649048, -1.3875083923339844
211, -0.18874557316303253, -2.0188615322113037, -1.4022128582000732
212, -0.19055475294589996, -2.018608331680298, -1.4042073488235474
213, -0.20504480600357056, -2.029989242553711, -1.4277554750442505
214, -0.1712685376405716, -2.0295684337615967, -1.390577793121338
215, -0.1765969842672348, -2.027632713317871, -1.388739824295044

Triangles, 424
Triangle:, Side1:, Side2:, Side3:
1, 1, 2, 3
2, 4, 1, 3
3, 5, 4, 3
4, 6, 5, 3
5, 7, 6, 3
6, 8, 7, 3
7, 9, 8, 3
8, 10, 9, 3
9, 11, 10, 3
10, 12, 11, 3
11, 13, 12, 3
12, 14, 13, 3
13, 15, 14, 3
14, 16, 15, 3
15, 17, 16, 3
16, 18, 17, 3
17, 19, 18, 3
18, 20, 19, 3
19, 21, 20, 3
20, 22, 21, 3
21, 23, 22, 3
22, 24, 23, 3
23, 25, 24, 3
24, 26, 25, 3
25, 27, 26, 3
26, 28, 27, 3
27, 29, 28, 3
28, 30, 29, 3
29, 31, 30, 3
30, 32, 31, 3
31, 33, 32, 3
32, 2, 33, 3
33, 34, 35, 36
34, 35, 34, 37
35, 38, 39, 40
36, 39, 38, 41
37, 42, 43, 44
38, 45, 46, 47
39, 46, 45, 48
40, 49, 50, 51
41, 52, 50, 49
42, 53, 54, 55
43, 56, 57, 58
44, 59, 60, 61
45, 62, 59, 61
46, 63, 64, 65
47, 49, 66, 67
48, 49, 51, 66
49, 68, 69, 70
50, 71, 70, 72
51, 73, 74, 75
52, 42, 76, 43
53, 53, 77, 54
54, 78, 79, 77
55, 76, 75, 74
56, 70, 80, 44
57, 81, 82, 83
58, 84, 85, 86
59, 86, 85, 78
60, 36, 87, 41
61, 88, 89, 70
62, 90, 40, 87
63, 91, 92, 93
64, 91, 93, 94
65, 94, 93, 95
66, 94, 95, 96
67, 96, 95, 97
68, 96, 97, 98
69, 98, 97, 99
70, 98, 99, 100
71, 2, 1, 100
72, 2, 100, 99
73, 99, 101, 33
74, 99, 33, 2
75, 97, 102, 101
76, 97, 101, 99
77, 95, 103, 102
78, 95, 102, 97
79, 93, 104, 103
80, 93, 103, 95
81, 92, 105, 104
82, 92, 104, 93
83, 105, 34, 106
84, 105, 106, 104
85, 104, 106, 107
86, 104, 107, 103
87, 103, 107, 108
88, 103, 108, 102
89, 102, 108, 109
90, 102, 109, 101
91, 101, 109, 32
92, 101, 32, 33
93, 109, 110, 31
94, 109, 31, 32
95, 108, 111, 110
96, 108, 110, 109
97, 107, 112, 111
98, 107, 111, 108
99, 106, 113, 112
100, 106, 112, 107
101, 34, 36, 113
102, 34, 113, 106
103, 113, 38, 114
104, 113, 114, 112
105, 112, 114, 115
106, 112, 115, 111
107, 111, 115, 116
108, 111, 116, 110
109, 110, 116, 30
110, 110, 30, 31
111, 116, 117, 29
112, 116, 29, 30
113, 115, 118, 117
114, 115, 117, 116
115, 114, 90, 118
116, 114, 118, 115
117, 38, 40, 90
118, 38, 90, 114
119, 118, 60, 59
120, 118, 59, 117
121, 117, 59, 28
122, 117, 28, 29
123, 59, 119, 27
124, 59, 27, 28
125, 119, 120, 26
126, 119, 26, 27
127, 120, 121, 25
128, 120, 25, 26
129, 68, 122, 121
130, 68, 121, 120
131, 73, 123, 124
132, 73, 124, 71
133, 71, 124, 125
134, 71, 125, 122
135, 122, 125, 126
136, 122, 126, 121
137, 121, 126, 24
138, 121, 24, 25
139, 126, 127, 23
140, 126, 23, 24
141, 125, 128, 127
142, 125, 127, 126
143, 124, 129, 128
144, 124, 128, 125
145, 123, 130, 129
146, 123, 129, 124
147, 42, 131, 132
148, 42, 132, 130
149, 130, 132, 133
150, 130, 133, 129
151, 129, 133, 134
152, 129, 134, 128
153, 128, 134, 135
154, 128, 135, 127
155, 127, 135, 22
156, 127, 22, 23
157, 135, 136, 21
158, 135, 21, 22
159, 134, 137, 136
160, 134, 136, 135
161, 133, 138, 137
162, 133, 137, 134
163, 132, 139, 138
164, 132, 138, 133
165, 131, 140, 139
166, 131, 139, 132
167, 140, 141, 142
168, 140, 142, 139
169, 139, 142, 143
170, 139, 143, 138
171, 138, 143, 144
172, 138, 144, 137
173, 137, 144, 145
174, 137, 145, 136
175, 136, 145, 20
176, 136, 20, 21
177, 145, 146, 19
178, 145, 19, 20
179, 144, 147, 146
180, 144, 146, 145
181, 143, 148, 147
182, 143, 147, 144
183, 142, 149, 148
184, 142, 148, 143
185, 141, 150, 149
186, 141, 149, 142
187, 150, 151, 152
188, 150, 152, 149
189, 149, 152, 153
190, 149, 153, 148
191, 148, 153, 154
192, 148, 154, 147
193, 147, 154, 155
194, 147, 155, 146
195, 146, 155, 18
196, 146, 18, 19
197, 155, 156, 17
198, 155, 17, 18
199, 154, 157, 156
200, 154, 156, 155
201, 153, 158, 157
202, 153, 157, 154
203, 152, 159, 158
204, 152, 158, 153
205, 151, 160, 159
206, 151, 159, 152
207, 160, 161, 162
208, 160, 162, 159
209, 159, 162, 163
210, 159, 163, 158
211, 158, 163, 164
212, 158, 164, 157
213, 157, 164, 165
214, 157, 165, 156
215, 156, 165, 16
216, 156, 16, 17
217, 165, 166, 15
218, 165, 15, 16
219, 164, 167, 166
220, 164, 166, 165
221, 163, 168, 167
222, 163, 167, 164
223, 162, 169, 168
224, 162, 168, 163
225, 161, 45, 169
226, 161, 169, 162
227, 45, 47, 170
228, 45, 170, 169
229, 169, 170, 171
230, 169, 171, 168
231, 168, 171, 172
232, 168, 172, 167
233, 167, 172, 173
234, 167, 173, 166
235, 166, 173, 14
236, 166, 14, 15
237, 173, 174, 13
238, 173, 13, 14
239, 172, 175, 174
240, 172, 174, 173
241, 171, 176, 175
242, 171, 175, 172
243, 170, 64, 176
244, 170, 176, 171
245, 176, 52, 49
246, 176, 49, 175
247, 175, 49, 81
248, 175, 81, 174
249, 174, 81, 12
250, 174, 12, 13
251, 81, 177, 11
252, 81, 11, 12
253, 177, 178, 10
254, 177, 10, 11
255, 178, 179, 9
256, 178, 9, 10
257, 84, 55, 180
258, 84, 180, 181
259, 181, 180, 182
260, 181, 182, 179
261, 179, 182, 8
262, 179, 8, 9
263, 182, 183, 7
264, 182, 7, 8
265, 180, 184, 183
266, 180, 183, 182
267, 55, 185, 184
268, 55, 184, 180
269, 54, 186, 185
270, 54, 185, 55
271, 186, 187, 188
272, 186, 188, 185
273, 185, 188, 189
274, 185, 189, 184
275, 184, 189, 190
276, 184, 190, 183
277, 183, 190, 6
278, 183, 6, 7
279, 190, 191, 5
280, 190, 5, 6
281, 189, 192, 191
282, 189, 191, 190
283, 188, 193, 192
284, 188, 192, 189
285, 187, 194, 193
286, 187, 193, 188
287, 56, 195, 194
288, 56, 194, 187
289, 195, 196, 197
290, 195, 197, 194
291, 194, 197, 198
292, 194, 198, 193
293, 193, 198, 199
294, 193, 199, 192
295, 192, 199, 200
296, 192, 200, 191
297, 191, 200, 4
298, 191, 4, 5
299, 1, 4, 200
300, 1, 200, 100
301, 199, 98, 100
302, 199, 100, 200
303, 198, 96, 98
304, 198, 98, 199
305, 197, 94, 96
306, 197, 96, 198
307, 196, 91, 94
308, 196, 94, 197
309, 91, 78, 201
310, 91, 201, 92
311, 78, 91, 196
312, 78, 196, 202
313, 105, 92, 201
314, 105, 201, 203
315, 105, 203, 37
316, 105, 37, 34
317, 38, 113, 36
318, 38, 36, 41
319, 37, 87, 36
320, 37, 36, 35
321, 41, 87, 40
322, 41, 40, 39
323, 69, 68, 120
324, 69, 120, 204
325, 122, 68, 70
326, 122, 70, 71
327, 123, 73, 75
328, 123, 75, 76
329, 130, 123, 76
330, 130, 76, 42
331, 131, 42, 44
332, 131, 44, 80
333, 140, 131, 80
334, 140, 80, 205
335, 141, 140, 205
336, 141, 205, 89
337, 151, 150, 88
338, 151, 88, 206
339, 151, 206, 207
340, 151, 207, 160
341, 161, 160, 207
342, 161, 207, 208
343, 88, 52, 207
344, 88, 207, 206
345, 161, 208, 48
346, 161, 48, 45
347, 64, 170, 47
348, 64, 47, 65
349, 48, 52, 47
350, 48, 47, 46
351, 178, 209, 210
352, 178, 210, 179
353, 55, 84, 86
354, 55, 86, 53
355, 186, 54, 77
356, 186, 77, 79
357, 187, 186, 79
358, 187, 79, 211
359, 57, 56, 187
360, 57, 187, 211
361, 195, 56, 58
362, 195, 58, 212
363, 79, 78, 58
364, 79, 58, 57
365, 196, 195, 212
366, 196, 212, 202
367, 78, 202, 212
368, 78, 212, 58
369, 60, 78, 210
370, 60, 210, 61
371, 205, 80, 70
372, 205, 70, 89
373, 49, 67, 82
374, 49, 82, 81
375, 51, 69, 82
376, 51, 82, 66
377, 90, 87, 60
378, 90, 60, 118
379, 59, 62, 213
380, 59, 213, 119
381, 61, 210, 213
382, 61, 213, 62
383, 69, 51, 50
384, 69, 50, 52
385, 213, 204, 120
386, 213, 120, 119
387, 71, 72, 74
388, 71, 74, 73
389, 70, 76, 74
390, 70, 74, 72
391, 76, 70, 44
392, 76, 44, 43
393, 141, 89, 88
394, 141, 88, 150
395, 69, 52, 88
396, 69, 88, 70
397, 64, 63, 52
398, 64, 52, 176
399, 214, 209, 178
400, 214, 178, 177
401, 179, 210, 215
402, 179, 215, 181
403, 78, 85, 215
404, 78, 215, 210
405, 181, 215, 85
406, 181, 85, 84
407, 78, 77, 53
408, 78, 53, 86
409, 203, 60, 87
410, 203, 87, 37
411, 52, 48, 208
412, 52, 208, 207
413, 204, 83, 82
414, 204, 82, 69
415, 81, 83, 214
416, 81, 214, 177
417, 209, 214, 213
418, 209, 213, 210
419, 60, 203, 201
420, 60, 201, 78
421, 52, 63, 65
422, 52, 65, 47
423, 213, 214, 83
424, 213, 83, 204

Colors, 424
Triangle:, Red:, Green:, Blue:
1, 58, 1, 2
2, 58, 1, 2
3, 58, 1, 2
4, 58, 1, 2
5, 58, 1, 2
6, 58, 1, 2
7, 58, 1, 2
8, 58, 1, 2
9, 58, 1, 2
10, 58, 1, 2
11, 58, 1, 2
12, 58, 1, 2
13, 58, 1, 2
14, 58, 1, 2
15, 58, 1, 2
16, 58, 1, 2
17, 58, 1, 2
18, 58, 1, 2
19, 58, 1, 2
20, 58, 1, 2
21, 58, 1, 2
22, 58, 1, 2
23, 58, 1, 2
24, 58, 1, 2
25, 58, 1, 2
26, 58, 1, 2
27, 58, 1, 2
28, 58, 1, 2
29, 58, 1, 2
30, 58, 1, 2
31, 58, 1, 2
32, 58, 1, 2
33, 58, 1, 2
34, 58, 1, 2
35, 58, 1, 2
36, 58, 1, 2
37, 58, 1, 2
38, 58, 1, 2
39, 58, 1, 2
40, 58, 1, 2
41, 58, 1, 2
42, 58, 1, 2
43, 58, 1, 2
44, 58, 1, 2
45, 58, 1, 2
46, 58, 1, 2
47, 58, 1, 2
48, 58, 1, 2
49, 58, 1, 2
50, 58, 1, 2
51, 58, 1, 2
52, 58, 1, 2
53, 58, 1, 2
54, 58, 1, 2
55, 58, 1, 2
56, 58, 1, 2
57, 58, 1, 2
58, 58, 1, 2
59, 58, 1, 2
60, 58, 1, 2
61, 58, 1, 2
62, 58, 1, 2
63, 58, 1, 2
64, 58, 1, 2
65, 58, 1, 2
66, 58, 1, 2
67, 58, 1, 2
68, 58, 1, 2
69, 58, 1, 2
70, 58, 1, 2
71, 58, 1, 2
72, 58, 1, 2
73, 58, 1, 2
74, 58, 1, 2
75, 58, 1, 2
76, 58, 1, 2
77, 58, 1, 2
78, 58, 1, 2
79, 58, 1, 2
80, 58, 1, 2
81, 58, 1, 2
82, 58, 1, 2
83, 58, 1, 2
84, 58, 1, 2
85, 58, 1, 2
86, 58, 1, 2
87, 58, 1, 2
88, 58, 1, 2
89, 58, 1, 2
90, 58, 1, 2
91, 58, 1, 2
92, 58, 1, 2
93, 58, 1, 2
94, 58, 1, 2
95, 58, 1, 2
96, 58, 1, 2
97, 58, 1, 2
98, 58, 1, 2
99, 58, 1, 2
100, 58, 1, 2
101, 58, 1, 2
102, 58, 1, 2
103, 58, 1, 2
104, 58, 1, 2
105, 58, 1, 2
106, 58, 1, 2
107, 58, 1, 2
108, 58, 1, 2
109, 58, 1, 2
110, 58, 1, 2
111, 58, 1, 2
112, 58, 1, 2
113, 58, 1, 2
114, 58, 1, 2
115, 58, 1, 2
116, 58, 1, 2
117, 58, 1, 2
118, 58, 1, 2
119, 58, 1, 2
120, 58, 1, 2
121, 58, 1, 2
122, 58, 1, 2
123, 58, 1, 2
124, 58, 1, 2
125, 58, 1, 2
126, 58, 1, 2
127, 58, 1, 2
128, 58, 1, 2
129, 58, 1, 2
130, 58, 1, 2
131, 58, 1, 2
132, 58, 1, 2
133, 58, 1, 2
134, 58, 1, 2
135, 58, 1, 2
136, 58, 1, 2
137, 58, 1, 2
138, 58, 1, 2
139, 58, 1, 2
140, 58, 1, 2
141, 58, 1, 2
142, 58, 1, 2
143, 58, 1, 2
144, 58, 1, 2
145, 58, 1, 2
146, 58, 1, 2
147, 58, 1, 2
148, 58, 1, 2
149, 58, 1, 2
150, 58, 1, 2
151, 58, 1, 2
152, 58, 1, 2
153, 58, 1, 2
154, 58, 1, 2
155, 58, 1, 2
156, 58, 1, 2
157, 58, 1, 2
158, 58, 1, 2
159, 58, 1, 2
160, 58, 1, 2
161, 58, 1, 2
162, 58, 1, 2
163, 58, 1, 2
164, 58, 1, 2
165, 58, 1, 2
166, 58, 1, 2
167, 58, 1, 2
168, 58, 1, 2
169, 58, 1, 2
170, 58, 1, 2
171, 58, 1, 2
172, 58, 1, 2
173, 58, 1, 2
174, 58, 1, 2
175, 58, 1, 2
176, 58, 1, 2
177, 58, 1, 2
178, 58, 1, 2
179, 58, 1, 2
180, 58, 1, 2
181, 58, 1, 2
182, 58, 1, 2
183, 58, 1, 2
184, 58, 1, 2
185, 58, 1, 2
186, 58, 1, 2
187, 58, 1, 2
188, 58, 1, 2
189, 58, 1, 2
190, 58, 1, 2
191, 58, 1, 2
192, 58, 1, 2
193, 58, 1, 2
194, 58, 1, 2
195, 58, 1, 2
196, 58, 1, 2
197, 58, 1, 2
198, 58, 1, 2
199, 58, 1, 2
200, 58, 1, 2
201, 58, 1, 2
202, 58, 1, 2
203, 58, 1, 2
204, 58, 1, 2
205, 58, 1, 2
206, 58, 1, 2
207, 58, 1, 2
208, 58, 1, 2
209, 58, 1, 2
210, 58, 1, 2
211, 58, 1, 2
212, 58, 1, 2
213, 58, 1, 2
214, 58, 1, 2
215, 58, 1, 2
216, 58, 1, 2
217, 58, 1, 2
218, 58, 1, 2
219, 58, 1, 2
220, 58, 1, 2
221, 58, 1, 2
222, 58, 1, 2
223, 58, 1, 2
224, 58, 1, 2
225, 58, 1, 2
226, 58, 1, 2
227, 58, 1, 2
228, 58, 1, 2
229, 58, 1, 2
230, 58, 1, 2
231, 58, 1, 2
232, 58, 1, 2
233, 58, 1, 2
234, 58, 1, 2
235, 58, 1, 2
236, 58, 1, 2
237, 58, 1, 2
238, 58, 1, 2
239, 58, 1, 2
240, 58, 1, 2
241, 58, 1, 2
242, 58, 1, 2
243, 58, 1, 2
244, 58, 1, 2
245, 58, 1, 2
246, 58, 1, 2
247, 58, 1, 2
248, 58, 1, 2
249, 58, 1, 2
250, 58, 1, 2
251, 58, 1, 2
252, 58, 1, 2
253, 58, 1, 2
254, 58, 1, 2
255, 58, 1, 2
256, 58, 1, 2
257, 58, 1, 2
258, 58, 1, 2
259, 58, 1, 2
260, 58, 1, 2
261, 58, 1, 2
262, 58, 1, 2
263, 58, 1, 2
264, 58, 1, 2
265, 58, 1, 2
266, 58, 1, 2
267, 58, 1, 2
268, 58, 1, 2
269, 58, 1, 2
270, 58, 1, 2
271, 58, 1, 2
272, 58, 1, 2
273, 58, 1, 2
274, 58, 1, 2
275, 58, 1, 2
276, 58, 1, 2
277, 58, 1, 2
278, 58, 1, 2
279, 58, 1, 2
280, 58, 1, 2
281, 58, 1, 2
282, 58, 1, 2
283, 58, 1, 2
284, 58, 1, 2
285, 58, 1, 2
286, 58, 1, 2
287, 58, 1, 2
288, 58, 1, 2
289, 58, 1, 2
290, 58, 1, 2
291, 58, 1, 2
292, 58, 1, 2
293, 58, 1, 2
294, 58, 1, 2
295, 58, 1, 2
296, 58, 1, 2
297, 58, 1, 2
298, 58, 1, 2
299, 58, 1, 2
300, 58, 1, 2
301, 58, 1, 2
302, 58, 1, 2
303, 58, 1, 2
304, 58, 1, 2
305, 58, 1, 2
306, 58, 1, 2
307, 58, 1, 2
308, 58, 1, 2
309, 58, 1, 2
310, 58, 1, 2
311, 58, 1, 2
312, 58, 1, 2
313, 58, 1, 2
314, 58, 1, 2
315, 58, 1, 2
316, 58, 1, 2
317, 58, 1, 2
318, 58, 1, 2
319, 58, 1, 2
320, 58, 1, 2
321, 58, 1, 2
322, 58, 1, 2
323, 58, 1, 2
324, 58, 1, 2
325, 58, 1, 2
326, 58, 1, 2
327, 58, 1, 2
328, 58, 1, 2
329, 58, 1, 2
330, 58, 1, 2
331, 58, 1, 2
332, 58, 1, 2
333, 58, 1, 2
334, 58, 1, 2
335, 58, 1, 2
336, 58, 1, 2
337, 58, 1, 2
338, 58, 1, 2
339, 58, 1, 2
340, 58, 1, 2
341, 58, 1, 2
342, 58, 1, 2
343, 58, 1, 2
344, 58, 1, 2
345, 58, 1, 2
346, 58, 1, 2
347, 58, 1, 2
348, 58, 1, 2
349, 58, 1, 2
350, 58, 1, 2
351, 58, 1, 2
352, 58, 1, 2
353, 58, 1, 2
354, 58, 1, 2
355, 58, 1, 2
356, 58, 1, 2
357, 58, 1, 2
358, 58, 1, 2
359, 58, 1, 2
360, 58, 1, 2
361, 58, 1, 2
362, 58, 1, 2
363, 58, 1, 2
364, 58, 1, 2
365, 58, 1, 2
366, 58, 1, 2
367, 58, 1, 2
368, 58, 1, 2
369, 58, 1, 2
370, 58, 1, 2
371, 58, 1, 2
372, 58, 1, 2
373, 58, 1, 2
374, 58, 1, 2
375, 58, 1, 2
376, 58, 1, 2
377, 58, 1, 2
378, 58, 1, 2
379, 58, 1, 2
380, 58, 1, 2
381, 58, 1, 2
382, 58, 1, 2
383, 58, 1, 2
384, 58, 1, 2
385, 58, 1, 2
386, 58, 1, 2
387, 58, 1, 2
388, 58, 1, 2
389, 58, 1, 2
390, 58, 1, 2
391, 58, 1, 2
392, 58, 1, 2
393, 58, 1, 2
394, 58, 1, 2
395, 58, 1, 2
396, 58, 1, 2
397, 58, 1, 2
398, 58, 1, 2
399, 58, 1, 2
400, 58, 1, 2
401, 58, 1, 2
402, 58, 1, 2
403, 58, 1, 2
404, 58, 1, 2
405, 58, 1, 2
406, 58, 1, 2
407, 58, 1, 2
408, 58, 1, 2
409, 58, 1, 2
410, 58, 1, 2
411, 58, 1, 2
412, 58, 1, 2
413, 58, 1, 2
414, 58, 1, 2
415, 58, 1, 2
416, 58, 1, 2
417, 58, 1, 2
418, 58, 1, 2
419, 58, 1, 2
420, 58, 1, 2
421, 58, 1, 2
422, 58, 1, 2
423, 58, 1, 2
424, 58, 1, 2
