Objects, 1
Object:, First Vertice:, Vertices:, First Triangle:, Triangles:
Sphere.012, 1, 215, 1, 486

Vertices, 215
Vertice:, X:, Y:, Z:
1, -0.8695167303085327, -2.0384111404418945, -1.3891525268554688
2, -0.873114824295044, -2.038465976715088, -1.3939915895462036
3, -0.846747636795044, -2.0386452674865723, -1.4098358154296875
4, -0.8650439977645874, -2.038365364074707, -1.3851080536842346
5, -0.8598679304122925, -2.038330554962158, -1.3820140361785889
6, -0.8541878461837769, -2.0383074283599854, -1.3799891471862793
7, -0.8482216596603394, -2.038297653198242, -1.3791112303733826
8, -0.8421988487243652, -2.0383009910583496, -1.379413902759552
9, -0.8363509178161621, -2.0383176803588867, -1.3808860182762146
10, -0.8309025764465332, -2.038347005844116, -1.383470356464386
11, -0.8260629177093506, -2.0383875370025635, -1.387067973613739
12, -0.8220183849334717, -2.038438320159912, -1.3915406465530396
13, -0.8189241886138916, -2.038496732711792, -1.396716296672821
14, -0.8168990612030029, -2.0385611057281494, -1.402396023273468
15, -0.816021203994751, -2.038628578186035, -1.4083619117736816
16, -0.81632399559021, -2.038696765899658, -1.414384365081787
17, -0.817795991897583, -2.0387630462646484, -1.4202318787574768
18, -0.8203805685043335, -2.0388245582580566, -1.4256799221038818
19, -0.8239784240722656, -2.03887939453125, -1.4305191040039062
20, -0.8284512758255005, -2.0389251708984375, -1.4345635175704956
21, -0.8336273431777954, -2.0389602184295654, -1.4376575946807861
22, -0.8393075466156006, -2.038983106613159, -1.4396825432777405
23, -0.8452736139297485, -2.0389928817749023, -1.4405602812767029
24, -0.8512964248657227, -2.038989543914795, -1.440257489681244
25, -0.8571444749832153, -2.038972854614258, -1.4387856721878052
26, -0.8625928163528442, -2.0389435291290283, -1.4362012147903442
27, -0.8674323558807373, -2.038902997970581, -1.4326035976409912
28, -0.8714770078659058, -2.0388522148132324, -1.4281309247016907
29, -0.8745712041854858, -2.0387938022613525, -1.422955334186554
30, -0.876596212387085, -2.038729429244995, -1.4172754287719727
31, -0.8774741888046265, -2.0386619567871094, -1.4113096594810486
32, -0.8771713972091675, -2.0385937690734863, -1.4052873253822327
33, -0.8756994009017944, -2.038527727127075, -1.399439811706543
34, -0.8531720638275146, -2.018721103668213, -1.4091006517410278
35, -0.8531886339187622, -2.0187246799468994, -1.409425973892212
36, -0.8540853261947632, -2.018993616104126, -1.4104101061820984
37, -0.8529263734817505, -2.0186970233917236, -1.4091376662254333
38, -0.8591114282608032, -2.0206613540649414, -1.4131214022636414
39, -0.8583939075469971, -2.020684242248535, -1.4151340126991272
40, -0.8590248823165894, -2.0211362838745117, -1.4158235788345337
41, -0.855819821357727, -2.019623041152954, -1.4123124480247498
42, -0.8464363813400269, -2.0188052654266357, -1.416549026966095
43, -0.8464841842651367, -2.0188052654266357, -1.416546642780304
44, -0.8464388847351074, -2.0187995433807373, -1.4164968132972717
45, -0.840259313583374, -2.018728494644165, -1.4097498655319214
46, -0.8402663469314575, -2.0187277793884277, -1.4097026586532593
47, -0.8387901782989502, -2.019226551055908, -1.4080719947814941
48, -0.8403115272521973, -2.018723249435425, -1.4097524285316467
49, -0.8278207778930664, -2.0276854038238525, -1.395955502986908
50, -0.8279730081558228, -2.027531147003174, -1.3960700035095215
51, -0.827845573425293, -2.0276851654052734, -1.3959279656410217
52, -0.8313688039779663, -2.023588180541992, -1.3998528122901917
53, -0.8427911996841431, -2.0204899311065674, -1.397960126399994
54, -0.8448635339736938, -2.02048397064209, -1.3974385261535645
55, -0.8440122604370117, -2.023496150970459, -1.391710877418518
56, -0.8483188152313232, -2.018660545349121, -1.4037585854530334
57, -0.8479964733123779, -2.018660068511963, -1.4037110805511475
58, -0.8482587337493896, -2.018638849258423, -1.403999924659729
59, -0.8690035343170166, -2.0330753326416016, -1.4263662099838257
60, -0.8659970760345459, -2.027996301651001, -1.423421323299408
61, -0.8670960664749146, -2.0299246311187744, -1.4246092438697815
62, -0.8669379949569702, -2.0299274921417236, -1.4248734712600708
63, -0.8353942632675171, -2.020561695098877, -1.4043185114860535
64, -0.8352227210998535, -2.0205650329589844, -1.4046054482460022
65, -0.8359788656234741, -2.020315408706665, -1.4049648642539978
66, -0.827823281288147, -2.0277254581451416, -1.3959028720855713
67, -0.8278223276138306, -2.0277271270751953, -1.3959017992019653
68, -0.858875036239624, -2.0280723571777344, -1.430137276649475
69, -0.8589049577713013, -2.0280721187591553, -1.4301151633262634
70, -0.8587774038314819, -2.0279147624969482, -1.4299766421318054
71, -0.8529996871948242, -2.023900032043457, -1.4274137616157532
72, -0.8553816080093384, -2.0238873958587646, -1.4262839555740356
73, -0.8510540723800659, -2.0207622051239014, -1.4220312237739563
74, -0.8513561487197876, -2.0207605361938477, -1.4218879342079163
75, -0.850771427154541, -2.0204997062683105, -1.421247124671936
76, -0.847960352897644, -2.019340753555298, -1.4181656241416931
77, -0.8453651666641235, -2.0194926261901855, -1.4008049368858337
78, -0.8505924940109253, -2.018564224243164, -1.4065699577331543
79, -0.847099781036377, -2.018906593322754, -1.4027210474014282
80, -0.8454223871231079, -2.0186917781829834, -1.4153790473937988
81, -0.8244918584823608, -2.032702684402466, -1.3934357166290283
82, -0.8270430564880371, -2.0291295051574707, -1.3950281143188477
83, -0.8267889022827148, -2.0295865535736084, -1.3947431445121765
84, -0.8404957056045532, -2.0235061645507812, -1.3925960659980774
85, -0.8387162685394287, -2.0235157012939453, -1.3934399485588074
86, -0.8421602249145508, -2.0209262371063232, -1.3972605466842651
87, -0.8624687194824219, -2.0238115787506104, -1.4195845127105713
88, -0.8433752059936523, -2.018575429916382, -1.4131267666816711
89, -0.8439846038818359, -2.01859188079834, -1.4137974977493286
90, -0.8634792566299438, -2.0237925052642822, -1.4178942441940308
91, -0.8515557050704956, -2.0186824798583984, -1.405693531036377
92, -0.8523154258728027, -2.0186941623687744, -1.406715452671051
93, -0.8576692342758179, -2.020552158355713, -1.4034768342971802
94, -0.8561789989471436, -2.0205295085906982, -1.4014723300933838
95, -0.8626034259796143, -2.0235953330993652, -1.400477111339569
96, -0.8604397773742676, -2.023562431335449, -1.3975670337677002
97, -0.866928219795227, -2.0277066230773926, -1.3978314399719238
98, -0.864174485206604, -2.02766489982605, -1.3941276669502258
99, -0.8704774379730225, -2.0327277183532715, -1.3956416249275208
100, -0.8672394752502441, -2.0326783657073975, -1.3912864327430725
101, -0.8728035688400269, -2.032783269882202, -1.400544822216034
102, -0.8689062595367432, -2.0277538299560547, -1.402001142501831
103, -0.8641576766967773, -2.023632287979126, -1.4037532210350037
104, -0.8587397336959839, -2.020577907562256, -1.4057335257530212
105, -0.8528612852096558, -2.018707036972046, -1.407865822315216
106, -0.8593496084213257, -2.0206050872802734, -1.4081556797027588
107, -0.8650428056716919, -2.023672103881836, -1.4072695970535278
108, -0.8700330257415771, -2.0278046131134033, -1.4064767956733704
109, -0.8741282224655151, -2.0328426361083984, -1.4058074355125427
110, -0.8744008541107178, -2.0329041481018066, -1.4112274646759033
111, -0.8702647686004639, -2.0278568267822266, -1.4110861420631409
112, -0.8652249574661255, -2.0237131118774414, -1.4108911752700806
113, -0.8594748973846436, -2.0206334590911865, -1.4106501340866089
114, -0.8646969795227051, -2.0237536430358887, -1.4144787192344666
115, -0.8695929050445557, -2.0279083251953125, -1.415652096271515
116, -0.8736106157302856, -2.0329647064208984, -1.4165964126586914
117, -0.8717881441116333, -2.03302264213562, -1.421708106994629
118, -0.8680428266525269, -2.0279576778411865, -1.4199992418289185
119, -0.865363359451294, -2.03312087059021, -1.4303914308547974
120, -0.861007809638977, -2.0331575870513916, -1.4336290955543518
121, -0.8561044931411743, -2.0331838130950928, -1.4359550476074219
122, -0.8547049760818481, -2.02809476852417, -1.4321151971817017
123, -0.8486318588256836, -2.0207691192626953, -1.4226409196853638
124, -0.8494831323623657, -2.0239100456237793, -1.428298830986023
125, -0.8502291440963745, -2.0281074047088623, -1.4332419037818909
126, -0.8508414030075073, -2.033198833465576, -1.437279760837555
127, -0.8454211950302124, -2.0332019329071045, -1.4375523328781128
128, -0.8456195592880249, -2.0281100273132324, -1.4334736466407776
129, -0.8458613157272339, -2.023912191390991, -1.4284809827804565
130, -0.8461370468139648, -2.02077054977417, -1.422766089439392
131, -0.8451765775680542, -2.018803358078003, -1.4163637161254883
132, -0.8436658382415771, -2.020766496658325, -1.4224026203155518
133, -0.842273473739624, -2.0239062309265137, -1.4279529452323914
134, -0.8410532474517822, -2.028102397918701, -1.4328017234802246
135, -0.8400517702102661, -2.0331931114196777, -1.4367621541023254
136, -0.83493971824646, -2.033172369003296, -1.434939980506897
137, -0.8367056846618652, -2.0280849933624268, -1.4312517642974854
138, -0.838857889175415, -2.023892402648926, -1.4267353415489197
139, -0.8413131237030029, -2.020756959915161, -1.4215638041496277
140, -0.8439770936965942, -2.018798351287842, -1.4159361124038696
141, -0.8428841829299927, -2.0187909603118896, -1.4152827262878418
142, -0.8391691446304321, -2.020742416381836, -1.420282244682312
143, -0.8357452154159546, -2.023871421813965, -1.4248748421669006
144, -0.8327442407608032, -2.0280580520629883, -1.4288837313652039
145, -0.8302814960479736, -2.0331408977508545, -1.4321553111076355
146, -0.8262559175491333, -2.03309965133667, -1.4285154938697815
147, -0.8293209075927734, -2.0280230045318604, -1.4257882833480835
148, -0.8330554962158203, -2.023843765258789, -1.4224426746368408
149, -0.8373162746429443, -2.020723581314087, -1.4186069965362549
150, -0.8419395685195923, -2.0187814235687256, -1.4144287109375
151, -0.8411799669265747, -2.0187697410583496, -1.4134068489074707
152, -0.8358261585235596, -2.020700693130493, -1.416602611541748
153, -0.8308918476104736, -2.023810863494873, -1.4195327758789062
154, -0.8265671730041504, -2.0279812812805176, -1.4220845699310303
155, -0.823017954826355, -2.033050298690796, -1.4241603016853333
156, -0.820691704750061, -2.0329949855804443, -1.4192571640014648
157, -0.8245890140533447, -2.0279340744018555, -1.417914867401123
158, -0.8293377161026001, -2.0237739086151123, -1.4162565469741821
159, -0.8347554206848145, -2.0206751823425293, -1.4143457412719727
160, -0.8406341075897217, -2.018756866455078, -1.4122564792633057
161, -0.8403232097625732, -2.018742799758911, -1.411021649837494
162, -0.8341457843780518, -2.0206477642059326, -1.4119237661361694
163, -0.8284525871276855, -2.0237340927124023, -1.4127402305603027
164, -0.8234623670578003, -2.027883291244507, -1.4134392142295837
165, -0.8193670511245728, -2.032935380935669, -1.4139943718910217
166, -0.8190944194793701, -2.03287410736084, -1.4085743427276611
167, -0.8232306241989136, -2.0278310775756836, -1.408829927444458
168, -0.8282703161239624, -2.023693084716797, -1.4091185331344604
169, -0.8340203762054443, -2.0206196308135986, -1.4094291925430298
170, -0.8343839645385742, -2.0205917358398438, -1.4069580435752869
171, -0.8287984132766724, -2.0236525535583496, -1.4055309891700745
172, -0.8239024877548218, -2.0277795791625977, -1.4042639136314392
173, -0.8198846578598022, -2.032813310623169, -1.403205394744873
174, -0.821707010269165, -2.0327553749084473, -1.398093581199646
175, -0.8254525661468506, -2.0277302265167236, -1.3999167680740356
176, -0.8300161361694336, -2.023613929748535, -1.4021155834197998
177, -0.828131914138794, -2.0326571464538574, -1.3894104957580566
178, -0.8324873447418213, -2.032620429992676, -1.3861726522445679
179, -0.8373907804489136, -2.0325942039489746, -1.383846640586853
180, -0.8432661294937134, -2.027580499649048, -1.3866741061210632
181, -0.8387902975082397, -2.0275931358337402, -1.3878008127212524
182, -0.8426538705825806, -2.032579183578491, -1.3825220465660095
183, -0.848074197769165, -2.032576084136963, -1.3822494745254517
184, -0.8478758335113525, -2.0275778770446777, -1.386442482471466
185, -0.847633957862854, -2.023494005203247, -1.3915287256240845
186, -0.847358226776123, -2.0204825401306152, -1.3973132371902466
187, -0.8498295545578003, -2.02048659324646, -1.3976768255233765
188, -0.8512219190597534, -2.0234999656677246, -1.3920568227767944
189, -0.8524420261383057, -2.027585506439209, -1.3871142864227295
190, -0.8534435033798218, -2.0325851440429688, -1.3830395936965942
191, -0.8585556745529175, -2.0326056480407715, -1.384861946105957
192, -0.8567895889282227, -2.0276029109954834, -1.3886642456054688
193, -0.854637622833252, -2.0235137939453125, -1.3932744264602661
194, -0.852182149887085, -2.020496129989624, -1.3985154628753662
195, -0.8495182991027832, -2.0186655521392822, -1.404186189174652
196, -0.8506112098693848, -2.0186729431152344, -1.4048396348953247
197, -0.8543262481689453, -2.020510673522949, -1.3997972011566162
198, -0.8577501773834229, -2.0235347747802734, -1.3951350450515747
199, -0.8607510328292847, -2.027629852294922, -1.3910322189331055
200, -0.8632138967514038, -2.032637119293213, -1.3876466155052185
201, -0.8512873649597168, -2.018582820892334, -1.4073346257209778
202, -0.8498977422714233, -2.0185654163360596, -1.4058051109313965
203, -0.8520393371582031, -2.0186243057250977, -1.408161997795105
204, -0.8599616289138794, -2.0299997329711914, -1.431256651878357
205, -0.8446441888809204, -2.0186281204223633, -1.4145231246948242
206, -0.8427658081054688, -2.0185766220092773, -1.412455976009369
207, -0.8421061038970947, -2.018596649169922, -1.4117295145988464
208, -0.8413281440734863, -2.0186407566070557, -1.4108725190162659
209, -0.8338108062744141, -2.029515027999878, -1.388410210609436
210, -0.8340890407562256, -2.0295135974884033, -1.3882781267166138
211, -0.8473365306854248, -2.0188417434692383, -1.4029825329780579
212, -0.849145770072937, -2.0185883045196533, -1.4049769639968872
213, -0.863635778427124, -2.0299689769744873, -1.4285252690315247
214, -0.8298594951629639, -2.029548168182373, -1.3913474678993225
215, -0.8351880311965942, -2.0276124477386475, -1.3895095586776733

Triangles, 424
Triangle:, Side1:, Side2:, Side3:
1, 1, 2, 3
2, 4, 1, 3
3, 5, 4, 3
4, 6, 5, 3
5, 7, 6, 3
6, 8, 7, 3
7, 9, 8, 3
8, 10, 9, 3
9, 11, 10, 3
10, 12, 11, 3
11, 13, 12, 3
12, 14, 13, 3
13, 15, 14, 3
14, 16, 15, 3
15, 17, 16, 3
16, 18, 17, 3
17, 19, 18, 3
18, 20, 19, 3
19, 21, 20, 3
20, 22, 21, 3
21, 23, 22, 3
22, 24, 23, 3
23, 25, 24, 3
24, 26, 25, 3
25, 27, 26, 3
26, 28, 27, 3
27, 29, 28, 3
28, 30, 29, 3
29, 31, 30, 3
30, 32, 31, 3
31, 33, 32, 3
32, 2, 33, 3
33, 34, 35, 36
34, 35, 34, 37
35, 38, 39, 40
36, 39, 38, 41
37, 42, 43, 44
38, 45, 46, 47
39, 46, 45, 48
40, 49, 50, 51
41, 52, 50, 49
42, 53, 54, 55
43, 56, 57, 58
44, 59, 60, 61
45, 62, 59, 61
46, 63, 64, 65
47, 49, 66, 67
48, 49, 51, 66
49, 68, 69, 70
50, 71, 70, 72
51, 73, 74, 75
52, 42, 76, 43
53, 53, 77, 54
54, 78, 79, 77
55, 76, 75, 74
56, 70, 80, 44
57, 81, 82, 83
58, 84, 85, 86
59, 86, 85, 78
60, 36, 87, 41
61, 88, 89, 70
62, 90, 40, 87
63, 91, 92, 93
64, 91, 93, 94
65, 94, 93, 95
66, 94, 95, 96
67, 96, 95, 97
68, 96, 97, 98
69, 98, 97, 99
70, 98, 99, 100
71, 2, 1, 100
72, 2, 100, 99
73, 99, 101, 33
74, 99, 33, 2
75, 97, 102, 101
76, 97, 101, 99
77, 95, 103, 102
78, 95, 102, 97
79, 93, 104, 103
80, 93, 103, 95
81, 92, 105, 104
82, 92, 104, 93
83, 105, 34, 106
84, 105, 106, 104
85, 104, 106, 107
86, 104, 107, 103
87, 103, 107, 108
88, 103, 108, 102
89, 102, 108, 109
90, 102, 109, 101
91, 101, 109, 32
92, 101, 32, 33
93, 109, 110, 31
94, 109, 31, 32
95, 108, 111, 110
96, 108, 110, 109
97, 107, 112, 111
98, 107, 111, 108
99, 106, 113, 112
100, 106, 112, 107
101, 34, 36, 113
102, 34, 113, 106
103, 113, 38, 114
104, 113, 114, 112
105, 112, 114, 115
106, 112, 115, 111
107, 111, 115, 116
108, 111, 116, 110
109, 110, 116, 30
110, 110, 30, 31
111, 116, 117, 29
112, 116, 29, 30
113, 115, 118, 117
114, 115, 117, 116
115, 114, 90, 118
116, 114, 118, 115
117, 38, 40, 90
118, 38, 90, 114
119, 118, 60, 59
120, 118, 59, 117
121, 117, 59, 28
122, 117, 28, 29
123, 59, 119, 27
124, 59, 27, 28
125, 119, 120, 26
126, 119, 26, 27
127, 120, 121, 25
128, 120, 25, 26
129, 68, 122, 121
130, 68, 121, 120
131, 73, 123, 124
132, 73, 124, 71
133, 71, 124, 125
134, 71, 125, 122
135, 122, 125, 126
136, 122, 126, 121
137, 121, 126, 24
138, 121, 24, 25
139, 126, 127, 23
140, 126, 23, 24
141, 125, 128, 127
142, 125, 127, 126
143, 124, 129, 128
144, 124, 128, 125
145, 123, 130, 129
146, 123, 129, 124
147, 42, 131, 132
148, 42, 132, 130
149, 130, 132, 133
150, 130, 133, 129
151, 129, 133, 134
152, 129, 134, 128
153, 128, 134, 135
154, 128, 135, 127
155, 127, 135, 22
156, 127, 22, 23
157, 135, 136, 21
158, 135, 21, 22
159, 134, 137, 136
160, 134, 136, 135
161, 133, 138, 137
162, 133, 137, 134
163, 132, 139, 138
164, 132, 138, 133
165, 131, 140, 139
166, 131, 139, 132
167, 140, 141, 142
168, 140, 142, 139
169, 139, 142, 143
170, 139, 143, 138
171, 138, 143, 144
172, 138, 144, 137
173, 137, 144, 145
174, 137, 145, 136
175, 136, 145, 20
176, 136, 20, 21
177, 145, 146, 19
178, 145, 19, 20
179, 144, 147, 146
180, 144, 146, 145
181, 143, 148, 147
182, 143, 147, 144
183, 142, 149, 148
184, 142, 148, 143
185, 141, 150, 149
186, 141, 149, 142
187, 150, 151, 152
188, 150, 152, 149
189, 149, 152, 153
190, 149, 153, 148
191, 148, 153, 154
192, 148, 154, 147
193, 147, 154, 155
194, 147, 155, 146
195, 146, 155, 18
196, 146, 18, 19
197, 155, 156, 17
198, 155, 17, 18
199, 154, 157, 156
200, 154, 156, 155
201, 153, 158, 157
202, 153, 157, 154
203, 152, 159, 158
204, 152, 158, 153
205, 151, 160, 159
206, 151, 159, 152
207, 160, 161, 162
208, 160, 162, 159
209, 159, 162, 163
210, 159, 163, 158
211, 158, 163, 164
212, 158, 164, 157
213, 157, 164, 165
214, 157, 165, 156
215, 156, 165, 16
216, 156, 16, 17
217, 165, 166, 15
218, 165, 15, 16
219, 164, 167, 166
220, 164, 166, 165
221, 163, 168, 167
222, 163, 167, 164
223, 162, 169, 168
224, 162, 168, 163
225, 161, 45, 169
226, 161, 169, 162
227, 45, 47, 170
228, 45, 170, 169
229, 169, 170, 171
230, 169, 171, 168
231, 168, 171, 172
232, 168, 172, 167
233, 167, 172, 173
234, 167, 173, 166
235, 166, 173, 14
236, 166, 14, 15
237, 173, 174, 13
238, 173, 13, 14
239, 172, 175, 174
240, 172, 174, 173
241, 171, 176, 175
242, 171, 175, 172
243, 170, 64, 176
244, 170, 176, 171
245, 176, 52, 49
246, 176, 49, 175
247, 175, 49, 81
248, 175, 81, 174
249, 174, 81, 12
250, 174, 12, 13
251, 81, 177, 11
252, 81, 11, 12
253, 177, 178, 10
254, 177, 10, 11
255, 178, 179, 9
256, 178, 9, 10
257, 84, 55, 180
258, 84, 180, 181
259, 181, 180, 182
260, 181, 182, 179
261, 179, 182, 8
262, 179, 8, 9
263, 182, 183, 7
264, 182, 7, 8
265, 180, 184, 183
266, 180, 183, 182
267, 55, 185, 184
268, 55, 184, 180
269, 54, 186, 185
270, 54, 185, 55
271, 186, 187, 188
272, 186, 188, 185
273, 185, 188, 189
274, 185, 189, 184
275, 184, 189, 190
276, 184, 190, 183
277, 183, 190, 6
278, 183, 6, 7
279, 190, 191, 5
280, 190, 5, 6
281, 189, 192, 191
282, 189, 191, 190
283, 188, 193, 192
284, 188, 192, 189
285, 187, 194, 193
286, 187, 193, 188
287, 56, 195, 194
288, 56, 194, 187
289, 195, 196, 197
290, 195, 197, 194
291, 194, 197, 198
292, 194, 198, 193
293, 193, 198, 199
294, 193, 199, 192
295, 192, 199, 200
296, 192, 200, 191
297, 191, 200, 4
298, 191, 4, 5
299, 1, 4, 200
300, 1, 200, 100
301, 199, 98, 100
302, 199, 100, 200
303, 198, 96, 98
304, 198, 98, 199
305, 197, 94, 96
306, 197, 96, 198
307, 196, 91, 94
308, 196, 94, 197
309, 91, 78, 201
310, 91, 201, 92
311, 78, 91, 196
312, 78, 196, 202
313, 105, 92, 201
314, 105, 201, 203
315, 105, 203, 37
316, 105, 37, 34
317, 38, 113, 36
318, 38, 36, 41
319, 37, 87, 36
320, 37, 36, 35
321, 41, 87, 40
322, 41, 40, 39
323, 69, 68, 120
324, 69, 120, 204
325, 122, 68, 70
326, 122, 70, 71
327, 123, 73, 75
328, 123, 75, 76
329, 130, 123, 76
330, 130, 76, 42
331, 131, 42, 44
332, 131, 44, 80
333, 140, 131, 80
334, 140, 80, 205
335, 141, 140, 205
336, 141, 205, 89
337, 151, 150, 88
338, 151, 88, 206
339, 151, 206, 207
340, 151, 207, 160
341, 161, 160, 207
342, 161, 207, 208
343, 88, 52, 207
344, 88, 207, 206
345, 161, 208, 48
346, 161, 48, 45
347, 64, 170, 47
348, 64, 47, 65
349, 48, 52, 47
350, 48, 47, 46
351, 178, 209, 210
352, 178, 210, 179
353, 55, 84, 86
354, 55, 86, 53
355, 186, 54, 77
356, 186, 77, 79
357, 187, 186, 79
358, 187, 79, 211
359, 57, 56, 187
360, 57, 187, 211
361, 195, 56, 58
362, 195, 58, 212
363, 79, 78, 58
364, 79, 58, 57
365, 196, 195, 212
366, 196, 212, 202
367, 78, 202, 212
368, 78, 212, 58
369, 60, 78, 210
370, 60, 210, 61
371, 205, 80, 70
372, 205, 70, 89
373, 49, 67, 82
374, 49, 82, 81
375, 51, 69, 82
376, 51, 82, 66
377, 90, 87, 60
378, 90, 60, 118
379, 59, 62, 213
380, 59, 213, 119
381, 61, 210, 213
382, 61, 213, 62
383, 69, 51, 50
384, 69, 50, 52
385, 213, 204, 120
386, 213, 120, 119
387, 71, 72, 74
388, 71, 74, 73
389, 70, 76, 74
390, 70, 74, 72
391, 76, 70, 44
392, 76, 44, 43
393, 141, 89, 88
394, 141, 88, 150
395, 69, 52, 88
396, 69, 88, 70
397, 64, 63, 52
398, 64, 52, 176
399, 214, 209, 178
400, 214, 178, 177
401, 179, 210, 215
402, 179, 215, 181
403, 78, 85, 215
404, 78, 215, 210
405, 181, 215, 85
406, 181, 85, 84
407, 78, 77, 53
408, 78, 53, 86
409, 203, 60, 87
410, 203, 87, 37
411, 52, 48, 208
412, 52, 208, 207
413, 204, 83, 82
414, 204, 82, 69
415, 81, 83, 214
416, 81, 214, 177
417, 209, 214, 213
418, 209, 213, 210
419, 60, 203, 201
420, 60, 201, 78
421, 52, 63, 65
422, 52, 65, 47
423, 213, 214, 83
424, 213, 83, 204

Colors, 424
Triangle:, Red:, Green:, Blue:
1, 58, 1, 2
2, 58, 1, 2
3, 58, 1, 2
4, 58, 1, 2
5, 58, 1, 2
6, 58, 1, 2
7, 58, 1, 2
8, 58, 1, 2
9, 58, 1, 2
10, 58, 1, 2
11, 58, 1, 2
12, 58, 1, 2
13, 58, 1, 2
14, 58, 1, 2
15, 58, 1, 2
16, 58, 1, 2
17, 58, 1, 2
18, 58, 1, 2
19, 58, 1, 2
20, 58, 1, 2
21, 58, 1, 2
22, 58, 1, 2
23, 58, 1, 2
24, 58, 1, 2
25, 58, 1, 2
26, 58, 1, 2
27, 58, 1, 2
28, 58, 1, 2
29, 58, 1, 2
30, 58, 1, 2
31, 58, 1, 2
32, 58, 1, 2
33, 58, 1, 2
34, 58, 1, 2
35, 58, 1, 2
36, 58, 1, 2
37, 58, 1, 2
38, 58, 1, 2
39, 58, 1, 2
40, 58, 1, 2
41, 58, 1, 2
42, 58, 1, 2
43, 58, 1, 2
44, 58, 1, 2
45, 58, 1, 2
46, 58, 1, 2
47, 58, 1, 2
48, 58, 1, 2
49, 58, 1, 2
50, 58, 1, 2
51, 58, 1, 2
52, 58, 1, 2
53, 58, 1, 2
54, 58, 1, 2
55, 58, 1, 2
56, 58, 1, 2
57, 58, 1, 2
58, 58, 1, 2
59, 58, 1, 2
60, 58, 1, 2
61, 58, 1, 2
62, 58, 1, 2
63, 58, 1, 2
64, 58, 1, 2
65, 58, 1, 2
66, 58, 1, 2
67, 58, 1, 2
68, 58, 1, 2
69, 58, 1, 2
70, 58, 1, 2
71, 58, 1, 2
72, 58, 1, 2
73, 58, 1, 2
74, 58, 1, 2
75, 58, 1, 2
76, 58, 1, 2
77, 58, 1, 2
78, 58, 1, 2
79, 58, 1, 2
80, 58, 1, 2
81, 58, 1, 2
82, 58, 1, 2
83, 58, 1, 2
84, 58, 1, 2
85, 58, 1, 2
86, 58, 1, 2
87, 58, 1, 2
88, 58, 1, 2
89, 58, 1, 2
90, 58, 1, 2
91, 58, 1, 2
92, 58, 1, 2
93, 58, 1, 2
94, 58, 1, 2
95, 58, 1, 2
96, 58, 1, 2
97, 58, 1, 2
98, 58, 1, 2
99, 58, 1, 2
100, 58, 1, 2
101, 58, 1, 2
102, 58, 1, 2
103, 58, 1, 2
104, 58, 1, 2
105, 58, 1, 2
106, 58, 1, 2
107, 58, 1, 2
108, 58, 1, 2
109, 58, 1, 2
110, 58, 1, 2
111, 58, 1, 2
112, 58, 1, 2
113, 58, 1, 2
114, 58, 1, 2
115, 58, 1, 2
116, 58, 1, 2
117, 58, 1, 2
118, 58, 1, 2
119, 58, 1, 2
120, 58, 1, 2
121, 58, 1, 2
122, 58, 1, 2
123, 58, 1, 2
124, 58, 1, 2
125, 58, 1, 2
126, 58, 1, 2
127, 58, 1, 2
128, 58, 1, 2
129, 58, 1, 2
130, 58, 1, 2
131, 58, 1, 2
132, 58, 1, 2
133, 58, 1, 2
134, 58, 1, 2
135, 58, 1, 2
136, 58, 1, 2
137, 58, 1, 2
138, 58, 1, 2
139, 58, 1, 2
140, 58, 1, 2
141, 58, 1, 2
142, 58, 1, 2
143, 58, 1, 2
144, 58, 1, 2
145, 58, 1, 2
146, 58, 1, 2
147, 58, 1, 2
148, 58, 1, 2
149, 58, 1, 2
150, 58, 1, 2
151, 58, 1, 2
152, 58, 1, 2
153, 58, 1, 2
154, 58, 1, 2
155, 58, 1, 2
156, 58, 1, 2
157, 58, 1, 2
158, 58, 1, 2
159, 58, 1, 2
160, 58, 1, 2
161, 58, 1, 2
162, 58, 1, 2
163, 58, 1, 2
164, 58, 1, 2
165, 58, 1, 2
166, 58, 1, 2
167, 58, 1, 2
168, 58, 1, 2
169, 58, 1, 2
170, 58, 1, 2
171, 58, 1, 2
172, 58, 1, 2
173, 58, 1, 2
174, 58, 1, 2
175, 58, 1, 2
176, 58, 1, 2
177, 58, 1, 2
178, 58, 1, 2
179, 58, 1, 2
180, 58, 1, 2
181, 58, 1, 2
182, 58, 1, 2
183, 58, 1, 2
184, 58, 1, 2
185, 58, 1, 2
186, 58, 1, 2
187, 58, 1, 2
188, 58, 1, 2
189, 58, 1, 2
190, 58, 1, 2
191, 58, 1, 2
192, 58, 1, 2
193, 58, 1, 2
194, 58, 1, 2
195, 58, 1, 2
196, 58, 1, 2
197, 58, 1, 2
198, 58, 1, 2
199, 58, 1, 2
200, 58, 1, 2
201, 58, 1, 2
202, 58, 1, 2
203, 58, 1, 2
204, 58, 1, 2
205, 58, 1, 2
206, 58, 1, 2
207, 58, 1, 2
208, 58, 1, 2
209, 58, 1, 2
210, 58, 1, 2
211, 58, 1, 2
212, 58, 1, 2
213, 58, 1, 2
214, 58, 1, 2
215, 58, 1, 2
216, 58, 1, 2
217, 58, 1, 2
218, 58, 1, 2
219, 58, 1, 2
220, 58, 1, 2
221, 58, 1, 2
222, 58, 1, 2
223, 58, 1, 2
224, 58, 1, 2
225, 58, 1, 2
226, 58, 1, 2
227, 58, 1, 2
228, 58, 1, 2
229, 58, 1, 2
230, 58, 1, 2
231, 58, 1, 2
232, 58, 1, 2
233, 58, 1, 2
234, 58, 1, 2
235, 58, 1, 2
236, 58, 1, 2
237, 58, 1, 2
238, 58, 1, 2
239, 58, 1, 2
240, 58, 1, 2
241, 58, 1, 2
242, 58, 1, 2
243, 58, 1, 2
244, 58, 1, 2
245, 58, 1, 2
246, 58, 1, 2
247, 58, 1, 2
248, 58, 1, 2
249, 58, 1, 2
250, 58, 1, 2
251, 58, 1, 2
252, 58, 1, 2
253, 58, 1, 2
254, 58, 1, 2
255, 58, 1, 2
256, 58, 1, 2
257, 58, 1, 2
258, 58, 1, 2
259, 58, 1, 2
260, 58, 1, 2
261, 58, 1, 2
262, 58, 1, 2
263, 58, 1, 2
264, 58, 1, 2
265, 58, 1, 2
266, 58, 1, 2
267, 58, 1, 2
268, 58, 1, 2
269, 58, 1, 2
270, 58, 1, 2
271, 58, 1, 2
272, 58, 1, 2
273, 58, 1, 2
274, 58, 1, 2
275, 58, 1, 2
276, 58, 1, 2
277, 58, 1, 2
278, 58, 1, 2
279, 58, 1, 2
280, 58, 1, 2
281, 58, 1, 2
282, 58, 1, 2
283, 58, 1, 2
284, 58, 1, 2
285, 58, 1, 2
286, 58, 1, 2
287, 58, 1, 2
288, 58, 1, 2
289, 58, 1, 2
290, 58, 1, 2
291, 58, 1, 2
292, 58, 1, 2
293, 58, 1, 2
294, 58, 1, 2
295, 58, 1, 2
296, 58, 1, 2
297, 58, 1, 2
298, 58, 1, 2
299, 58, 1, 2
300, 58, 1, 2
301, 58, 1, 2
302, 58, 1, 2
303, 58, 1, 2
304, 58, 1, 2
305, 58, 1, 2
306, 58, 1, 2
307, 58, 1, 2
308, 58, 1, 2
309, 58, 1, 2
310, 58, 1, 2
311, 58, 1, 2
312, 58, 1, 2
313, 58, 1, 2
314, 58, 1, 2
315, 58, 1, 2
316, 58, 1, 2
317, 58, 1, 2
318, 58, 1, 2
319, 58, 1, 2
320, 58, 1, 2
321, 58, 1, 2
322, 58, 1, 2
323, 58, 1, 2
324, 58, 1, 2
325, 58, 1, 2
326, 58, 1, 2
327, 58, 1, 2
328, 58, 1, 2
329, 58, 1, 2
330, 58, 1, 2
331, 58, 1, 2
332, 58, 1, 2
333, 58, 1, 2
334, 58, 1, 2
335, 58, 1, 2
336, 58, 1, 2
337, 58, 1, 2
338, 58, 1, 2
339, 58, 1, 2
340, 58, 1, 2
341, 58, 1, 2
342, 58, 1, 2
343, 58, 1, 2
344, 58, 1, 2
345, 58, 1, 2
346, 58, 1, 2
347, 58, 1, 2
348, 58, 1, 2
349, 58, 1, 2
350, 58, 1, 2
351, 58, 1, 2
352, 58, 1, 2
353, 58, 1, 2
354, 58, 1, 2
355, 58, 1, 2
356, 58, 1, 2
357, 58, 1, 2
358, 58, 1, 2
359, 58, 1, 2
360, 58, 1, 2
361, 58, 1, 2
362, 58, 1, 2
363, 58, 1, 2
364, 58, 1, 2
365, 58, 1, 2
366, 58, 1, 2
367, 58, 1, 2
368, 58, 1, 2
369, 58, 1, 2
370, 58, 1, 2
371, 58, 1, 2
372, 58, 1, 2
373, 58, 1, 2
374, 58, 1, 2
375, 58, 1, 2
376, 58, 1, 2
377, 58, 1, 2
378, 58, 1, 2
379, 58, 1, 2
380, 58, 1, 2
381, 58, 1, 2
382, 58, 1, 2
383, 58, 1, 2
384, 58, 1, 2
385, 58, 1, 2
386, 58, 1, 2
387, 58, 1, 2
388, 58, 1, 2
389, 58, 1, 2
390, 58, 1, 2
391, 58, 1, 2
392, 58, 1, 2
393, 58, 1, 2
394, 58, 1, 2
395, 58, 1, 2
396, 58, 1, 2
397, 58, 1, 2
398, 58, 1, 2
399, 58, 1, 2
400, 58, 1, 2
401, 58, 1, 2
402, 58, 1, 2
403, 58, 1, 2
404, 58, 1, 2
405, 58, 1, 2
406, 58, 1, 2
407, 58, 1, 2
408, 58, 1, 2
409, 58, 1, 2
410, 58, 1, 2
411, 58, 1, 2
412, 58, 1, 2
413, 58, 1, 2
414, 58, 1, 2
415, 58, 1, 2
416, 58, 1, 2
417, 58, 1, 2
418, 58, 1, 2
419, 58, 1, 2
420, 58, 1, 2
421, 58, 1, 2
422, 58, 1, 2
423, 58, 1, 2
424, 58, 1, 2
