Objects, 1
Object:, First Vertice:, Vertices:, First Triangle:, Triangles:
Sphere.004, 1, 215, 1, 486

Vertices, 215
Vertice:, X:, Y:, Z:
1, -0.8087820317596197, -2.1151107996702194, -1.3660994060337543
2, -0.8141924347728491, -2.1150529235601425, -1.3609856124967337
3, -0.8374488709571182, -2.115392731502652, -1.3910077156033367
4, -0.804473027586937, -2.115179505199194, -1.3721701931208372
5, -0.8014314882457256, -2.1152564082294703, -1.37896500620991
6, -0.7997739128768444, -2.1153385508805513, -1.3862225990742445
7, -0.7995643354952335, -2.115422774106264, -1.393664103699848
8, -0.8008104525506496, -2.1155058443546295, -1.4010035395622253
9, -0.803464736789465, -2.115584566257894, -1.4079587906599045
10, -0.8074248488992453, -2.1156559186056256, -1.4142626635730267
11, -0.812538854777813, -2.1157171530649066, -1.4196728505194187
12, -0.8186101447790861, -2.115765922702849, -1.4239814467728138
13, -0.8254053918644786, -2.115800349973142, -1.4270227923989296
14, -0.8326634475961328, -2.115819113329053, -1.4286802634596825
15, -0.8401054299902171, -2.1158214891329408, -1.4288898259401321
16, -0.8474453333765268, -2.1158073879778385, -1.4276437871158123
17, -0.8544010315090418, -2.1157773537561297, -1.4249896742403507
18, -0.8607053086161613, -2.115732539445162, -1.4210298173129559
19, -0.8661158382892609, -2.1156746661290526, -1.4159161373972893
20, -0.8704247139394283, -2.115605956874788, -1.4098452385514975
21, -0.8734662532806396, -2.1155290538445115, -1.4030504217371345
22, -0.8751238286495209, -2.115446912124753, -1.3957928330637515
23, -0.8753334060311317, -2.115362687036395, -1.3883513268083334
24, -0.8740872889757156, -2.1152796167880297, -1.3810118911787868
25, -0.8714330047369003, -2.1152008958160877, -1.374056639149785
26, -0.8674728944897652, -2.1151295453310013, -1.3677527662366629
27, -0.8623588867485523, -2.115068309009075, -1.362342581152916
28, -0.8562875986099243, -2.115019539371133, -1.3580339848995209
29, -0.8494923505932093, -2.1149851139634848, -1.354992639273405
30, -0.8422342948615551, -2.1149663496762514, -1.353335164487362
31, -0.8347923113033175, -2.114963972941041, -1.3531256057322025
32, -0.8274524062871933, -2.1149780731648207, -1.3543716445565224
33, -0.8204967081546783, -2.115008108317852, -1.3570257537066936
34, -0.8353380165062845, -2.09072070941329, -1.3835496734827757
35, -0.835734476451762, -2.090719949454069, -1.383482330944389
36, -0.8368144857813604, -2.0910242944955826, -1.3822359088808298
37, -0.8354187610093504, -2.090693846344948, -1.3838459812104702
38, -0.8394310488365591, -2.092970736324787, -1.3756549898535013
39, -0.8420030763372779, -2.09297738596797, -1.3762422800064087
40, -0.8427629773505032, -2.093516256660223, -1.3753616148605943
41, -0.8389033430721611, -2.091747373342514, -1.379823668859899
42, -0.845448768697679, -2.090801928192377, -1.3907250291958917
43, -0.8454388482496142, -2.0908012688159943, -1.3906668345007347
44, -0.8453843519091606, -2.0907956287264824, -1.3907296185643645
45, -0.8380098583875224, -2.090898811817169, -1.3992853350937366
46, -0.8379508452489972, -2.0908987931907177, -1.3992836335673928
47, -0.8361731984186918, -2.0915604792535305, -1.401322029531002
48, -0.8380053414148279, -2.090891730040312, -1.3992209937423468
49, -0.8230303544551134, -2.10234335064888, -1.41639562882483
50, -0.8231464279815555, -2.102148974314332, -1.4161946214735508
51, -0.8229929618537426, -2.102343050763011, -1.4163690470159054
52, -0.8272358728572726, -2.097175870090723, -1.4115443900227547
53, -0.823213261552155, -2.093222104012966, -1.3978646090254188
54, -0.8222727319225669, -2.093194205313921, -1.3953998773358762
55, -0.8154166229069233, -2.0970138236880302, -1.3972274945117533
56, -0.8294932227581739, -2.090796831995249, -1.3902755543240346
57, -0.8294818643480539, -2.090801380574703, -1.3906775080686202
58, -0.8297975803725421, -2.090767055749893, -1.3903145397780463
59, -0.8544032275676727, -2.1079505402594805, -1.361412601545453
60, -0.8511593900620937, -2.1017685122787952, -1.3656048215925694
61, -0.8524829391390085, -2.104115242138505, -1.3640549927949905
62, -0.852829797193408, -2.104117000475526, -1.3642103839665651
63, -0.8320836429484189, -2.0933142825961113, -1.4060088256374002
64, -0.8324603899382055, -2.0933161936700344, -1.40617745090276
65, -0.8327876986004412, -2.0929920226335526, -1.4052021792158484
66, -0.8229659385979176, -2.10239352658391, -1.4163995776325464
67, -0.8229648116976023, -2.102395597845316, -1.4164008516818285
68, -0.8604282550513744, -2.101856293156743, -1.3733600936830044
69, -0.8603967167437077, -2.1018559150397778, -1.37332677654922
70, -0.8602432515472174, -2.101665837690234, -1.3735055513679981
71, -0.8578851241618395, -2.0968304462730885, -1.3810230800881982
72, -0.8561538122594357, -2.096799250692129, -1.3782671485096216
73, -0.8515256112441421, -2.093067891895771, -1.3842381979338825
74, -0.851306046359241, -2.093063935637474, -1.383888696320355
75, -0.8506019925698638, -2.0927600152790546, -1.384702427778393
76, -0.8472164943814278, -2.0914166532456875, -1.3886139856185764
77, -0.8263129964470863, -2.091911345720291, -1.3943119766190648
78, -0.8326081708073616, -2.0906024016439915, -1.387081710388884
79, -0.8284018542617559, -2.0911338552832603, -1.3919167211279273
80, -0.8441601088270545, -2.090694334357977, -1.3921397392405197
81, -0.8204945251345634, -2.1086222659796476, -1.4207636900246143
82, -0.8220264473930001, -2.104151103645563, -1.4174609389156103
83, -0.8217203002423048, -2.104723596945405, -1.4178068023175001
84, -0.8170126397162676, -2.097061160951853, -1.401409919373691
85, -0.818305928260088, -2.0970844626426697, -1.4034687150269747
86, -0.8224533591419458, -2.0937807634472847, -1.398732852190733
87, -0.8469104040414095, -2.096711926162243, -1.3705521915107965
88, -0.8416948467493057, -2.090614181011915, -1.3949779034592211
89, -0.842428739182651, -2.090615436434746, -1.3941332562826574
90, -0.8446911349892616, -2.096700683236122, -1.3695589657872915
91, -0.8313954649493098, -2.0907487384974957, -1.386026212014258
92, -0.8325380124151707, -2.0907365158200264, -1.3849464314989746
93, -0.8278157832100987, -2.0930065959692, -1.3788239266723394
94, -0.8255746318027377, -2.093030571937561, -1.3809420792385936
95, -0.8234637603163719, -2.0967414639890194, -1.3731627967208624
96, -0.8202101662755013, -2.0967762656509876, -1.376237964257598
97, -0.8196491897106171, -2.101797644048929, -1.3681807350367308
98, -0.815508222207427, -2.1018419414758682, -1.372094640508294
99, -0.8165186922997236, -2.1079805847257376, -1.3640689887106419
100, -0.8116493057459593, -2.1080326698720455, -1.3686711750924587
101, -0.8221923224627972, -2.107940251007676, -1.3605051077902317
102, -0.8244742481037974, -2.1017633453011513, -1.3651500269770622
103, -0.8272548103705049, -2.09671451151371, -1.3707815632224083
104, -0.8304271423257887, -2.092988032847643, -1.3771836664527655
105, -0.8338692074175924, -2.0907270535826683, -1.3841101545840502
106, -0.8333082343451679, -2.0929755941033363, -1.3760843090713024
107, -0.8314375011250377, -2.096696451306343, -1.3691856488585472
108, -0.8297979440540075, -2.1017403602600098, -1.363118577748537
109, -0.8284523785114288, -2.1079132221639156, -1.3581165932118893
110, -0.8350580288097262, -2.107900531962514, -1.3569950461387634
111, -0.8354156303685158, -2.101729568094015, -1.3621648587286472
112, -0.8358513679122552, -2.096687972545624, -1.368436187505722
113, -0.8363485069712624, -2.0929697528481483, -1.375568287447095
114, -0.840326638193801, -2.0966894030570984, -1.3685623612254858
115, -0.8411114553455263, -2.101731387898326, -1.362325295805931
116, -0.8417555666528642, -2.1079026702791452, -1.3571838028728962
117, -0.8482877211645246, -2.107919557020068, -1.3586753495037556
118, -0.8466665726155043, -2.1017457488924265, -1.3635939452797174
119, -0.8598672822117805, -2.107994431629777, -1.3652902245521545
120, -0.8644697591662407, -2.1080495435744524, -1.3701593056321144
121, -0.8680338710546494, -2.108113756403327, -1.3758325688540936
122, -0.8634591586887836, -2.101910900324583, -1.37818484287709
123, -0.8526250375434756, -2.0931004993617535, -1.3871191046200693
124, -0.8594811409711838, -2.096877783536911, -1.3852055044844747
125, -0.8654907383024693, -2.1019711531698704, -1.3835081942379475
126, -0.8704225346446037, -2.1081846058368683, -1.382092222571373
127, -0.8715441562235355, -2.108259364962578, -1.3886974526103586
128, -0.866444518789649, -2.102034730836749, -1.3891255266498774
129, -0.8602306507527828, -2.096927735954523, -1.3896190876839682
130, -0.8531410917639732, -2.09313490614295, -1.390159185102675
131, -0.8454045495018363, -2.090819712728262, -1.3922963759396225
132, -0.8530543856322765, -2.093169793486595, -1.393241527955979
133, -0.8601044695824385, -2.096978385001421, -1.3940940706524998
134, -0.8662840705364943, -2.1020991932600737, -1.394820983055979
135, -0.8713553920388222, -2.1083351634442806, -1.3953945632092655
136, -0.8698637448251247, -2.1084090899676085, -1.401926296763122
137, -0.8650153409689665, -2.1021620593965054, -1.4003757471218705
138, -0.8591078035533428, -2.0970277823507786, -1.3984582899138331
139, -0.8523677987977862, -2.093203816562891, -1.396247667260468
140, -0.8450545035302639, -2.0908370576798916, -1.3938289377838373
141, -0.8444121363572776, -2.0908532962203026, -1.3952637305483222
142, -0.8511079233139753, -2.093235671520233, -1.3990622162818909
143, -0.8572787996381521, -2.0970740243792534, -1.402544322423637
144, -0.8626874797046185, -2.102220917120576, -1.4055762439966202
145, -0.8671263214200735, -2.1084783021360636, -1.408041413873434
146, -0.8632484469562769, -2.1085401382297277, -1.4135051183402538
147, -0.8593895360827446, -2.102273505181074, -1.4102226439863443
148, -0.854687599465251, -2.097115345299244, -1.4061950370669365
149, -0.8493231385946274, -2.0932641327381134, -1.401576902717352
150, -0.8435023077763617, -2.090867806226015, -1.3965457184240222
151, -0.842359758913517, -2.090880025178194, -1.397625498007983
152, -0.8470819853246212, -2.093288104981184, -1.4036950543522835
153, -0.8514340054243803, -2.097150146961212, -1.4092702027410269
154, -0.8552485685795546, -2.102317800745368, -1.4141365513205528
155, -0.8583790585398674, -2.1085922215133905, -1.4181073028594255
156, -0.8527054283767939, -2.108632555231452, -1.4216711837798357
157, -0.8504235101863742, -2.102352099493146, -1.4171672593802214
158, -0.8476429553702474, -2.0971770957112312, -1.4116514343768358
159, -0.8444706271402538, -2.0933066681027412, -1.4053353164345026
160, -0.8410285650752485, -2.0908894911408424, -1.39846177585423
161, -0.8395597548224032, -2.0908958315849304, -1.399022257886827
162, -0.8415895360521972, -2.093319110572338, -1.406434672884643
163, -0.8434602613560855, -2.097195155918598, -1.413247348740697
164, -0.845099815633148, -2.102375090122223, -1.4191987067461014
165, -0.8464453741908073, -2.1086595840752125, -1.424059696495533
166, -0.8398397210985422, -2.108672274276614, -1.4251812472939491
167, -0.8394821262918413, -2.1023858804255724, -1.4201524276286364
168, -0.8390463964315131, -2.0972036346793175, -1.4139968138188124
169, -0.8385492613306269, -2.093324948102236, -1.4069506954401731
170, -0.8354667206294835, -2.093323964625597, -1.4068639930337667
171, -0.8345711261499673, -2.097202204167843, -1.4138706382364035
172, -0.8337863027118146, -2.1023840606212616, -1.4199919905513525
173, -0.8331421837210655, -2.108670135959983, -1.424992486834526
174, -0.8266100315377116, -2.10865324921906, -1.4235009402036667
175, -0.8282311847433448, -2.102369699627161, -1.4187233410775661
176, -0.8302066284231842, -2.097190920263529, -1.412874035537243
177, -0.8150304686278105, -2.1085783764719963, -1.4168860670179129
178, -0.8104279916733503, -2.108523264527321, -1.4120169878005981
179, -0.8068638779222965, -2.108459049835801, -1.4063437236472964
180, -0.8094070199877024, -2.102144295349717, -1.398809090256691
181, -0.8114385977387428, -2.1022045481950045, -1.404132442548871
182, -0.8044752143323421, -2.10838820040226, -1.4000840671360493
183, -0.8033535927534103, -2.1083134412765503, -1.3934788396582007
184, -0.8084532376378775, -2.1020807176828384, -1.3931917601730675
185, -0.8146671131253242, -2.096963867545128, -1.392813911428675
186, -0.8217566758394241, -2.093159794807434, -1.3923597985412925
187, -0.821843383833766, -2.0931249111890793, -1.3892774541163817
188, -0.8147932924330235, -2.0969132222235203, -1.3883389283437282
189, -0.8086136877536774, -2.102016255259514, -1.3874963028356433
190, -0.803542360663414, -2.1082376427948475, -1.3867817288264632
191, -0.8050340041518211, -2.1081637162715197, -1.3802499948069453
192, -0.8098824173212051, -2.101953387260437, -1.3819415383040905
193, -0.8157899603247643, -2.096863828599453, -1.3839747100137174
194, -0.8225299715995789, -2.0930908881127834, -1.3862713151611388
195, -0.8298432691954076, -2.090779487043619, -1.3887429928872734
196, -0.8304856354370713, -2.090763248503208, -1.3873081994242966
197, -0.8237898452207446, -2.093059029430151, -1.3834567652083933
198, -0.8176189661026001, -2.096817582845688, -1.3798886770382524
199, -0.8122102804481983, -2.1018945276737213, -1.3767410423606634
200, -0.8077714312821627, -2.1080945059657097, -1.3741348776966333
201, -0.833444862626493, -2.0906038656830788, -1.3861187491565943
202, -0.8317714789882302, -2.0906256586313248, -1.388044391060248
203, -0.8343504616059363, -2.0906317196786404, -1.3850761847570539
204, -0.8616693746298552, -2.1042033080011606, -1.3718355130404234
205, -0.8432230954058468, -2.0906399376690388, -1.3932187587488443
206, -0.8409609538502991, -2.0906345546245575, -1.3958223066292703
207, -0.8401665980927646, -2.090679742395878, -1.396736015100032
208, -0.8392295838566497, -2.0907585471868515, -1.3978135278448462
209, -0.81293567083776, -2.104636572301388, -1.410118443891406
210, -0.8127333838492632, -2.104632930830121, -1.4097966868430376
211, -0.8286870568990707, -2.0910460352897644, -1.3915894764941186
212, -0.8308658795431256, -2.0906771048903465, -1.3890860580140725
213, -0.8577867578715086, -2.104156818240881, -1.3677281253039837
214, -0.8171109966933727, -2.1046865694224834, -1.4145356491208076
215, -0.8140569366514683, -2.102251723408699, -1.408300369977951

Triangles, 424
Triangle:, Side1:, Side2:, Side3:
1, 1, 2, 3
2, 4, 1, 3
3, 5, 4, 3
4, 6, 5, 3
5, 7, 6, 3
6, 8, 7, 3
7, 9, 8, 3
8, 10, 9, 3
9, 11, 10, 3
10, 12, 11, 3
11, 13, 12, 3
12, 14, 13, 3
13, 15, 14, 3
14, 16, 15, 3
15, 17, 16, 3
16, 18, 17, 3
17, 19, 18, 3
18, 20, 19, 3
19, 21, 20, 3
20, 22, 21, 3
21, 23, 22, 3
22, 24, 23, 3
23, 25, 24, 3
24, 26, 25, 3
25, 27, 26, 3
26, 28, 27, 3
27, 29, 28, 3
28, 30, 29, 3
29, 31, 30, 3
30, 32, 31, 3
31, 33, 32, 3
32, 2, 33, 3
33, 34, 35, 36
34, 35, 34, 37
35, 38, 39, 40
36, 39, 38, 41
37, 42, 43, 44
38, 45, 46, 47
39, 46, 45, 48
40, 49, 50, 51
41, 52, 50, 49
42, 53, 54, 55
43, 56, 57, 58
44, 59, 60, 61
45, 62, 59, 61
46, 63, 64, 65
47, 49, 66, 67
48, 49, 51, 66
49, 68, 69, 70
50, 71, 70, 72
51, 73, 74, 75
52, 42, 76, 43
53, 53, 77, 54
54, 78, 79, 77
55, 76, 75, 74
56, 70, 80, 44
57, 81, 82, 83
58, 84, 85, 86
59, 86, 85, 78
60, 36, 87, 41
61, 88, 89, 70
62, 90, 40, 87
63, 91, 92, 93
64, 91, 93, 94
65, 94, 93, 95
66, 94, 95, 96
67, 96, 95, 97
68, 96, 97, 98
69, 98, 97, 99
70, 98, 99, 100
71, 2, 1, 100
72, 2, 100, 99
73, 99, 101, 33
74, 99, 33, 2
75, 97, 102, 101
76, 97, 101, 99
77, 95, 103, 102
78, 95, 102, 97
79, 93, 104, 103
80, 93, 103, 95
81, 92, 105, 104
82, 92, 104, 93
83, 105, 34, 106
84, 105, 106, 104
85, 104, 106, 107
86, 104, 107, 103
87, 103, 107, 108
88, 103, 108, 102
89, 102, 108, 109
90, 102, 109, 101
91, 101, 109, 32
92, 101, 32, 33
93, 109, 110, 31
94, 109, 31, 32
95, 108, 111, 110
96, 108, 110, 109
97, 107, 112, 111
98, 107, 111, 108
99, 106, 113, 112
100, 106, 112, 107
101, 34, 36, 113
102, 34, 113, 106
103, 113, 38, 114
104, 113, 114, 112
105, 112, 114, 115
106, 112, 115, 111
107, 111, 115, 116
108, 111, 116, 110
109, 110, 116, 30
110, 110, 30, 31
111, 116, 117, 29
112, 116, 29, 30
113, 115, 118, 117
114, 115, 117, 116
115, 114, 90, 118
116, 114, 118, 115
117, 38, 40, 90
118, 38, 90, 114
119, 118, 60, 59
120, 118, 59, 117
121, 117, 59, 28
122, 117, 28, 29
123, 59, 119, 27
124, 59, 27, 28
125, 119, 120, 26
126, 119, 26, 27
127, 120, 121, 25
128, 120, 25, 26
129, 68, 122, 121
130, 68, 121, 120
131, 73, 123, 124
132, 73, 124, 71
133, 71, 124, 125
134, 71, 125, 122
135, 122, 125, 126
136, 122, 126, 121
137, 121, 126, 24
138, 121, 24, 25
139, 126, 127, 23
140, 126, 23, 24
141, 125, 128, 127
142, 125, 127, 126
143, 124, 129, 128
144, 124, 128, 125
145, 123, 130, 129
146, 123, 129, 124
147, 42, 131, 132
148, 42, 132, 130
149, 130, 132, 133
150, 130, 133, 129
151, 129, 133, 134
152, 129, 134, 128
153, 128, 134, 135
154, 128, 135, 127
155, 127, 135, 22
156, 127, 22, 23
157, 135, 136, 21
158, 135, 21, 22
159, 134, 137, 136
160, 134, 136, 135
161, 133, 138, 137
162, 133, 137, 134
163, 132, 139, 138
164, 132, 138, 133
165, 131, 140, 139
166, 131, 139, 132
167, 140, 141, 142
168, 140, 142, 139
169, 139, 142, 143
170, 139, 143, 138
171, 138, 143, 144
172, 138, 144, 137
173, 137, 144, 145
174, 137, 145, 136
175, 136, 145, 20
176, 136, 20, 21
177, 145, 146, 19
178, 145, 19, 20
179, 144, 147, 146
180, 144, 146, 145
181, 143, 148, 147
182, 143, 147, 144
183, 142, 149, 148
184, 142, 148, 143
185, 141, 150, 149
186, 141, 149, 142
187, 150, 151, 152
188, 150, 152, 149
189, 149, 152, 153
190, 149, 153, 148
191, 148, 153, 154
192, 148, 154, 147
193, 147, 154, 155
194, 147, 155, 146
195, 146, 155, 18
196, 146, 18, 19
197, 155, 156, 17
198, 155, 17, 18
199, 154, 157, 156
200, 154, 156, 155
201, 153, 158, 157
202, 153, 157, 154
203, 152, 159, 158
204, 152, 158, 153
205, 151, 160, 159
206, 151, 159, 152
207, 160, 161, 162
208, 160, 162, 159
209, 159, 162, 163
210, 159, 163, 158
211, 158, 163, 164
212, 158, 164, 157
213, 157, 164, 165
214, 157, 165, 156
215, 156, 165, 16
216, 156, 16, 17
217, 165, 166, 15
218, 165, 15, 16
219, 164, 167, 166
220, 164, 166, 165
221, 163, 168, 167
222, 163, 167, 164
223, 162, 169, 168
224, 162, 168, 163
225, 161, 45, 169
226, 161, 169, 162
227, 45, 47, 170
228, 45, 170, 169
229, 169, 170, 171
230, 169, 171, 168
231, 168, 171, 172
232, 168, 172, 167
233, 167, 172, 173
234, 167, 173, 166
235, 166, 173, 14
236, 166, 14, 15
237, 173, 174, 13
238, 173, 13, 14
239, 172, 175, 174
240, 172, 174, 173
241, 171, 176, 175
242, 171, 175, 172
243, 170, 64, 176
244, 170, 176, 171
245, 176, 52, 49
246, 176, 49, 175
247, 175, 49, 81
248, 175, 81, 174
249, 174, 81, 12
250, 174, 12, 13
251, 81, 177, 11
252, 81, 11, 12
253, 177, 178, 10
254, 177, 10, 11
255, 178, 179, 9
256, 178, 9, 10
257, 84, 55, 180
258, 84, 180, 181
259, 181, 180, 182
260, 181, 182, 179
261, 179, 182, 8
262, 179, 8, 9
263, 182, 183, 7
264, 182, 7, 8
265, 180, 184, 183
266, 180, 183, 182
267, 55, 185, 184
268, 55, 184, 180
269, 54, 186, 185
270, 54, 185, 55
271, 186, 187, 188
272, 186, 188, 185
273, 185, 188, 189
274, 185, 189, 184
275, 184, 189, 190
276, 184, 190, 183
277, 183, 190, 6
278, 183, 6, 7
279, 190, 191, 5
280, 190, 5, 6
281, 189, 192, 191
282, 189, 191, 190
283, 188, 193, 192
284, 188, 192, 189
285, 187, 194, 193
286, 187, 193, 188
287, 56, 195, 194
288, 56, 194, 187
289, 195, 196, 197
290, 195, 197, 194
291, 194, 197, 198
292, 194, 198, 193
293, 193, 198, 199
294, 193, 199, 192
295, 192, 199, 200
296, 192, 200, 191
297, 191, 200, 4
298, 191, 4, 5
299, 1, 4, 200
300, 1, 200, 100
301, 199, 98, 100
302, 199, 100, 200
303, 198, 96, 98
304, 198, 98, 199
305, 197, 94, 96
306, 197, 96, 198
307, 196, 91, 94
308, 196, 94, 197
309, 91, 78, 201
310, 91, 201, 92
311, 78, 91, 196
312, 78, 196, 202
313, 105, 92, 201
314, 105, 201, 203
315, 105, 203, 37
316, 105, 37, 34
317, 38, 113, 36
318, 38, 36, 41
319, 37, 87, 36
320, 37, 36, 35
321, 41, 87, 40
322, 41, 40, 39
323, 69, 68, 120
324, 69, 120, 204
325, 122, 68, 70
326, 122, 70, 71
327, 123, 73, 75
328, 123, 75, 76
329, 130, 123, 76
330, 130, 76, 42
331, 131, 42, 44
332, 131, 44, 80
333, 140, 131, 80
334, 140, 80, 205
335, 141, 140, 205
336, 141, 205, 89
337, 151, 150, 88
338, 151, 88, 206
339, 151, 206, 207
340, 151, 207, 160
341, 161, 160, 207
342, 161, 207, 208
343, 88, 52, 207
344, 88, 207, 206
345, 161, 208, 48
346, 161, 48, 45
347, 64, 170, 47
348, 64, 47, 65
349, 48, 52, 47
350, 48, 47, 46
351, 178, 209, 210
352, 178, 210, 179
353, 55, 84, 86
354, 55, 86, 53
355, 186, 54, 77
356, 186, 77, 79
357, 187, 186, 79
358, 187, 79, 211
359, 57, 56, 187
360, 57, 187, 211
361, 195, 56, 58
362, 195, 58, 212
363, 79, 78, 58
364, 79, 58, 57
365, 196, 195, 212
366, 196, 212, 202
367, 78, 202, 212
368, 78, 212, 58
369, 60, 78, 210
370, 60, 210, 61
371, 205, 80, 70
372, 205, 70, 89
373, 49, 67, 82
374, 49, 82, 81
375, 51, 69, 82
376, 51, 82, 66
377, 90, 87, 60
378, 90, 60, 118
379, 59, 62, 213
380, 59, 213, 119
381, 61, 210, 213
382, 61, 213, 62
383, 69, 51, 50
384, 69, 50, 52
385, 213, 204, 120
386, 213, 120, 119
387, 71, 72, 74
388, 71, 74, 73
389, 70, 76, 74
390, 70, 74, 72
391, 76, 70, 44
392, 76, 44, 43
393, 141, 89, 88
394, 141, 88, 150
395, 69, 52, 88
396, 69, 88, 70
397, 64, 63, 52
398, 64, 52, 176
399, 214, 209, 178
400, 214, 178, 177
401, 179, 210, 215
402, 179, 215, 181
403, 78, 85, 215
404, 78, 215, 210
405, 181, 215, 85
406, 181, 85, 84
407, 78, 77, 53
408, 78, 53, 86
409, 203, 60, 87
410, 203, 87, 37
411, 52, 48, 208
412, 52, 208, 207
413, 204, 83, 82
414, 204, 82, 69
415, 81, 83, 214
416, 81, 214, 177
417, 209, 214, 213
418, 209, 213, 210
419, 60, 203, 201
420, 60, 201, 78
421, 52, 63, 65
422, 52, 65, 47
423, 213, 214, 83
424, 213, 83, 204

Colors, 424
Triangle:, Red:, Green:, Blue:
1, 58, 1, 2
2, 58, 1, 2
3, 58, 1, 2
4, 58, 1, 2
5, 58, 1, 2
6, 58, 1, 2
7, 58, 1, 2
8, 58, 1, 2
9, 58, 1, 2
10, 58, 1, 2
11, 58, 1, 2
12, 58, 1, 2
13, 58, 1, 2
14, 58, 1, 2
15, 58, 1, 2
16, 58, 1, 2
17, 58, 1, 2
18, 58, 1, 2
19, 58, 1, 2
20, 58, 1, 2
21, 58, 1, 2
22, 58, 1, 2
23, 58, 1, 2
24, 58, 1, 2
25, 58, 1, 2
26, 58, 1, 2
27, 58, 1, 2
28, 58, 1, 2
29, 58, 1, 2
30, 58, 1, 2
31, 58, 1, 2
32, 58, 1, 2
33, 58, 1, 2
34, 58, 1, 2
35, 58, 1, 2
36, 58, 1, 2
37, 58, 1, 2
38, 58, 1, 2
39, 58, 1, 2
40, 58, 1, 2
41, 58, 1, 2
42, 58, 1, 2
43, 58, 1, 2
44, 58, 1, 2
45, 58, 1, 2
46, 58, 1, 2
47, 58, 1, 2
48, 58, 1, 2
49, 58, 1, 2
50, 58, 1, 2
51, 58, 1, 2
52, 58, 1, 2
53, 58, 1, 2
54, 58, 1, 2
55, 58, 1, 2
56, 58, 1, 2
57, 58, 1, 2
58, 58, 1, 2
59, 58, 1, 2
60, 58, 1, 2
61, 58, 1, 2
62, 58, 1, 2
63, 58, 1, 2
64, 58, 1, 2
65, 58, 1, 2
66, 58, 1, 2
67, 58, 1, 2
68, 58, 1, 2
69, 58, 1, 2
70, 58, 1, 2
71, 58, 1, 2
72, 58, 1, 2
73, 58, 1, 2
74, 58, 1, 2
75, 58, 1, 2
76, 58, 1, 2
77, 58, 1, 2
78, 58, 1, 2
79, 58, 1, 2
80, 58, 1, 2
81, 58, 1, 2
82, 58, 1, 2
83, 58, 1, 2
84, 58, 1, 2
85, 58, 1, 2
86, 58, 1, 2
87, 58, 1, 2
88, 58, 1, 2
89, 58, 1, 2
90, 58, 1, 2
91, 58, 1, 2
92, 58, 1, 2
93, 58, 1, 2
94, 58, 1, 2
95, 58, 1, 2
96, 58, 1, 2
97, 58, 1, 2
98, 58, 1, 2
99, 58, 1, 2
100, 58, 1, 2
101, 58, 1, 2
102, 58, 1, 2
103, 58, 1, 2
104, 58, 1, 2
105, 58, 1, 2
106, 58, 1, 2
107, 58, 1, 2
108, 58, 1, 2
109, 58, 1, 2
110, 58, 1, 2
111, 58, 1, 2
112, 58, 1, 2
113, 58, 1, 2
114, 58, 1, 2
115, 58, 1, 2
116, 58, 1, 2
117, 58, 1, 2
118, 58, 1, 2
119, 58, 1, 2
120, 58, 1, 2
121, 58, 1, 2
122, 58, 1, 2
123, 58, 1, 2
124, 58, 1, 2
125, 58, 1, 2
126, 58, 1, 2
127, 58, 1, 2
128, 58, 1, 2
129, 58, 1, 2
130, 58, 1, 2
131, 58, 1, 2
132, 58, 1, 2
133, 58, 1, 2
134, 58, 1, 2
135, 58, 1, 2
136, 58, 1, 2
137, 58, 1, 2
138, 58, 1, 2
139, 58, 1, 2
140, 58, 1, 2
141, 58, 1, 2
142, 58, 1, 2
143, 58, 1, 2
144, 58, 1, 2
145, 58, 1, 2
146, 58, 1, 2
147, 58, 1, 2
148, 58, 1, 2
149, 58, 1, 2
150, 58, 1, 2
151, 58, 1, 2
152, 58, 1, 2
153, 58, 1, 2
154, 58, 1, 2
155, 58, 1, 2
156, 58, 1, 2
157, 58, 1, 2
158, 58, 1, 2
159, 58, 1, 2
160, 58, 1, 2
161, 58, 1, 2
162, 58, 1, 2
163, 58, 1, 2
164, 58, 1, 2
165, 58, 1, 2
166, 58, 1, 2
167, 58, 1, 2
168, 58, 1, 2
169, 58, 1, 2
170, 58, 1, 2
171, 58, 1, 2
172, 58, 1, 2
173, 58, 1, 2
174, 58, 1, 2
175, 58, 1, 2
176, 58, 1, 2
177, 58, 1, 2
178, 58, 1, 2
179, 58, 1, 2
180, 58, 1, 2
181, 58, 1, 2
182, 58, 1, 2
183, 58, 1, 2
184, 58, 1, 2
185, 58, 1, 2
186, 58, 1, 2
187, 58, 1, 2
188, 58, 1, 2
189, 58, 1, 2
190, 58, 1, 2
191, 58, 1, 2
192, 58, 1, 2
193, 58, 1, 2
194, 58, 1, 2
195, 58, 1, 2
196, 58, 1, 2
197, 58, 1, 2
198, 58, 1, 2
199, 58, 1, 2
200, 58, 1, 2
201, 58, 1, 2
202, 58, 1, 2
203, 58, 1, 2
204, 58, 1, 2
205, 58, 1, 2
206, 58, 1, 2
207, 58, 1, 2
208, 58, 1, 2
209, 58, 1, 2
210, 58, 1, 2
211, 58, 1, 2
212, 58, 1, 2
213, 58, 1, 2
214, 58, 1, 2
215, 58, 1, 2
216, 58, 1, 2
217, 58, 1, 2
218, 58, 1, 2
219, 58, 1, 2
220, 58, 1, 2
221, 58, 1, 2
222, 58, 1, 2
223, 58, 1, 2
224, 58, 1, 2
225, 58, 1, 2
226, 58, 1, 2
227, 58, 1, 2
228, 58, 1, 2
229, 58, 1, 2
230, 58, 1, 2
231, 58, 1, 2
232, 58, 1, 2
233, 58, 1, 2
234, 58, 1, 2
235, 58, 1, 2
236, 58, 1, 2
237, 58, 1, 2
238, 58, 1, 2
239, 58, 1, 2
240, 58, 1, 2
241, 58, 1, 2
242, 58, 1, 2
243, 58, 1, 2
244, 58, 1, 2
245, 58, 1, 2
246, 58, 1, 2
247, 58, 1, 2
248, 58, 1, 2
249, 58, 1, 2
250, 58, 1, 2
251, 58, 1, 2
252, 58, 1, 2
253, 58, 1, 2
254, 58, 1, 2
255, 58, 1, 2
256, 58, 1, 2
257, 58, 1, 2
258, 58, 1, 2
259, 58, 1, 2
260, 58, 1, 2
261, 58, 1, 2
262, 58, 1, 2
263, 58, 1, 2
264, 58, 1, 2
265, 58, 1, 2
266, 58, 1, 2
267, 58, 1, 2
268, 58, 1, 2
269, 58, 1, 2
270, 58, 1, 2
271, 58, 1, 2
272, 58, 1, 2
273, 58, 1, 2
274, 58, 1, 2
275, 58, 1, 2
276, 58, 1, 2
277, 58, 1, 2
278, 58, 1, 2
279, 58, 1, 2
280, 58, 1, 2
281, 58, 1, 2
282, 58, 1, 2
283, 58, 1, 2
284, 58, 1, 2
285, 58, 1, 2
286, 58, 1, 2
287, 58, 1, 2
288, 58, 1, 2
289, 58, 1, 2
290, 58, 1, 2
291, 58, 1, 2
292, 58, 1, 2
293, 58, 1, 2
294, 58, 1, 2
295, 58, 1, 2
296, 58, 1, 2
297, 58, 1, 2
298, 58, 1, 2
299, 58, 1, 2
300, 58, 1, 2
301, 58, 1, 2
302, 58, 1, 2
303, 58, 1, 2
304, 58, 1, 2
305, 58, 1, 2
306, 58, 1, 2
307, 58, 1, 2
308, 58, 1, 2
309, 58, 1, 2
310, 58, 1, 2
311, 58, 1, 2
312, 58, 1, 2
313, 58, 1, 2
314, 58, 1, 2
315, 58, 1, 2
316, 58, 1, 2
317, 58, 1, 2
318, 58, 1, 2
319, 58, 1, 2
320, 58, 1, 2
321, 58, 1, 2
322, 58, 1, 2
323, 58, 1, 2
324, 58, 1, 2
325, 58, 1, 2
326, 58, 1, 2
327, 58, 1, 2
328, 58, 1, 2
329, 58, 1, 2
330, 58, 1, 2
331, 58, 1, 2
332, 58, 1, 2
333, 58, 1, 2
334, 58, 1, 2
335, 58, 1, 2
336, 58, 1, 2
337, 58, 1, 2
338, 58, 1, 2
339, 58, 1, 2
340, 58, 1, 2
341, 58, 1, 2
342, 58, 1, 2
343, 58, 1, 2
344, 58, 1, 2
345, 58, 1, 2
346, 58, 1, 2
347, 58, 1, 2
348, 58, 1, 2
349, 58, 1, 2
350, 58, 1, 2
351, 58, 1, 2
352, 58, 1, 2
353, 58, 1, 2
354, 58, 1, 2
355, 58, 1, 2
356, 58, 1, 2
357, 58, 1, 2
358, 58, 1, 2
359, 58, 1, 2
360, 58, 1, 2
361, 58, 1, 2
362, 58, 1, 2
363, 58, 1, 2
364, 58, 1, 2
365, 58, 1, 2
366, 58, 1, 2
367, 58, 1, 2
368, 58, 1, 2
369, 58, 1, 2
370, 58, 1, 2
371, 58, 1, 2
372, 58, 1, 2
373, 58, 1, 2
374, 58, 1, 2
375, 58, 1, 2
376, 58, 1, 2
377, 58, 1, 2
378, 58, 1, 2
379, 58, 1, 2
380, 58, 1, 2
381, 58, 1, 2
382, 58, 1, 2
383, 58, 1, 2
384, 58, 1, 2
385, 58, 1, 2
386, 58, 1, 2
387, 58, 1, 2
388, 58, 1, 2
389, 58, 1, 2
390, 58, 1, 2
391, 58, 1, 2
392, 58, 1, 2
393, 58, 1, 2
394, 58, 1, 2
395, 58, 1, 2
396, 58, 1, 2
397, 58, 1, 2
398, 58, 1, 2
399, 58, 1, 2
400, 58, 1, 2
401, 58, 1, 2
402, 58, 1, 2
403, 58, 1, 2
404, 58, 1, 2
405, 58, 1, 2
406, 58, 1, 2
407, 58, 1, 2
408, 58, 1, 2
409, 58, 1, 2
410, 58, 1, 2
411, 58, 1, 2
412, 58, 1, 2
413, 58, 1, 2
414, 58, 1, 2
415, 58, 1, 2
416, 58, 1, 2
417, 58, 1, 2
418, 58, 1, 2
419, 58, 1, 2
420, 58, 1, 2
421, 58, 1, 2
422, 58, 1, 2
423, 58, 1, 2
424, 58, 1, 2
