Objects, 1
Object:, First Vertice:, Vertices:, First Triangle:, Triangles:
Sphere.003, 1, 215, 1, 486

Vertices, 215
Vertice:, X:, Y:, Z:
1, 0.7131447587162256, -1.6588149024173617, -1.0113979652523994
2, 0.7095935139805079, -1.658774715848267, -1.0151551887392998
3, 0.7304421952867415, -1.6590106431394815, -1.0313054921234581
4, 0.7173605831339955, -1.6588626084849238, -1.0084055997431278
5, 0.7220792034640908, -1.658916006796062, -1.0062934197485447
6, 0.7271191980689764, -1.6589730391278863, -1.0051423255354166
7, 0.7322869107592851, -1.6590315187349916, -1.0049967877566814
8, 0.7373837409541011, -1.659089194610715, -1.005862146615982
9, 0.7422137763351202, -1.659143852069974, -1.0077053997665644
10, 0.7465914655476809, -1.659193390980363, -1.0104554779827595
11, 0.7503485381603241, -1.6592359067872167, -1.0140068717300892
12, 0.753340620547533, -1.6592697650194168, -1.0182230435311794
13, 0.7554526664316654, -1.6592936655506492, -1.0229419665411115
14, 0.7566036880016327, -1.6593066900968552, -1.0279822815209627
15, 0.756749214604497, -1.6593083385378122, -1.0331503266934305
16, 0.7558839116245508, -1.6592985466122627, -1.0382474823854864
17, 0.7540407776832581, -1.6592776887118816, -1.0430778255686164
18, 0.7512908764183521, -1.6592465694993734, -1.0474557969719172
19, 0.7477397099137306, -1.659206384792924, -1.0512131098657846
20, 0.7435238072648644, -1.6591586777940392, -1.0542053822427988
21, 0.738805185072124, -1.6591052804142237, -1.056317562237382
22, 0.7337651930283755, -1.6590482462197542, -1.0574686583131552
23, 0.7285974797559902, -1.6589897675439715, -1.0576141960918903
24, 0.7235006499104202, -1.6589320916682482, -1.0567488353699446
25, 0.7186706140637398, -1.6588774342089891, -1.0549055840820074
26, 0.7142929248511791, -1.6588278952986002, -1.0521555077284575
27, 0.7105358522385359, -1.6587853794917464, -1.0486041121184826
28, 0.7075437717139721, -1.6587515203282237, -1.0443879393860698
29, 0.7054317239671946, -1.658727620728314, -1.0396690182387829
30, 0.7042807023972273, -1.6587145952507854, -1.0346287006977946
31, 0.7041351739317179, -1.6587129477411509, -1.0294606578536332
32, 0.7050004787743092, -1.6587227396667004, -1.0243635014630854
33, 0.7068436108529568, -1.6587435975670815, -1.0195331564173102
34, 0.7252629650756717, -1.6418773084878922, -1.029839611845091
35, 0.7252161996439099, -1.6418767794966698, -1.0301149301230907
36, 0.7243506293743849, -1.642088133841753, -1.0308649368816987
37, 0.7254687347449362, -1.6418586540967226, -1.0298956835176796
38, 0.7197805503383279, -1.6434398386627436, -1.0326819943729788
39, 0.7201883904635906, -1.6434444542974234, -1.034468124853447
40, 0.7195768170058727, -1.6438186690211296, -1.0349958348087966
41, 0.7226754641160369, -1.6425902731716633, -1.032315532793291
42, 0.7302458510748693, -1.6419336963444948, -1.0368609670549631
43, 0.730205438871053, -1.641933238133788, -1.0368540766648948
44, 0.7302490380388917, -1.6419293228536844, -1.0368162323720753
45, 0.7361905090510845, -1.6420009657740593, -1.0316950562992133
46, 0.7361893272027373, -1.6420009527355433, -1.0316540757776238
47, 0.737604879308492, -1.642460459843278, -1.0304195994976908
48, 0.7361458274535835, -1.6419960521161556, -1.0316919203905854
49, 0.7480726726353168, -1.6499485466629267, -1.0212926296517253
50, 0.7479330822825432, -1.6498135644942522, -1.0213732365518808
51, 0.748054213821888, -1.64994833804667, -1.0212666625156999
52, 0.7447037491947412, -1.6463600248098373, -1.0242131263948977
53, 0.7352038975805044, -1.6436143703758717, -1.0214196434244514
54, 0.7334922768641263, -1.64359500259161, -1.0207664985209703
55, 0.7347614616155624, -1.6462475154548883, -1.0160053120926023
56, 0.7299337165604811, -1.6419301629066467, -1.025780726224184
57, 0.7302128507144516, -1.6419333219528198, -1.0257728383876383
58, 0.7299607899331022, -1.6419094875454903, -1.0259920861572027
59, 0.7098900228738785, -1.6538424901664257, -1.0430793473497033
60, 0.7128012795001268, -1.6495494097471237, -1.0408266792073846
61, 0.7117250114679337, -1.6511790864169598, -1.041745811700821
62, 0.7118329219520092, -1.6511803083121777, -1.0419866861775517
63, 0.7408596025779843, -1.6436783708631992, -1.0275796302594244
64, 0.7409767033532262, -1.6436796970665455, -1.0278412611223757
65, 0.7402994306758046, -1.6434545814990997, -1.0280685587786138
66, 0.7480754144489765, -1.6499833893030882, -1.0212478954344988
67, 0.7480762992054224, -1.6499848291277885, -1.021247113123536
68, 0.7181868823245168, -1.6496103554964066, -1.0472633931785822
69, 0.7181637454777956, -1.6496100928634405, -1.0472414903342724
70, 0.7182878945022821, -1.6494780946522951, -1.047134917229414
71, 0.7235083947889507, -1.646120173856616, -1.0454973271116614
72, 0.7215945534408092, -1.646098516881466, -1.0442950259894133
73, 0.7257411102764308, -1.6435072906315327, -1.04108099732548
74, 0.7254984001629055, -1.6435045432299376, -1.0409285221248865
75, 0.7260634927079082, -1.643293483182788, -1.0404395945370197
76, 0.7287798502948135, -1.6423605922609568, -1.0380885531194508
77, 0.7327367898542434, -1.6427041292190552, -1.023572236765176
78, 0.7277157690841705, -1.6417951453477144, -1.027943884022534
79, 0.7310734161292203, -1.642164207994938, -1.025022832211107
80, 0.7312282880884595, -1.6418589781969786, -1.0359660643152893
81, 0.7511060573160648, -1.6543088983744383, -1.019531637430191
82, 0.7488124743103981, -1.651203928515315, -1.0205954713746905
83, 0.749052656814456, -1.651601493358612, -1.0203828709200025
84, 0.7376659228466451, -1.6462803836911917, -1.0171136585995555
85, 0.7390956431627274, -1.646296562626958, -1.018011774867773
86, 0.7358068451285362, -1.644002329558134, -1.0208919337019324
87, 0.7162369443103671, -1.6460378896445036, -1.037875993642956
88, 0.7331992359831929, -1.641803314909339, -1.0342540768906474
89, 0.7326126752886921, -1.6418041866272688, -1.0347637245431542
90, 0.7155472040176392, -1.6460300851613283, -1.036334834061563
91, 0.7269827842246741, -1.6418967694044113, -1.0271017281338573
92, 0.7262329370714724, -1.6418882831931114, -1.027895163744688
93, 0.721981200389564, -1.6434647422283888, -1.0246158386580646
94, 0.7234521391801536, -1.6434813886880875, -1.0230594836175442
95, 0.7180498652160168, -1.6460584066808224, -1.021593602374196
96, 0.7201853981241584, -1.6460825726389885, -1.0193341625854373
97, 0.7145901080220938, -1.6495696529746056, -1.0189445978030562
98, 0.7173080975189805, -1.6496004089713097, -1.0160689242184162
99, 0.7117347363382578, -1.6538633666932583, -1.0167706431820989
100, 0.7149307001382113, -1.6538995318114758, -1.0133891236037016
101, 0.709259819239378, -1.6538353599607944, -1.0207106620073318
102, 0.7124854493886232, -1.6495458353310823, -1.0222953306511045
103, 0.7163962312042713, -1.646039692685008, -1.0242262757383287
104, 0.7208421304821968, -1.643451850861311, -1.0264292820356786
105, 0.7256521885283291, -1.641881711781025, -1.0288196047767997
106, 0.7200786871835589, -1.643443213775754, -1.0284300409257412
107, 0.7152879573404789, -1.6460271514952183, -1.0271309218369424
108, 0.7110747192054987, -1.6495298724621534, -1.0259923408739269
109, 0.7076011300086975, -1.6538165900856256, -1.0250579244457185
110, 0.7068222761154175, -1.6538077760487795, -1.0296451800968498
111, 0.7104124147444963, -1.649522377178073, -1.0298935135360807
112, 0.7147674979642034, -1.6460212618112564, -1.030196106643416
113, 0.7197203394025564, -1.643439156934619, -1.0305413406458683
114, 0.7148551177233458, -1.6460222527384758, -1.0333039329852909
115, 0.7105238288640976, -1.649523638188839, -1.0338489471469074
116, 0.7069533560425043, -1.6538092587143183, -1.0342962502036244
117, 0.707989152520895, -1.6538209803402424, -1.0388324661180377
118, 0.7114048358052969, -1.6495336089283228, -1.0377066675573587
119, 0.712582815438509, -1.6538729630410671, -1.0468738293275237
120, 0.7159641217440367, -1.6539112254977226, -1.0500699933618307
121, 0.7199038891121745, -1.6539558097720146, -1.0525450706481934
122, 0.721537402831018, -1.6496482696384192, -1.0493681859225035
123, 0.7277417404111475, -1.6435299292206764, -1.0418444871902466
124, 0.726412856252864, -1.6461530420929193, -1.046605672687292
125, 0.7252341760322452, -1.6496901027858257, -1.0507790055125952
126, 0.7242508698254824, -1.6540050003677607, -1.0542038679122925
127, 0.7288378353696316, -1.6540569085627794, -1.0549827702343464
128, 0.7291351006133482, -1.6497342474758625, -1.051441352814436
129, 0.7294778443174437, -1.6461877264082432, -1.047126166522503
130, 0.7298529060208239, -1.6435538195073605, -1.042202859185636
131, 0.7313370641786605, -1.641946043819189, -1.0368302585557103
132, 0.7319934224942699, -1.643578041344881, -1.0421426454558969
133, 0.7325854725204408, -1.6462228931486607, -1.0470385402441025
134, 0.7330902784597129, -1.6497790049761534, -1.0513299312442541
135, 0.7334886065218598, -1.654109537601471, -1.0548516809940338
136, 0.7380245327949524, -1.6541608665138483, -1.0538158174604177
137, 0.7369477543979883, -1.6498226542025805, -1.0504488684237003
138, 0.7356161787174642, -1.6462571900337934, -1.046346410177648
139, 0.7340810198802501, -1.6436016652733088, -1.0416658502072096
140, 0.7324013439938426, -1.641958087682724, -1.0365871717222035
141, 0.7333977269008756, -1.6419693622738123, -1.0361410835757852
142, 0.7360355681739748, -1.6436237841844559, -1.0407909359782934
143, 0.7384537011384964, -1.646289300173521, -1.0450762677937746
144, 0.740559209138155, -1.6498635224997997, -1.0488322991877794
145, 0.7422711420804262, -1.6542089208960533, -1.0519148278981447
146, 0.7460653800517321, -1.6542518585920334, -1.0492218621075153
147, 0.7437858767807484, -1.64990003593266, -1.0465420596301556
148, 0.7409889195114374, -1.6463179886341095, -1.0432768240571022
149, 0.7377818780951202, -1.643643544986844, -1.0395515020936728
150, 0.7342879963107407, -1.6419794373214245, -1.0355092585086823
151, 0.735037843696773, -1.6419879216700792, -1.0347158210352063
152, 0.7392528168857098, -1.6436601914465427, -1.0379951456561685
153, 0.743124452419579, -1.6463421545922756, -1.0410173833370209
154, 0.7465038672089577, -1.6499307937920094, -1.0436663879081607
155, 0.7492613419890404, -1.6542880237102509, -1.0458403415977955
156, 0.7517362609505653, -1.6543160295113921, -1.04190032184124
157, 0.7486085258424282, -1.6499546114355326, -1.0403156531974673
158, 0.7447780855000019, -1.6463608667254448, -1.038384709507227
159, 0.7403918877243996, -1.6436730809509754, -1.0361817036755383
160, 0.7356185922399163, -1.6419944949448109, -1.0337913816329092
161, 0.7360078152269125, -1.6419988982379436, -1.0327713743317872
162, 0.7411553291603923, -1.6436817180365324, -1.0341809450183064
163, 0.7458863602951169, -1.6463734079152346, -1.0354800624772906
164, 0.7500192541629076, -1.6499705743044615, -1.0366186439059675
165, 0.7533949501812458, -1.654334799386561, -1.0375530607998371
166, 0.7541738040745258, -1.654343613423407, -1.032965803751722
167, 0.7506815604865551, -1.649978069588542, -1.0327174701960757
168, 0.7464068196713924, -1.6463792957365513, -1.032414879067801
169, 0.7415136778727174, -1.6436857730150223, -1.0320696436683647
170, 0.7414534678682685, -1.6436850912868977, -1.0299289905233309
171, 0.7463191989809275, -1.646378304809332, -1.029307052027434
172, 0.7505701445043087, -1.649976808577776, -1.0287620383314788
173, 0.754042724147439, -1.6543421298265457, -1.0283147350419313
174, 0.7530069258064032, -1.6543304091319442, -1.023778517730534
175, 0.7496891394257545, -1.6499668397009373, -1.024904316291213
176, 0.7456271145492792, -1.6463704723864794, -1.02627615025267
177, 0.7484132647514343, -1.6542784254997969, -1.0157371554523706
178, 0.7450319593772292, -1.6542401630431414, -1.012540988624096
179, 0.7410921920090914, -1.6541955806314945, -1.0100659132003784
180, 0.735859798733145, -1.6498103439807892, -1.0118319801986217
181, 0.7395565724000335, -1.6498521771281958, -1.0132427979260683
182, 0.7367452080361545, -1.6541463881731033, -1.0084071177989244
183, 0.7321582440054044, -1.6540944818407297, -1.0076282136142254
184, 0.7319588747341186, -1.6497661992907524, -1.0111696310341358
185, 0.7316964740166441, -1.6462128311395645, -1.015484819188714
186, 0.7313811111962423, -1.6435711104422808, -1.0204081255942583
187, 0.7292405944317579, -1.6435468886047602, -1.02046834025532
188, 0.7285888456972316, -1.6461776662617922, -1.0155724454671144
189, 0.7280036956071854, -1.6497214436531067, -1.0112810544669628
190, 0.7275074743665755, -1.6540418528020382, -1.007759302854538
191, 0.7229715459980071, -1.6539905220270157, -1.008795166388154
192, 0.7241462203674018, -1.6496777907013893, -1.0121621154248714
193, 0.7255581384524703, -1.6461433712393045, -1.0162645746022463
194, 0.7271529980935156, -1.6435232684016228, -1.02094513643533
195, 0.7288694373564795, -1.6419181190431118, -1.0260238144546747
196, 0.727873053168878, -1.6419068444520235, -1.0264699021354318
197, 0.7251984495669603, -1.6435011494904757, -1.021820048801601
198, 0.7227206169627607, -1.646111261099577, -1.0175347169861197
199, 0.7205347660928965, -1.6496369242668152, -1.0137786883860826
200, 0.7187249381095171, -1.6539424657821655, -1.010696155950427
201, 0.7270470459479839, -1.641796164214611, -1.0285249210428447
202, 0.728384296875447, -1.6418112982064486, -1.027362849097699
203, 0.7263230425305665, -1.6418155077844858, -1.0291538089513779
204, 0.7171281483024359, -1.6512402296066284, -1.0481252819299698
205, 0.731977607589215, -1.641821201890707, -1.035315359942615
206, 0.7337856269441545, -1.641817457973957, -1.0337444285396487
207, 0.7344201472587883, -1.6418488416820765, -1.0331927923252806
208, 0.7351684193126857, -1.6419035661965609, -1.0325420890003443
209, 0.7437135195359588, -1.6515410747379065, -1.0142824333161116
210, 0.7434900794178247, -1.6515385452657938, -1.0141419544816017
211, 0.7308461630600505, -1.6421032194048166, -1.0252208895981312
212, 0.7291076774708927, -1.6418470200151205, -1.0267339604906738
213, 0.7142757978290319, -1.6512079518288374, -1.0454290192574263
214, 0.7467810213565826, -1.6515757869929075, -1.0171819664537907
215, 0.7424509664997458, -1.649884931743145, -1.0150610879063606

Triangles, 424
Triangle:, Side1:, Side2:, Side3:
1, 1, 2, 3
2, 4, 1, 3
3, 5, 4, 3
4, 6, 5, 3
5, 7, 6, 3
6, 8, 7, 3
7, 9, 8, 3
8, 10, 9, 3
9, 11, 10, 3
10, 12, 11, 3
11, 13, 12, 3
12, 14, 13, 3
13, 15, 14, 3
14, 16, 15, 3
15, 17, 16, 3
16, 18, 17, 3
17, 19, 18, 3
18, 20, 19, 3
19, 21, 20, 3
20, 22, 21, 3
21, 23, 22, 3
22, 24, 23, 3
23, 25, 24, 3
24, 26, 25, 3
25, 27, 26, 3
26, 28, 27, 3
27, 29, 28, 3
28, 30, 29, 3
29, 31, 30, 3
30, 32, 31, 3
31, 33, 32, 3
32, 2, 33, 3
33, 34, 35, 36
34, 35, 34, 37
35, 38, 39, 40
36, 39, 38, 41
37, 42, 43, 44
38, 45, 46, 47
39, 46, 45, 48
40, 49, 50, 51
41, 52, 50, 49
42, 53, 54, 55
43, 56, 57, 58
44, 59, 60, 61
45, 62, 59, 61
46, 63, 64, 65
47, 49, 66, 67
48, 49, 51, 66
49, 68, 69, 70
50, 71, 70, 72
51, 73, 74, 75
52, 42, 76, 43
53, 53, 77, 54
54, 78, 79, 77
55, 76, 75, 74
56, 70, 80, 44
57, 81, 82, 83
58, 84, 85, 86
59, 86, 85, 78
60, 36, 87, 41
61, 88, 89, 70
62, 90, 40, 87
63, 91, 92, 93
64, 91, 93, 94
65, 94, 93, 95
66, 94, 95, 96
67, 96, 95, 97
68, 96, 97, 98
69, 98, 97, 99
70, 98, 99, 100
71, 2, 1, 100
72, 2, 100, 99
73, 99, 101, 33
74, 99, 33, 2
75, 97, 102, 101
76, 97, 101, 99
77, 95, 103, 102
78, 95, 102, 97
79, 93, 104, 103
80, 93, 103, 95
81, 92, 105, 104
82, 92, 104, 93
83, 105, 34, 106
84, 105, 106, 104
85, 104, 106, 107
86, 104, 107, 103
87, 103, 107, 108
88, 103, 108, 102
89, 102, 108, 109
90, 102, 109, 101
91, 101, 109, 32
92, 101, 32, 33
93, 109, 110, 31
94, 109, 31, 32
95, 108, 111, 110
96, 108, 110, 109
97, 107, 112, 111
98, 107, 111, 108
99, 106, 113, 112
100, 106, 112, 107
101, 34, 36, 113
102, 34, 113, 106
103, 113, 38, 114
104, 113, 114, 112
105, 112, 114, 115
106, 112, 115, 111
107, 111, 115, 116
108, 111, 116, 110
109, 110, 116, 30
110, 110, 30, 31
111, 116, 117, 29
112, 116, 29, 30
113, 115, 118, 117
114, 115, 117, 116
115, 114, 90, 118
116, 114, 118, 115
117, 38, 40, 90
118, 38, 90, 114
119, 118, 60, 59
120, 118, 59, 117
121, 117, 59, 28
122, 117, 28, 29
123, 59, 119, 27
124, 59, 27, 28
125, 119, 120, 26
126, 119, 26, 27
127, 120, 121, 25
128, 120, 25, 26
129, 68, 122, 121
130, 68, 121, 120
131, 73, 123, 124
132, 73, 124, 71
133, 71, 124, 125
134, 71, 125, 122
135, 122, 125, 126
136, 122, 126, 121
137, 121, 126, 24
138, 121, 24, 25
139, 126, 127, 23
140, 126, 23, 24
141, 125, 128, 127
142, 125, 127, 126
143, 124, 129, 128
144, 124, 128, 125
145, 123, 130, 129
146, 123, 129, 124
147, 42, 131, 132
148, 42, 132, 130
149, 130, 132, 133
150, 130, 133, 129
151, 129, 133, 134
152, 129, 134, 128
153, 128, 134, 135
154, 128, 135, 127
155, 127, 135, 22
156, 127, 22, 23
157, 135, 136, 21
158, 135, 21, 22
159, 134, 137, 136
160, 134, 136, 135
161, 133, 138, 137
162, 133, 137, 134
163, 132, 139, 138
164, 132, 138, 133
165, 131, 140, 139
166, 131, 139, 132
167, 140, 141, 142
168, 140, 142, 139
169, 139, 142, 143
170, 139, 143, 138
171, 138, 143, 144
172, 138, 144, 137
173, 137, 144, 145
174, 137, 145, 136
175, 136, 145, 20
176, 136, 20, 21
177, 145, 146, 19
178, 145, 19, 20
179, 144, 147, 146
180, 144, 146, 145
181, 143, 148, 147
182, 143, 147, 144
183, 142, 149, 148
184, 142, 148, 143
185, 141, 150, 149
186, 141, 149, 142
187, 150, 151, 152
188, 150, 152, 149
189, 149, 152, 153
190, 149, 153, 148
191, 148, 153, 154
192, 148, 154, 147
193, 147, 154, 155
194, 147, 155, 146
195, 146, 155, 18
196, 146, 18, 19
197, 155, 156, 17
198, 155, 17, 18
199, 154, 157, 156
200, 154, 156, 155
201, 153, 158, 157
202, 153, 157, 154
203, 152, 159, 158
204, 152, 158, 153
205, 151, 160, 159
206, 151, 159, 152
207, 160, 161, 162
208, 160, 162, 159
209, 159, 162, 163
210, 159, 163, 158
211, 158, 163, 164
212, 158, 164, 157
213, 157, 164, 165
214, 157, 165, 156
215, 156, 165, 16
216, 156, 16, 17
217, 165, 166, 15
218, 165, 15, 16
219, 164, 167, 166
220, 164, 166, 165
221, 163, 168, 167
222, 163, 167, 164
223, 162, 169, 168
224, 162, 168, 163
225, 161, 45, 169
226, 161, 169, 162
227, 45, 47, 170
228, 45, 170, 169
229, 169, 170, 171
230, 169, 171, 168
231, 168, 171, 172
232, 168, 172, 167
233, 167, 172, 173
234, 167, 173, 166
235, 166, 173, 14
236, 166, 14, 15
237, 173, 174, 13
238, 173, 13, 14
239, 172, 175, 174
240, 172, 174, 173
241, 171, 176, 175
242, 171, 175, 172
243, 170, 64, 176
244, 170, 176, 171
245, 176, 52, 49
246, 176, 49, 175
247, 175, 49, 81
248, 175, 81, 174
249, 174, 81, 12
250, 174, 12, 13
251, 81, 177, 11
252, 81, 11, 12
253, 177, 178, 10
254, 177, 10, 11
255, 178, 179, 9
256, 178, 9, 10
257, 84, 55, 180
258, 84, 180, 181
259, 181, 180, 182
260, 181, 182, 179
261, 179, 182, 8
262, 179, 8, 9
263, 182, 183, 7
264, 182, 7, 8
265, 180, 184, 183
266, 180, 183, 182
267, 55, 185, 184
268, 55, 184, 180
269, 54, 186, 185
270, 54, 185, 55
271, 186, 187, 188
272, 186, 188, 185
273, 185, 188, 189
274, 185, 189, 184
275, 184, 189, 190
276, 184, 190, 183
277, 183, 190, 6
278, 183, 6, 7
279, 190, 191, 5
280, 190, 5, 6
281, 189, 192, 191
282, 189, 191, 190
283, 188, 193, 192
284, 188, 192, 189
285, 187, 194, 193
286, 187, 193, 188
287, 56, 195, 194
288, 56, 194, 187
289, 195, 196, 197
290, 195, 197, 194
291, 194, 197, 198
292, 194, 198, 193
293, 193, 198, 199
294, 193, 199, 192
295, 192, 199, 200
296, 192, 200, 191
297, 191, 200, 4
298, 191, 4, 5
299, 1, 4, 200
300, 1, 200, 100
301, 199, 98, 100
302, 199, 100, 200
303, 198, 96, 98
304, 198, 98, 199
305, 197, 94, 96
306, 197, 96, 198
307, 196, 91, 94
308, 196, 94, 197
309, 91, 78, 201
310, 91, 201, 92
311, 78, 91, 196
312, 78, 196, 202
313, 105, 92, 201
314, 105, 201, 203
315, 105, 203, 37
316, 105, 37, 34
317, 38, 113, 36
318, 38, 36, 41
319, 37, 87, 36
320, 37, 36, 35
321, 41, 87, 40
322, 41, 40, 39
323, 69, 68, 120
324, 69, 120, 204
325, 122, 68, 70
326, 122, 70, 71
327, 123, 73, 75
328, 123, 75, 76
329, 130, 123, 76
330, 130, 76, 42
331, 131, 42, 44
332, 131, 44, 80
333, 140, 131, 80
334, 140, 80, 205
335, 141, 140, 205
336, 141, 205, 89
337, 151, 150, 88
338, 151, 88, 206
339, 151, 206, 207
340, 151, 207, 160
341, 161, 160, 207
342, 161, 207, 208
343, 88, 52, 207
344, 88, 207, 206
345, 161, 208, 48
346, 161, 48, 45
347, 64, 170, 47
348, 64, 47, 65
349, 48, 52, 47
350, 48, 47, 46
351, 178, 209, 210
352, 178, 210, 179
353, 55, 84, 86
354, 55, 86, 53
355, 186, 54, 77
356, 186, 77, 79
357, 187, 186, 79
358, 187, 79, 211
359, 57, 56, 187
360, 57, 187, 211
361, 195, 56, 58
362, 195, 58, 212
363, 79, 78, 58
364, 79, 58, 57
365, 196, 195, 212
366, 196, 212, 202
367, 78, 202, 212
368, 78, 212, 58
369, 60, 78, 210
370, 60, 210, 61
371, 205, 80, 70
372, 205, 70, 89
373, 49, 67, 82
374, 49, 82, 81
375, 51, 69, 82
376, 51, 82, 66
377, 90, 87, 60
378, 90, 60, 118
379, 59, 62, 213
380, 59, 213, 119
381, 61, 210, 213
382, 61, 213, 62
383, 69, 51, 50
384, 69, 50, 52
385, 213, 204, 120
386, 213, 120, 119
387, 71, 72, 74
388, 71, 74, 73
389, 70, 76, 74
390, 70, 74, 72
391, 76, 70, 44
392, 76, 44, 43
393, 141, 89, 88
394, 141, 88, 150
395, 69, 52, 88
396, 69, 88, 70
397, 64, 63, 52
398, 64, 52, 176
399, 214, 209, 178
400, 214, 178, 177
401, 179, 210, 215
402, 179, 215, 181
403, 78, 85, 215
404, 78, 215, 210
405, 181, 215, 85
406, 181, 85, 84
407, 78, 77, 53
408, 78, 53, 86
409, 203, 60, 87
410, 203, 87, 37
411, 52, 48, 208
412, 52, 208, 207
413, 204, 83, 82
414, 204, 82, 69
415, 81, 83, 214
416, 81, 214, 177
417, 209, 214, 213
418, 209, 213, 210
419, 60, 203, 201
420, 60, 201, 78
421, 52, 63, 65
422, 52, 65, 47
423, 213, 214, 83
424, 213, 83, 204

Colors, 424
Triangle:, Red:, Green:, Blue:
1, 58, 1, 2
2, 58, 1, 2
3, 58, 1, 2
4, 58, 1, 2
5, 58, 1, 2
6, 58, 1, 2
7, 58, 1, 2
8, 58, 1, 2
9, 58, 1, 2
10, 58, 1, 2
11, 58, 1, 2
12, 58, 1, 2
13, 58, 1, 2
14, 58, 1, 2
15, 58, 1, 2
16, 58, 1, 2
17, 58, 1, 2
18, 58, 1, 2
19, 58, 1, 2
20, 58, 1, 2
21, 58, 1, 2
22, 58, 1, 2
23, 58, 1, 2
24, 58, 1, 2
25, 58, 1, 2
26, 58, 1, 2
27, 58, 1, 2
28, 58, 1, 2
29, 58, 1, 2
30, 58, 1, 2
31, 58, 1, 2
32, 58, 1, 2
33, 58, 1, 2
34, 58, 1, 2
35, 58, 1, 2
36, 58, 1, 2
37, 58, 1, 2
38, 58, 1, 2
39, 58, 1, 2
40, 58, 1, 2
41, 58, 1, 2
42, 58, 1, 2
43, 58, 1, 2
44, 58, 1, 2
45, 58, 1, 2
46, 58, 1, 2
47, 58, 1, 2
48, 58, 1, 2
49, 58, 1, 2
50, 58, 1, 2
51, 58, 1, 2
52, 58, 1, 2
53, 58, 1, 2
54, 58, 1, 2
55, 58, 1, 2
56, 58, 1, 2
57, 58, 1, 2
58, 58, 1, 2
59, 58, 1, 2
60, 58, 1, 2
61, 58, 1, 2
62, 58, 1, 2
63, 58, 1, 2
64, 58, 1, 2
65, 58, 1, 2
66, 58, 1, 2
67, 58, 1, 2
68, 58, 1, 2
69, 58, 1, 2
70, 58, 1, 2
71, 58, 1, 2
72, 58, 1, 2
73, 58, 1, 2
74, 58, 1, 2
75, 58, 1, 2
76, 58, 1, 2
77, 58, 1, 2
78, 58, 1, 2
79, 58, 1, 2
80, 58, 1, 2
81, 58, 1, 2
82, 58, 1, 2
83, 58, 1, 2
84, 58, 1, 2
85, 58, 1, 2
86, 58, 1, 2
87, 58, 1, 2
88, 58, 1, 2
89, 58, 1, 2
90, 58, 1, 2
91, 58, 1, 2
92, 58, 1, 2
93, 58, 1, 2
94, 58, 1, 2
95, 58, 1, 2
96, 58, 1, 2
97, 58, 1, 2
98, 58, 1, 2
99, 58, 1, 2
100, 58, 1, 2
101, 58, 1, 2
102, 58, 1, 2
103, 58, 1, 2
104, 58, 1, 2
105, 58, 1, 2
106, 58, 1, 2
107, 58, 1, 2
108, 58, 1, 2
109, 58, 1, 2
110, 58, 1, 2
111, 58, 1, 2
112, 58, 1, 2
113, 58, 1, 2
114, 58, 1, 2
115, 58, 1, 2
116, 58, 1, 2
117, 58, 1, 2
118, 58, 1, 2
119, 58, 1, 2
120, 58, 1, 2
121, 58, 1, 2
122, 58, 1, 2
123, 58, 1, 2
124, 58, 1, 2
125, 58, 1, 2
126, 58, 1, 2
127, 58, 1, 2
128, 58, 1, 2
129, 58, 1, 2
130, 58, 1, 2
131, 58, 1, 2
132, 58, 1, 2
133, 58, 1, 2
134, 58, 1, 2
135, 58, 1, 2
136, 58, 1, 2
137, 58, 1, 2
138, 58, 1, 2
139, 58, 1, 2
140, 58, 1, 2
141, 58, 1, 2
142, 58, 1, 2
143, 58, 1, 2
144, 58, 1, 2
145, 58, 1, 2
146, 58, 1, 2
147, 58, 1, 2
148, 58, 1, 2
149, 58, 1, 2
150, 58, 1, 2
151, 58, 1, 2
152, 58, 1, 2
153, 58, 1, 2
154, 58, 1, 2
155, 58, 1, 2
156, 58, 1, 2
157, 58, 1, 2
158, 58, 1, 2
159, 58, 1, 2
160, 58, 1, 2
161, 58, 1, 2
162, 58, 1, 2
163, 58, 1, 2
164, 58, 1, 2
165, 58, 1, 2
166, 58, 1, 2
167, 58, 1, 2
168, 58, 1, 2
169, 58, 1, 2
170, 58, 1, 2
171, 58, 1, 2
172, 58, 1, 2
173, 58, 1, 2
174, 58, 1, 2
175, 58, 1, 2
176, 58, 1, 2
177, 58, 1, 2
178, 58, 1, 2
179, 58, 1, 2
180, 58, 1, 2
181, 58, 1, 2
182, 58, 1, 2
183, 58, 1, 2
184, 58, 1, 2
185, 58, 1, 2
186, 58, 1, 2
187, 58, 1, 2
188, 58, 1, 2
189, 58, 1, 2
190, 58, 1, 2
191, 58, 1, 2
192, 58, 1, 2
193, 58, 1, 2
194, 58, 1, 2
195, 58, 1, 2
196, 58, 1, 2
197, 58, 1, 2
198, 58, 1, 2
199, 58, 1, 2
200, 58, 1, 2
201, 58, 1, 2
202, 58, 1, 2
203, 58, 1, 2
204, 58, 1, 2
205, 58, 1, 2
206, 58, 1, 2
207, 58, 1, 2
208, 58, 1, 2
209, 58, 1, 2
210, 58, 1, 2
211, 58, 1, 2
212, 58, 1, 2
213, 58, 1, 2
214, 58, 1, 2
215, 58, 1, 2
216, 58, 1, 2
217, 58, 1, 2
218, 58, 1, 2
219, 58, 1, 2
220, 58, 1, 2
221, 58, 1, 2
222, 58, 1, 2
223, 58, 1, 2
224, 58, 1, 2
225, 58, 1, 2
226, 58, 1, 2
227, 58, 1, 2
228, 58, 1, 2
229, 58, 1, 2
230, 58, 1, 2
231, 58, 1, 2
232, 58, 1, 2
233, 58, 1, 2
234, 58, 1, 2
235, 58, 1, 2
236, 58, 1, 2
237, 58, 1, 2
238, 58, 1, 2
239, 58, 1, 2
240, 58, 1, 2
241, 58, 1, 2
242, 58, 1, 2
243, 58, 1, 2
244, 58, 1, 2
245, 58, 1, 2
246, 58, 1, 2
247, 58, 1, 2
248, 58, 1, 2
249, 58, 1, 2
250, 58, 1, 2
251, 58, 1, 2
252, 58, 1, 2
253, 58, 1, 2
254, 58, 1, 2
255, 58, 1, 2
256, 58, 1, 2
257, 58, 1, 2
258, 58, 1, 2
259, 58, 1, 2
260, 58, 1, 2
261, 58, 1, 2
262, 58, 1, 2
263, 58, 1, 2
264, 58, 1, 2
265, 58, 1, 2
266, 58, 1, 2
267, 58, 1, 2
268, 58, 1, 2
269, 58, 1, 2
270, 58, 1, 2
271, 58, 1, 2
272, 58, 1, 2
273, 58, 1, 2
274, 58, 1, 2
275, 58, 1, 2
276, 58, 1, 2
277, 58, 1, 2
278, 58, 1, 2
279, 58, 1, 2
280, 58, 1, 2
281, 58, 1, 2
282, 58, 1, 2
283, 58, 1, 2
284, 58, 1, 2
285, 58, 1, 2
286, 58, 1, 2
287, 58, 1, 2
288, 58, 1, 2
289, 58, 1, 2
290, 58, 1, 2
291, 58, 1, 2
292, 58, 1, 2
293, 58, 1, 2
294, 58, 1, 2
295, 58, 1, 2
296, 58, 1, 2
297, 58, 1, 2
298, 58, 1, 2
299, 58, 1, 2
300, 58, 1, 2
301, 58, 1, 2
302, 58, 1, 2
303, 58, 1, 2
304, 58, 1, 2
305, 58, 1, 2
306, 58, 1, 2
307, 58, 1, 2
308, 58, 1, 2
309, 58, 1, 2
310, 58, 1, 2
311, 58, 1, 2
312, 58, 1, 2
313, 58, 1, 2
314, 58, 1, 2
315, 58, 1, 2
316, 58, 1, 2
317, 58, 1, 2
318, 58, 1, 2
319, 58, 1, 2
320, 58, 1, 2
321, 58, 1, 2
322, 58, 1, 2
323, 58, 1, 2
324, 58, 1, 2
325, 58, 1, 2
326, 58, 1, 2
327, 58, 1, 2
328, 58, 1, 2
329, 58, 1, 2
330, 58, 1, 2
331, 58, 1, 2
332, 58, 1, 2
333, 58, 1, 2
334, 58, 1, 2
335, 58, 1, 2
336, 58, 1, 2
337, 58, 1, 2
338, 58, 1, 2
339, 58, 1, 2
340, 58, 1, 2
341, 58, 1, 2
342, 58, 1, 2
343, 58, 1, 2
344, 58, 1, 2
345, 58, 1, 2
346, 58, 1, 2
347, 58, 1, 2
348, 58, 1, 2
349, 58, 1, 2
350, 58, 1, 2
351, 58, 1, 2
352, 58, 1, 2
353, 58, 1, 2
354, 58, 1, 2
355, 58, 1, 2
356, 58, 1, 2
357, 58, 1, 2
358, 58, 1, 2
359, 58, 1, 2
360, 58, 1, 2
361, 58, 1, 2
362, 58, 1, 2
363, 58, 1, 2
364, 58, 1, 2
365, 58, 1, 2
366, 58, 1, 2
367, 58, 1, 2
368, 58, 1, 2
369, 58, 1, 2
370, 58, 1, 2
371, 58, 1, 2
372, 58, 1, 2
373, 58, 1, 2
374, 58, 1, 2
375, 58, 1, 2
376, 58, 1, 2
377, 58, 1, 2
378, 58, 1, 2
379, 58, 1, 2
380, 58, 1, 2
381, 58, 1, 2
382, 58, 1, 2
383, 58, 1, 2
384, 58, 1, 2
385, 58, 1, 2
386, 58, 1, 2
387, 58, 1, 2
388, 58, 1, 2
389, 58, 1, 2
390, 58, 1, 2
391, 58, 1, 2
392, 58, 1, 2
393, 58, 1, 2
394, 58, 1, 2
395, 58, 1, 2
396, 58, 1, 2
397, 58, 1, 2
398, 58, 1, 2
399, 58, 1, 2
400, 58, 1, 2
401, 58, 1, 2
402, 58, 1, 2
403, 58, 1, 2
404, 58, 1, 2
405, 58, 1, 2
406, 58, 1, 2
407, 58, 1, 2
408, 58, 1, 2
409, 58, 1, 2
410, 58, 1, 2
411, 58, 1, 2
412, 58, 1, 2
413, 58, 1, 2
414, 58, 1, 2
415, 58, 1, 2
416, 58, 1, 2
417, 58, 1, 2
418, 58, 1, 2
419, 58, 1, 2
420, 58, 1, 2
421, 58, 1, 2
422, 58, 1, 2
423, 58, 1, 2
424, 58, 1, 2
