Objects, 1
Object:, First Vertice:, Vertices:, First Triangle:, Triangles:
Sphere.019, 1, 215, 1, 486

Vertices, 215
Vertice:, X:, Y:, Z:
1, -0.24354344606399536, -2.038403272628784, -0.645302951335907
2, -0.23940134048461914, -2.0383565425872803, -0.6409205198287964
3, -0.26371920108795166, -2.0386316776275635, -0.6220827698707581
4, -0.2484608292579651, -2.038459062576294, -0.6487931609153748
5, -0.2539646029472351, -2.0385212898254395, -0.651256799697876
6, -0.25984323024749756, -2.038587808609009, -0.652599573135376
7, -0.2658708691596985, -2.038655996322632, -0.6527692079544067
8, -0.27181583642959595, -2.0387232303619385, -0.6517598628997803
9, -0.2774495482444763, -2.0387871265411377, -0.6496099233627319
10, -0.2825557589530945, -2.0388448238372803, -0.6464022397994995
11, -0.286937952041626, -2.0388944149017334, -0.642259955406189
12, -0.29042792320251465, -2.0389339923858643, -0.6373421549797058
13, -0.29289156198501587, -2.03896164894104, -0.6318379044532776
14, -0.29423391819000244, -2.0389769077301025, -0.6259589791297913
15, -0.29440373182296753, -2.0389788150787354, -0.6199309825897217
16, -0.29339438676834106, -2.0389673709869385, -0.6139856576919556
17, -0.29124462604522705, -2.03894305229187, -0.608351469039917
18, -0.28803712129592896, -2.0389068126678467, -0.6032451391220093
19, -0.2838950753211975, -2.0388600826263428, -0.5988625288009644
20, -0.27897757291793823, -2.038804292678833, -0.5953723788261414
21, -0.273473858833313, -2.0387420654296875, -0.5929086208343506
22, -0.267595112323761, -2.038675546646118, -0.5915660858154297
23, -0.26156753301620483, -2.038607358932495, -0.5913963317871094
24, -0.2556225061416626, -2.0385401248931885, -0.5924057364463806
25, -0.24998897314071655, -2.0384762287139893, -0.5945555567741394
26, -0.24488264322280884, -2.0384185314178467, -0.5977633595466614
27, -0.24050045013427734, -2.0383689403533936, -0.6019057035446167
28, -0.23701047897338867, -2.0383293628692627, -0.6068234443664551
29, -0.234546959400177, -2.038301467895508, -0.6123275756835938
30, -0.23320448398590088, -2.0382864475250244, -0.6182065606117249
31, -0.2330346703529358, -2.0382845401763916, -0.6242346167564392
32, -0.23404395580291748, -2.0382957458496094, -0.6301800012588501
33, -0.23619389533996582, -2.0383200645446777, -0.6358140110969543
34, -0.2576782703399658, -2.0186474323272705, -0.6237925291061401
35, -0.25762367248535156, -2.018646717071533, -0.6234713792800903
36, -0.2566140294075012, -2.018893003463745, -0.6225966215133667
37, -0.25791817903518677, -2.018625497817993, -0.6237271428108215
38, -0.2512834072113037, -2.020469903945923, -0.6204772591590881
39, -0.25175923109054565, -2.020475149154663, -0.6183938384056091
40, -0.2510458827018738, -2.020911693572998, -0.6177783608436584
41, -0.2546601891517639, -2.0194787979125977, -0.6209046244621277
42, -0.2634902596473694, -2.0187132358551025, -0.6156028509140015
43, -0.2634429931640625, -2.0187125205993652, -0.6156109571456909
44, -0.2634938955307007, -2.0187079906463623, -0.6156550645828247
45, -0.2704240083694458, -2.018791675567627, -0.6216284036636353
46, -0.2704225778579712, -2.018791675567627, -0.6216762661933899
47, -0.2720736861228943, -2.019327402114868, -0.623116135597229
48, -0.27037185430526733, -2.0187857151031494, -0.6216320991516113
49, -0.2842833399772644, -2.028061628341675, -0.6337617635726929
50, -0.2841205596923828, -2.0279040336608887, -0.6336678266525269
51, -0.2842618227005005, -2.0280613899230957, -0.6337921023368835
52, -0.280353844165802, -2.0238757133483887, -0.6303554177284241
53, -0.2692732810974121, -2.0206735134124756, -0.6336135864257812
54, -0.2672768235206604, -2.020650863647461, -0.6343754529953003
55, -0.2687572240829468, -2.023744583129883, -0.6399288177490234
56, -0.2631261348724365, -2.0187089443206787, -0.6285268664360046
57, -0.2634517550468445, -2.0187127590179443, -0.6285360455513
58, -0.2631577253341675, -2.0186848640441895, -0.6282803416252136
59, -0.23974716663360596, -2.0326037406921387, -0.6083496809005737
60, -0.24314284324645996, -2.0275959968566895, -0.6109772324562073
61, -0.24188745021820068, -2.029496669769287, -0.6099051833152771
62, -0.2420133352279663, -2.0294981002807617, -0.6096242070198059
63, -0.27587002515792847, -2.0207481384277344, -0.6264286637306213
64, -0.27600663900375366, -2.020749568939209, -0.6261234879493713
65, -0.27521663904190063, -2.020487070083618, -0.6258584260940552
66, -0.2842865586280823, -2.028102159500122, -0.6338140368461609
67, -0.28428757190704346, -2.028103828430176, -0.6338149309158325
68, -0.24942463636398315, -2.0276670455932617, -0.6034694910049438
69, -0.24939757585525513, -2.0276668071746826, -0.6034950613975525
70, -0.24954235553741455, -2.027512788772583, -0.603619396686554
71, -0.255631685256958, -2.0235960483551025, -0.6055294275283813
72, -0.2533992528915405, -2.0235707759857178, -0.6069318652153015
73, -0.2582358121871948, -2.0205485820770264, -0.6106806993484497
74, -0.2579527497291565, -2.020545244216919, -0.6108585596084595
75, -0.258611798286438, -2.020299196243286, -0.6114287972450256
76, -0.2617802023887634, -2.0192110538482666, -0.6141710877418518
77, -0.2663956880569458, -2.0196115970611572, -0.6311028003692627
78, -0.260539174079895, -2.0185513496398926, -0.6260037422180176
79, -0.26445549726486206, -2.01898193359375, -0.6294108033180237
80, -0.2646360397338867, -2.0186257362365723, -0.6166467666625977
81, -0.28782159090042114, -2.0331475734710693, -0.6358157992362976
82, -0.28514623641967773, -2.0295257568359375, -0.6345750093460083
83, -0.28542637825012207, -2.02998948097229, -0.6348229646682739
84, -0.2721449136734009, -2.023782968521118, -0.6386361718177795
85, -0.2738126516342163, -2.023801803588867, -0.6375885605812073
86, -0.26997655630111694, -2.0211257934570312, -0.6342291235923767
87, -0.24715018272399902, -2.0235002040863037, -0.6144189238548279
88, -0.26693499088287354, -2.0185611248016357, -0.6186436414718628
89, -0.2662508487701416, -2.018562078475952, -0.618049144744873
90, -0.2463456392288208, -2.0234909057617188, -0.6162165999412537
91, -0.25968414545059204, -2.018670082092285, -0.6269860863685608
92, -0.25880956649780273, -2.018660306930542, -0.6260605454444885
93, -0.25385022163391113, -2.0204989910125732, -0.6298856735229492
94, -0.2555660605430603, -2.0205183029174805, -0.631700873374939
95, -0.24926483631134033, -2.023524045944214, -0.6334106922149658
96, -0.25175565481185913, -2.023552179336548, -0.6360461711883545
97, -0.24522936344146729, -2.0276196002960205, -0.6365004777908325
98, -0.24839967489242554, -2.027655601501465, -0.6398546099662781
99, -0.24189883470535278, -2.032628059387207, -0.639036238193512
100, -0.24562662839889526, -2.032670259475708, -0.6429803967475891
101, -0.2390120029449463, -2.03259539604187, -0.6344406604766846
102, -0.24277442693710327, -2.0275919437408447, -0.6325922608375549
103, -0.2473360300064087, -2.0235021114349365, -0.6303399801254272
104, -0.2525216341018677, -2.02048397064209, -0.6277704238891602
105, -0.2581321597099304, -2.0186524391174316, -0.6249822974205017
106, -0.2516312003135681, -2.0204737186431885, -0.6254367232322693
107, -0.24604326486587524, -2.0234875679016113, -0.626952052116394
108, -0.24112892150878906, -2.027573347091675, -0.6282801032066345
109, -0.23707735538482666, -2.0325734615325928, -0.6293699741363525
110, -0.23616886138916016, -2.0325632095336914, -0.6240194439888
111, -0.24035650491714478, -2.027564525604248, -0.6237296462059021
112, -0.24543625116348267, -2.0234806537628174, -0.6233768463134766
113, -0.2512132525444031, -2.0204691886901855, -0.6229740381240845
114, -0.24553847312927246, -2.023481845855713, -0.6197517514228821
115, -0.24048638343811035, -2.0275659561157227, -0.6191161274909973
116, -0.2363218069076538, -2.032564878463745, -0.6185944080352783
117, -0.23752999305725098, -2.032578468322754, -0.6133033633232117
118, -0.24151408672332764, -2.0275776386260986, -0.6146163940429688
119, -0.2428879737854004, -2.032639265060425, -0.6039238572120667
120, -0.246832013130188, -2.032683849334717, -0.6001958847045898
121, -0.2514273524284363, -2.032735824584961, -0.5973089337348938
122, -0.25333261489868164, -2.0277113914489746, -0.6010144948959351
123, -0.2605694532394409, -2.0205750465393066, -0.609790027141571
124, -0.2590193748474121, -2.023634433746338, -0.6042366623878479
125, -0.2576445937156677, -2.0277602672576904, -0.5993688702583313
126, -0.2564976215362549, -2.0327932834625244, -0.5953741073608398
127, -0.2618478536605835, -2.032853603363037, -0.5944656133651733
128, -0.26219457387924194, -2.0278117656707764, -0.5985963344573975
129, -0.26259440183639526, -2.023674964904785, -0.6036295294761658
130, -0.26303184032440186, -2.0206027030944824, -0.6093721389770508
131, -0.2647630572319031, -2.0187275409698486, -0.6156386733055115
132, -0.2655285596847534, -2.0206310749053955, -0.6094422936439514
133, -0.2662191390991211, -2.0237157344818115, -0.6037317514419556
134, -0.2668079137802124, -2.0278637409210205, -0.5987263321876526
135, -0.26727259159088135, -2.0329151153564453, -0.5946184396743774
136, -0.27256321907043457, -2.0329749584198, -0.5958268046379089
137, -0.27130722999572754, -2.0279147624969482, -0.5997539758682251
138, -0.2697541117668152, -2.0237557888031006, -0.6045390963554382
139, -0.2679636478424072, -2.020658493041992, -0.609998345375061
140, -0.2660043239593506, -2.0187416076660156, -0.615922212600708
141, -0.2671666145324707, -2.018754720687866, -0.6164425015449524
142, -0.27024322748184204, -2.0206844806671143, -0.6110190749168396
143, -0.2730637788772583, -2.0237932205200195, -0.6060206294059753
144, -0.2755197286605835, -2.0279624462127686, -0.6016395092010498
145, -0.2775164842605591, -2.0330309867858887, -0.5980440974235535
146, -0.28194212913513184, -2.0330810546875, -0.6011850833892822
147, -0.2792832851409912, -2.0280051231384277, -0.6043108105659485
148, -0.276020884513855, -2.023826837539673, -0.6081194877624512
149, -0.272280216217041, -2.020707368850708, -0.6124646067619324
150, -0.268204927444458, -2.0187666416168213, -0.6171794533729553
151, -0.26907962560653687, -2.0187764167785645, -0.618104875087738
152, -0.2739958167076111, -2.0207269191741943, -0.6142800450325012
153, -0.27851176261901855, -2.023854970932007, -0.6107548475265503
154, -0.28245359659194946, -2.028040885925293, -0.6076650023460388
155, -0.28566974401474, -2.033123254776001, -0.6051294207572937
156, -0.2885565757751465, -2.033155918121338, -0.6097249984741211
157, -0.2849084138870239, -2.028068780899048, -0.611573338508606
158, -0.2804405689239502, -2.023876667022705, -0.6138256192207336
159, -0.27532464265823364, -2.0207419395446777, -0.616395115852356
160, -0.26975691318511963, -2.0187840461730957, -0.6191832423210144
161, -0.2702109217643738, -2.018789291381836, -0.6203729510307312
162, -0.2762150168418884, -2.020751953125, -0.6187288761138916
163, -0.28173333406448364, -2.0238914489746094, -0.6172135472297668
164, -0.2865538001060486, -2.0280873775482178, -0.6158855557441711
165, -0.29049134254455566, -2.0331778526306152, -0.6147956252098083
166, -0.2913997173309326, -2.0331881046295166, -0.6201462745666504
167, -0.2873263359069824, -2.0280959606170654, -0.620435893535614
168, -0.2823403477668762, -2.0238983631134033, -0.6207887530326843
169, -0.2766329050064087, -2.020756721496582, -0.6211915016174316
170, -0.27656275033950806, -2.0207560062408447, -0.6236883401870728
171, -0.2822381258010864, -2.023897171020508, -0.624413788318634
172, -0.28719645738601685, -2.028094530105591, -0.6250494718551636
173, -0.29124683141708374, -2.033186435699463, -0.6255711913108826
174, -0.29003870487213135, -2.033172845840454, -0.6308622360229492
175, -0.28616881370544434, -2.028082847595215, -0.6295491456985474
176, -0.2814309000968933, -2.023888111114502, -0.6279489398002625
177, -0.28468066453933716, -2.033112049102783, -0.6402416825294495
178, -0.2807367444038391, -2.033067464828491, -0.6439696550369263
179, -0.2761414051055908, -2.033015489578247, -0.6468566060066223
180, -0.2700382471084595, -2.027900457382202, -0.6447967290878296
181, -0.27435022592544556, -2.027949333190918, -0.6431511044502258
182, -0.27107101678848267, -2.0329580307006836, -0.648791491985321
183, -0.2657207250595093, -2.032897472381592, -0.6497000455856323
184, -0.26548826694488525, -2.027848958969116, -0.6455692052841187
185, -0.2651821970939636, -2.0237040519714355, -0.6405360102653503
186, -0.2648143768310547, -2.020622968673706, -0.6347934007644653
187, -0.2623176574707031, -2.020594835281372, -0.6347232460975647
188, -0.2615574598312378, -2.02366304397583, -0.6404338479042053
189, -0.26087486743927, -2.027796745300293, -0.6454393267631531
190, -0.26029616594314575, -2.0328361988067627, -0.6495471000671387
191, -0.255005419254303, -2.032776355743408, -0.6483388543128967
192, -0.2563755512237549, -2.0277457237243652, -0.6444116234779358
193, -0.2580224871635437, -2.023622989654541, -0.6396265029907227
194, -0.2598826289176941, -2.0205671787261963, -0.6341671347618103
195, -0.26188474893569946, -2.0186948776245117, -0.6282433271408081
196, -0.2607225179672241, -2.018681764602661, -0.627722978591919
197, -0.2576029300689697, -2.0205414295196533, -0.6331465840339661
198, -0.2547128200531006, -2.023585557937622, -0.6381449699401855
199, -0.25216323137283325, -2.027698040008545, -0.6425260305404663
200, -0.25005215406417847, -2.0327203273773193, -0.6461215615272522
201, -0.2597591280937195, -2.018552780151367, -0.6253260374069214
202, -0.2613188624382019, -2.0185704231262207, -0.6266814470291138
203, -0.25891464948654175, -2.018575429916382, -0.6245924830436707
204, -0.24818962812423706, -2.0295679569244385, -0.6024642586708069
205, -0.26551002264022827, -2.0185821056365967, -0.6174057126045227
206, -0.26761895418167114, -2.0185775756835938, -0.6192380785942078
207, -0.26835906505584717, -2.0186142921447754, -0.6198814511299133
208, -0.2692318558692932, -2.0186777114868164, -0.6206404566764832
209, -0.2791988253593445, -2.029918909072876, -0.6419385075569153
210, -0.27893829345703125, -2.0299160480499268, -0.6421023011207581
211, -0.2641903758049011, -2.0189108848571777, -0.629179835319519
212, -0.2621626853942871, -2.0186121463775635, -0.6274149417877197
213, -0.24486273527145386, -2.0295302867889404, -0.605609118938446
214, -0.2827768325805664, -2.0299594402313232, -0.6385564804077148
215, -0.2777262330055237, -2.027987480163574, -0.6410302519798279

Triangles, 424
Triangle:, Side1:, Side2:, Side3:
1, 1, 2, 3
2, 4, 1, 3
3, 5, 4, 3
4, 6, 5, 3
5, 7, 6, 3
6, 8, 7, 3
7, 9, 8, 3
8, 10, 9, 3
9, 11, 10, 3
10, 12, 11, 3
11, 13, 12, 3
12, 14, 13, 3
13, 15, 14, 3
14, 16, 15, 3
15, 17, 16, 3
16, 18, 17, 3
17, 19, 18, 3
18, 20, 19, 3
19, 21, 20, 3
20, 22, 21, 3
21, 23, 22, 3
22, 24, 23, 3
23, 25, 24, 3
24, 26, 25, 3
25, 27, 26, 3
26, 28, 27, 3
27, 29, 28, 3
28, 30, 29, 3
29, 31, 30, 3
30, 32, 31, 3
31, 33, 32, 3
32, 2, 33, 3
33, 34, 35, 36
34, 35, 34, 37
35, 38, 39, 40
36, 39, 38, 41
37, 42, 43, 44
38, 45, 46, 47
39, 46, 45, 48
40, 49, 50, 51
41, 52, 50, 49
42, 53, 54, 55
43, 56, 57, 58
44, 59, 60, 61
45, 62, 59, 61
46, 63, 64, 65
47, 49, 66, 67
48, 49, 51, 66
49, 68, 69, 70
50, 71, 70, 72
51, 73, 74, 75
52, 42, 76, 43
53, 53, 77, 54
54, 78, 79, 77
55, 76, 75, 74
56, 70, 80, 44
57, 81, 82, 83
58, 84, 85, 86
59, 86, 85, 78
60, 36, 87, 41
61, 88, 89, 70
62, 90, 40, 87
63, 91, 92, 93
64, 91, 93, 94
65, 94, 93, 95
66, 94, 95, 96
67, 96, 95, 97
68, 96, 97, 98
69, 98, 97, 99
70, 98, 99, 100
71, 2, 1, 100
72, 2, 100, 99
73, 99, 101, 33
74, 99, 33, 2
75, 97, 102, 101
76, 97, 101, 99
77, 95, 103, 102
78, 95, 102, 97
79, 93, 104, 103
80, 93, 103, 95
81, 92, 105, 104
82, 92, 104, 93
83, 105, 34, 106
84, 105, 106, 104
85, 104, 106, 107
86, 104, 107, 103
87, 103, 107, 108
88, 103, 108, 102
89, 102, 108, 109
90, 102, 109, 101
91, 101, 109, 32
92, 101, 32, 33
93, 109, 110, 31
94, 109, 31, 32
95, 108, 111, 110
96, 108, 110, 109
97, 107, 112, 111
98, 107, 111, 108
99, 106, 113, 112
100, 106, 112, 107
101, 34, 36, 113
102, 34, 113, 106
103, 113, 38, 114
104, 113, 114, 112
105, 112, 114, 115
106, 112, 115, 111
107, 111, 115, 116
108, 111, 116, 110
109, 110, 116, 30
110, 110, 30, 31
111, 116, 117, 29
112, 116, 29, 30
113, 115, 118, 117
114, 115, 117, 116
115, 114, 90, 118
116, 114, 118, 115
117, 38, 40, 90
118, 38, 90, 114
119, 118, 60, 59
120, 118, 59, 117
121, 117, 59, 28
122, 117, 28, 29
123, 59, 119, 27
124, 59, 27, 28
125, 119, 120, 26
126, 119, 26, 27
127, 120, 121, 25
128, 120, 25, 26
129, 68, 122, 121
130, 68, 121, 120
131, 73, 123, 124
132, 73, 124, 71
133, 71, 124, 125
134, 71, 125, 122
135, 122, 125, 126
136, 122, 126, 121
137, 121, 126, 24
138, 121, 24, 25
139, 126, 127, 23
140, 126, 23, 24
141, 125, 128, 127
142, 125, 127, 126
143, 124, 129, 128
144, 124, 128, 125
145, 123, 130, 129
146, 123, 129, 124
147, 42, 131, 132
148, 42, 132, 130
149, 130, 132, 133
150, 130, 133, 129
151, 129, 133, 134
152, 129, 134, 128
153, 128, 134, 135
154, 128, 135, 127
155, 127, 135, 22
156, 127, 22, 23
157, 135, 136, 21
158, 135, 21, 22
159, 134, 137, 136
160, 134, 136, 135
161, 133, 138, 137
162, 133, 137, 134
163, 132, 139, 138
164, 132, 138, 133
165, 131, 140, 139
166, 131, 139, 132
167, 140, 141, 142
168, 140, 142, 139
169, 139, 142, 143
170, 139, 143, 138
171, 138, 143, 144
172, 138, 144, 137
173, 137, 144, 145
174, 137, 145, 136
175, 136, 145, 20
176, 136, 20, 21
177, 145, 146, 19
178, 145, 19, 20
179, 144, 147, 146
180, 144, 146, 145
181, 143, 148, 147
182, 143, 147, 144
183, 142, 149, 148
184, 142, 148, 143
185, 141, 150, 149
186, 141, 149, 142
187, 150, 151, 152
188, 150, 152, 149
189, 149, 152, 153
190, 149, 153, 148
191, 148, 153, 154
192, 148, 154, 147
193, 147, 154, 155
194, 147, 155, 146
195, 146, 155, 18
196, 146, 18, 19
197, 155, 156, 17
198, 155, 17, 18
199, 154, 157, 156
200, 154, 156, 155
201, 153, 158, 157
202, 153, 157, 154
203, 152, 159, 158
204, 152, 158, 153
205, 151, 160, 159
206, 151, 159, 152
207, 160, 161, 162
208, 160, 162, 159
209, 159, 162, 163
210, 159, 163, 158
211, 158, 163, 164
212, 158, 164, 157
213, 157, 164, 165
214, 157, 165, 156
215, 156, 165, 16
216, 156, 16, 17
217, 165, 166, 15
218, 165, 15, 16
219, 164, 167, 166
220, 164, 166, 165
221, 163, 168, 167
222, 163, 167, 164
223, 162, 169, 168
224, 162, 168, 163
225, 161, 45, 169
226, 161, 169, 162
227, 45, 47, 170
228, 45, 170, 169
229, 169, 170, 171
230, 169, 171, 168
231, 168, 171, 172
232, 168, 172, 167
233, 167, 172, 173
234, 167, 173, 166
235, 166, 173, 14
236, 166, 14, 15
237, 173, 174, 13
238, 173, 13, 14
239, 172, 175, 174
240, 172, 174, 173
241, 171, 176, 175
242, 171, 175, 172
243, 170, 64, 176
244, 170, 176, 171
245, 176, 52, 49
246, 176, 49, 175
247, 175, 49, 81
248, 175, 81, 174
249, 174, 81, 12
250, 174, 12, 13
251, 81, 177, 11
252, 81, 11, 12
253, 177, 178, 10
254, 177, 10, 11
255, 178, 179, 9
256, 178, 9, 10
257, 84, 55, 180
258, 84, 180, 181
259, 181, 180, 182
260, 181, 182, 179
261, 179, 182, 8
262, 179, 8, 9
263, 182, 183, 7
264, 182, 7, 8
265, 180, 184, 183
266, 180, 183, 182
267, 55, 185, 184
268, 55, 184, 180
269, 54, 186, 185
270, 54, 185, 55
271, 186, 187, 188
272, 186, 188, 185
273, 185, 188, 189
274, 185, 189, 184
275, 184, 189, 190
276, 184, 190, 183
277, 183, 190, 6
278, 183, 6, 7
279, 190, 191, 5
280, 190, 5, 6
281, 189, 192, 191
282, 189, 191, 190
283, 188, 193, 192
284, 188, 192, 189
285, 187, 194, 193
286, 187, 193, 188
287, 56, 195, 194
288, 56, 194, 187
289, 195, 196, 197
290, 195, 197, 194
291, 194, 197, 198
292, 194, 198, 193
293, 193, 198, 199
294, 193, 199, 192
295, 192, 199, 200
296, 192, 200, 191
297, 191, 200, 4
298, 191, 4, 5
299, 1, 4, 200
300, 1, 200, 100
301, 199, 98, 100
302, 199, 100, 200
303, 198, 96, 98
304, 198, 98, 199
305, 197, 94, 96
306, 197, 96, 198
307, 196, 91, 94
308, 196, 94, 197
309, 91, 78, 201
310, 91, 201, 92
311, 78, 91, 196
312, 78, 196, 202
313, 105, 92, 201
314, 105, 201, 203
315, 105, 203, 37
316, 105, 37, 34
317, 38, 113, 36
318, 38, 36, 41
319, 37, 87, 36
320, 37, 36, 35
321, 41, 87, 40
322, 41, 40, 39
323, 69, 68, 120
324, 69, 120, 204
325, 122, 68, 70
326, 122, 70, 71
327, 123, 73, 75
328, 123, 75, 76
329, 130, 123, 76
330, 130, 76, 42
331, 131, 42, 44
332, 131, 44, 80
333, 140, 131, 80
334, 140, 80, 205
335, 141, 140, 205
336, 141, 205, 89
337, 151, 150, 88
338, 151, 88, 206
339, 151, 206, 207
340, 151, 207, 160
341, 161, 160, 207
342, 161, 207, 208
343, 88, 52, 207
344, 88, 207, 206
345, 161, 208, 48
346, 161, 48, 45
347, 64, 170, 47
348, 64, 47, 65
349, 48, 52, 47
350, 48, 47, 46
351, 178, 209, 210
352, 178, 210, 179
353, 55, 84, 86
354, 55, 86, 53
355, 186, 54, 77
356, 186, 77, 79
357, 187, 186, 79
358, 187, 79, 211
359, 57, 56, 187
360, 57, 187, 211
361, 195, 56, 58
362, 195, 58, 212
363, 79, 78, 58
364, 79, 58, 57
365, 196, 195, 212
366, 196, 212, 202
367, 78, 202, 212
368, 78, 212, 58
369, 60, 78, 210
370, 60, 210, 61
371, 205, 80, 70
372, 205, 70, 89
373, 49, 67, 82
374, 49, 82, 81
375, 51, 69, 82
376, 51, 82, 66
377, 90, 87, 60
378, 90, 60, 118
379, 59, 62, 213
380, 59, 213, 119
381, 61, 210, 213
382, 61, 213, 62
383, 69, 51, 50
384, 69, 50, 52
385, 213, 204, 120
386, 213, 120, 119
387, 71, 72, 74
388, 71, 74, 73
389, 70, 76, 74
390, 70, 74, 72
391, 76, 70, 44
392, 76, 44, 43
393, 141, 89, 88
394, 141, 88, 150
395, 69, 52, 88
396, 69, 88, 70
397, 64, 63, 52
398, 64, 52, 176
399, 214, 209, 178
400, 214, 178, 177
401, 179, 210, 215
402, 179, 215, 181
403, 78, 85, 215
404, 78, 215, 210
405, 181, 215, 85
406, 181, 85, 84
407, 78, 77, 53
408, 78, 53, 86
409, 203, 60, 87
410, 203, 87, 37
411, 52, 48, 208
412, 52, 208, 207
413, 204, 83, 82
414, 204, 82, 69
415, 81, 83, 214
416, 81, 214, 177
417, 209, 214, 213
418, 209, 213, 210
419, 60, 203, 201
420, 60, 201, 78
421, 52, 63, 65
422, 52, 65, 47
423, 213, 214, 83
424, 213, 83, 204

Colors, 424
Triangle:, Red:, Green:, Blue:
1, 58, 1, 2
2, 58, 1, 2
3, 58, 1, 2
4, 58, 1, 2
5, 58, 1, 2
6, 58, 1, 2
7, 58, 1, 2
8, 58, 1, 2
9, 58, 1, 2
10, 58, 1, 2
11, 58, 1, 2
12, 58, 1, 2
13, 58, 1, 2
14, 58, 1, 2
15, 58, 1, 2
16, 58, 1, 2
17, 58, 1, 2
18, 58, 1, 2
19, 58, 1, 2
20, 58, 1, 2
21, 58, 1, 2
22, 58, 1, 2
23, 58, 1, 2
24, 58, 1, 2
25, 58, 1, 2
26, 58, 1, 2
27, 58, 1, 2
28, 58, 1, 2
29, 58, 1, 2
30, 58, 1, 2
31, 58, 1, 2
32, 58, 1, 2
33, 58, 1, 2
34, 58, 1, 2
35, 58, 1, 2
36, 58, 1, 2
37, 58, 1, 2
38, 58, 1, 2
39, 58, 1, 2
40, 58, 1, 2
41, 58, 1, 2
42, 58, 1, 2
43, 58, 1, 2
44, 58, 1, 2
45, 58, 1, 2
46, 58, 1, 2
47, 58, 1, 2
48, 58, 1, 2
49, 58, 1, 2
50, 58, 1, 2
51, 58, 1, 2
52, 58, 1, 2
53, 58, 1, 2
54, 58, 1, 2
55, 58, 1, 2
56, 58, 1, 2
57, 58, 1, 2
58, 58, 1, 2
59, 58, 1, 2
60, 58, 1, 2
61, 58, 1, 2
62, 58, 1, 2
63, 58, 1, 2
64, 58, 1, 2
65, 58, 1, 2
66, 58, 1, 2
67, 58, 1, 2
68, 58, 1, 2
69, 58, 1, 2
70, 58, 1, 2
71, 58, 1, 2
72, 58, 1, 2
73, 58, 1, 2
74, 58, 1, 2
75, 58, 1, 2
76, 58, 1, 2
77, 58, 1, 2
78, 58, 1, 2
79, 58, 1, 2
80, 58, 1, 2
81, 58, 1, 2
82, 58, 1, 2
83, 58, 1, 2
84, 58, 1, 2
85, 58, 1, 2
86, 58, 1, 2
87, 58, 1, 2
88, 58, 1, 2
89, 58, 1, 2
90, 58, 1, 2
91, 58, 1, 2
92, 58, 1, 2
93, 58, 1, 2
94, 58, 1, 2
95, 58, 1, 2
96, 58, 1, 2
97, 58, 1, 2
98, 58, 1, 2
99, 58, 1, 2
100, 58, 1, 2
101, 58, 1, 2
102, 58, 1, 2
103, 58, 1, 2
104, 58, 1, 2
105, 58, 1, 2
106, 58, 1, 2
107, 58, 1, 2
108, 58, 1, 2
109, 58, 1, 2
110, 58, 1, 2
111, 58, 1, 2
112, 58, 1, 2
113, 58, 1, 2
114, 58, 1, 2
115, 58, 1, 2
116, 58, 1, 2
117, 58, 1, 2
118, 58, 1, 2
119, 58, 1, 2
120, 58, 1, 2
121, 58, 1, 2
122, 58, 1, 2
123, 58, 1, 2
124, 58, 1, 2
125, 58, 1, 2
126, 58, 1, 2
127, 58, 1, 2
128, 58, 1, 2
129, 58, 1, 2
130, 58, 1, 2
131, 58, 1, 2
132, 58, 1, 2
133, 58, 1, 2
134, 58, 1, 2
135, 58, 1, 2
136, 58, 1, 2
137, 58, 1, 2
138, 58, 1, 2
139, 58, 1, 2
140, 58, 1, 2
141, 58, 1, 2
142, 58, 1, 2
143, 58, 1, 2
144, 58, 1, 2
145, 58, 1, 2
146, 58, 1, 2
147, 58, 1, 2
148, 58, 1, 2
149, 58, 1, 2
150, 58, 1, 2
151, 58, 1, 2
152, 58, 1, 2
153, 58, 1, 2
154, 58, 1, 2
155, 58, 1, 2
156, 58, 1, 2
157, 58, 1, 2
158, 58, 1, 2
159, 58, 1, 2
160, 58, 1, 2
161, 58, 1, 2
162, 58, 1, 2
163, 58, 1, 2
164, 58, 1, 2
165, 58, 1, 2
166, 58, 1, 2
167, 58, 1, 2
168, 58, 1, 2
169, 58, 1, 2
170, 58, 1, 2
171, 58, 1, 2
172, 58, 1, 2
173, 58, 1, 2
174, 58, 1, 2
175, 58, 1, 2
176, 58, 1, 2
177, 58, 1, 2
178, 58, 1, 2
179, 58, 1, 2
180, 58, 1, 2
181, 58, 1, 2
182, 58, 1, 2
183, 58, 1, 2
184, 58, 1, 2
185, 58, 1, 2
186, 58, 1, 2
187, 58, 1, 2
188, 58, 1, 2
189, 58, 1, 2
190, 58, 1, 2
191, 58, 1, 2
192, 58, 1, 2
193, 58, 1, 2
194, 58, 1, 2
195, 58, 1, 2
196, 58, 1, 2
197, 58, 1, 2
198, 58, 1, 2
199, 58, 1, 2
200, 58, 1, 2
201, 58, 1, 2
202, 58, 1, 2
203, 58, 1, 2
204, 58, 1, 2
205, 58, 1, 2
206, 58, 1, 2
207, 58, 1, 2
208, 58, 1, 2
209, 58, 1, 2
210, 58, 1, 2
211, 58, 1, 2
212, 58, 1, 2
213, 58, 1, 2
214, 58, 1, 2
215, 58, 1, 2
216, 58, 1, 2
217, 58, 1, 2
218, 58, 1, 2
219, 58, 1, 2
220, 58, 1, 2
221, 58, 1, 2
222, 58, 1, 2
223, 58, 1, 2
224, 58, 1, 2
225, 58, 1, 2
226, 58, 1, 2
227, 58, 1, 2
228, 58, 1, 2
229, 58, 1, 2
230, 58, 1, 2
231, 58, 1, 2
232, 58, 1, 2
233, 58, 1, 2
234, 58, 1, 2
235, 58, 1, 2
236, 58, 1, 2
237, 58, 1, 2
238, 58, 1, 2
239, 58, 1, 2
240, 58, 1, 2
241, 58, 1, 2
242, 58, 1, 2
243, 58, 1, 2
244, 58, 1, 2
245, 58, 1, 2
246, 58, 1, 2
247, 58, 1, 2
248, 58, 1, 2
249, 58, 1, 2
250, 58, 1, 2
251, 58, 1, 2
252, 58, 1, 2
253, 58, 1, 2
254, 58, 1, 2
255, 58, 1, 2
256, 58, 1, 2
257, 58, 1, 2
258, 58, 1, 2
259, 58, 1, 2
260, 58, 1, 2
261, 58, 1, 2
262, 58, 1, 2
263, 58, 1, 2
264, 58, 1, 2
265, 58, 1, 2
266, 58, 1, 2
267, 58, 1, 2
268, 58, 1, 2
269, 58, 1, 2
270, 58, 1, 2
271, 58, 1, 2
272, 58, 1, 2
273, 58, 1, 2
274, 58, 1, 2
275, 58, 1, 2
276, 58, 1, 2
277, 58, 1, 2
278, 58, 1, 2
279, 58, 1, 2
280, 58, 1, 2
281, 58, 1, 2
282, 58, 1, 2
283, 58, 1, 2
284, 58, 1, 2
285, 58, 1, 2
286, 58, 1, 2
287, 58, 1, 2
288, 58, 1, 2
289, 58, 1, 2
290, 58, 1, 2
291, 58, 1, 2
292, 58, 1, 2
293, 58, 1, 2
294, 58, 1, 2
295, 58, 1, 2
296, 58, 1, 2
297, 58, 1, 2
298, 58, 1, 2
299, 58, 1, 2
300, 58, 1, 2
301, 58, 1, 2
302, 58, 1, 2
303, 58, 1, 2
304, 58, 1, 2
305, 58, 1, 2
306, 58, 1, 2
307, 58, 1, 2
308, 58, 1, 2
309, 58, 1, 2
310, 58, 1, 2
311, 58, 1, 2
312, 58, 1, 2
313, 58, 1, 2
314, 58, 1, 2
315, 58, 1, 2
316, 58, 1, 2
317, 58, 1, 2
318, 58, 1, 2
319, 58, 1, 2
320, 58, 1, 2
321, 58, 1, 2
322, 58, 1, 2
323, 58, 1, 2
324, 58, 1, 2
325, 58, 1, 2
326, 58, 1, 2
327, 58, 1, 2
328, 58, 1, 2
329, 58, 1, 2
330, 58, 1, 2
331, 58, 1, 2
332, 58, 1, 2
333, 58, 1, 2
334, 58, 1, 2
335, 58, 1, 2
336, 58, 1, 2
337, 58, 1, 2
338, 58, 1, 2
339, 58, 1, 2
340, 58, 1, 2
341, 58, 1, 2
342, 58, 1, 2
343, 58, 1, 2
344, 58, 1, 2
345, 58, 1, 2
346, 58, 1, 2
347, 58, 1, 2
348, 58, 1, 2
349, 58, 1, 2
350, 58, 1, 2
351, 58, 1, 2
352, 58, 1, 2
353, 58, 1, 2
354, 58, 1, 2
355, 58, 1, 2
356, 58, 1, 2
357, 58, 1, 2
358, 58, 1, 2
359, 58, 1, 2
360, 58, 1, 2
361, 58, 1, 2
362, 58, 1, 2
363, 58, 1, 2
364, 58, 1, 2
365, 58, 1, 2
366, 58, 1, 2
367, 58, 1, 2
368, 58, 1, 2
369, 58, 1, 2
370, 58, 1, 2
371, 58, 1, 2
372, 58, 1, 2
373, 58, 1, 2
374, 58, 1, 2
375, 58, 1, 2
376, 58, 1, 2
377, 58, 1, 2
378, 58, 1, 2
379, 58, 1, 2
380, 58, 1, 2
381, 58, 1, 2
382, 58, 1, 2
383, 58, 1, 2
384, 58, 1, 2
385, 58, 1, 2
386, 58, 1, 2
387, 58, 1, 2
388, 58, 1, 2
389, 58, 1, 2
390, 58, 1, 2
391, 58, 1, 2
392, 58, 1, 2
393, 58, 1, 2
394, 58, 1, 2
395, 58, 1, 2
396, 58, 1, 2
397, 58, 1, 2
398, 58, 1, 2
399, 58, 1, 2
400, 58, 1, 2
401, 58, 1, 2
402, 58, 1, 2
403, 58, 1, 2
404, 58, 1, 2
405, 58, 1, 2
406, 58, 1, 2
407, 58, 1, 2
408, 58, 1, 2
409, 58, 1, 2
410, 58, 1, 2
411, 58, 1, 2
412, 58, 1, 2
413, 58, 1, 2
414, 58, 1, 2
415, 58, 1, 2
416, 58, 1, 2
417, 58, 1, 2
418, 58, 1, 2
419, 58, 1, 2
420, 58, 1, 2
421, 58, 1, 2
422, 58, 1, 2
423, 58, 1, 2
424, 58, 1, 2
