Objects, 1
Object:, First Vertice:, Vertices:, First Triangle:, Triangles:
Mesh, 1, 257, 1, 536

Vertices, 257
Vertice:, X:, Y:, Z:
1, 0.5894648730754852, -2.033338785171509, -1.2403673231601715
2, 0.5385153293609619, -2.033338785171509, -1.2325012981891632
3, 0.5894648730754852, -2.033338785171509, -1.2325012981891632
4, 0.5385153293609619, -2.033338785171509, -1.2403673231601715
5, 0.5683699548244476, -2.033338785171509, -1.2403673231601715
6, 0.5683699548244476, -2.033338785171509, -1.2934620678424835
7, 0.5596102178096771, -2.033338785171509, -1.2403673231601715
8, 0.5596101880073547, -2.033338785171509, -1.2934620678424835
9, 0.6281685829162598, -2.033338785171509, -1.293462187051773
10, 0.6194088160991669, -2.033338785171509, -1.2325012981891632
11, 0.6281685829162598, -2.033338785171509, -1.2325012981891632
12, 0.6194088160991669, -2.033338785171509, -1.2855960428714752
13, 0.5918782651424408, -2.033338785171509, -1.2855960428714752
14, 0.5918782651424408, -2.033338785171509, -1.2934620678424835
15, 0.6944029629230499, -2.033338785171509, -1.293462187051773
16, 0.6620455682277679, -2.033338785171509, -1.2321437895298004
17, 0.6682130992412567, -2.033338785171509, -1.2321437895298004
18, 0.6652633845806122, -2.033338785171509, -1.2455514967441559
19, 0.6347831189632416, -2.033338785171509, -1.293462187051773
20, 0.6743806898593903, -2.033338785171509, -1.2676296532154083
21, 0.6554310619831085, -2.033338785171509, -1.2676296532154083
22, 0.6777773201465607, -2.033338785171509, -1.2754956781864166
23, 0.6518556773662567, -2.033338785171509, -1.2754956781864166
24, 0.685464471578598, -2.033338785171509, -1.293462187051773
25, 0.6437216103076935, -2.033338785171509, -1.293462187051773
26, 0.5385153293609619, -2.036914348602295, -1.2325012981891632
27, 0.5894648730754852, -2.036914348602295, -1.2403673231601715
28, 0.5894648730754852, -2.036914348602295, -1.2325012981891632
29, 0.5385153293609619, -2.036914348602295, -1.2403673231601715
30, 0.5683699548244476, -2.036914348602295, -1.2403673231601715
31, 0.5596102178096771, -2.036914348602295, -1.2403673231601715
32, 0.5683699548244476, -2.036914348602295, -1.2934620678424835
33, 0.5596101880073547, -2.036914348602295, -1.2934620678424835
34, 0.6194088160991669, -2.036914348602295, -1.2325012981891632
35, 0.6281685829162598, -2.036914348602295, -1.2934620678424835
36, 0.6281685829162598, -2.036914348602295, -1.2325012981891632
37, 0.6194088160991669, -2.036914348602295, -1.2855960428714752
38, 0.5918782651424408, -2.036914348602295, -1.2855960428714752
39, 0.5918782651424408, -2.036914348602295, -1.2934620678424835
40, 0.6620455682277679, -2.036914348602295, -1.23214390873909
41, 0.6944029629230499, -2.036914348602295, -1.293462187051773
42, 0.6682130992412567, -2.036914348602295, -1.23214390873909
43, 0.6652633845806122, -2.036914348602295, -1.2455514967441559
44, 0.6347831189632416, -2.036914348602295, -1.2934620678424835
45, 0.6743806898593903, -2.036914348602295, -1.2676296532154083
46, 0.6554310619831085, -2.036914348602295, -1.2676296532154083
47, 0.6777773201465607, -2.036914348602295, -1.2754956781864166
48, 0.6518556773662567, -2.036914348602295, -1.2754956781864166
49, 0.685464471578598, -2.036914348602295, -1.293462187051773
50, 0.6437216103076935, -2.036914348602295, -1.293462187051773
51, 0.4565752148628235, -2.028964042663574, -1.3673801720142365
52, 0.4771278500556946, -2.028964042663574, -1.339091807603836
53, 0.4774353504180908, -2.028964042663574, -1.339344173669815
54, 0.6077224612236023, -2.028964042663574, -1.4183966219425201
55, 0.6077224612236023, -2.028964042663574, -1.3840061724185944
56, 0.6081128418445587, -2.028964042663574, -1.3840446770191193
57, 0.7647352516651154, -2.0289642810821533, -0.9532141983509064
58, 0.7441821992397308, -2.0289642810821533, -0.981503039598465
59, 0.7438748180866241, -2.0289642810821533, -0.981250673532486
60, 0.6173210442066193, -2.0289642810821533, -0.9021976292133331
61, 0.6135883331298828, -2.0289642810821533, -0.9906037151813507
62, 0.6131978929042816, -2.0289642810821533, -0.9905652105808258
63, 0.6084759831428528, -2.028964042663574, -1.384080320596695
64, 0.6084905862808228, -2.028964042663574, -1.384081870317459
65, 0.6128347218036652, -2.0289642810821533, -0.9905294477939606
66, 0.61282017827034, -2.0289642810821533, -0.990528017282486
67, 0.46132078766822815, -2.0361430644989014, -1.3708280622959137
68, 0.48167020082473755, -2.0361430644989014, -1.342819720506668
69, 0.4813653528690338, -2.0361430644989014, -1.3425696194171906
70, 0.6135883331298828, -2.028964042663574, -1.4183967411518097
71, 0.6135883331298828, -2.028964042663574, -1.3840061724185944
72, 0.6135883331298828, -2.028964042663574, -1.3840061724185944
73, 0.6039898097515106, -2.0289642810821533, -0.9021976292133331
74, 0.6077224612236023, -2.0289642810821533, -0.9906037151813507
75, 0.6077224612236023, -2.0289642810821533, -0.9906037151813507
76, 0.3642818182706833, -2.0289642810821533, -1.2372651398181915
77, 0.39775450527668, -2.0289642810821533, -1.226389080286026
78, 0.3977992534637451, -2.0289642810821533, -1.2265367805957794
79, 0.857028990983963, -2.0361435413360596, -1.0833297073841095
80, 0.8235560953617096, -2.0361435413360596, -1.094205766916275
81, 0.8235560953617096, -2.0361039638519287, -1.0942056477069855
82, 0.857028990983963, -2.0361435413360596, -1.237265259027481
83, 0.8235562145709991, -2.0361435413360596, -1.226389080286026
84, 0.8235562145709991, -2.0361435413360596, -1.226389080286026
85, 0.8552162945270538, -2.0289642810821533, -1.2428440153598785
86, 0.8218530118465424, -2.0289642810821533, -1.2320035994052887
87, 0.821925550699234, -2.0289642810821533, -1.2317644655704498
88, 0.3660944402217865, -2.0289647579193115, -1.077750951051712
89, 0.39945779740810394, -2.0289647579193115, -1.0885913670063019
90, 0.3993852883577347, -2.0289647579193115, -1.0888302624225616
91, 0.857028990983963, -2.0289645195007324, -1.2372651398181915
92, 0.8235562145709991, -2.0289642810821533, -1.2263891994953156
93, 0.8235562145709991, -2.0299391746520996, -1.226389080286026
94, 0.36428166925907135, -2.0361435413360596, -1.0833297073841095
95, 0.39786623418331146, -2.0361435413360596, -1.0938378870487213
96, 0.3978753536939621, -2.0361435413360596, -1.093807727098465
97, 0.3660944402217865, -2.0361435413360596, -1.077750951051712
98, 0.39945779740810394, -2.036100149154663, -1.0885913670063019
99, 0.39945779740810394, -2.0360934734344482, -1.0885913670063019
100, 0.4613211154937744, -2.0289649963378906, -0.9497667849063873
101, 0.4816705584526062, -2.0289649963378906, -0.977775365114212
102, 0.48135966062545776, -2.0289649963378906, -0.9780304729938507
103, 0.7599896490573883, -2.0289642810821533, -1.370828539133072
104, 0.7396402060985565, -2.0289642810821533, -1.3428199589252472
105, 0.739951103925705, -2.0289642810821533, -1.342564970254898
106, 0.45657533407211304, -2.0289647579193115, -0.9532146751880646
107, 0.47712817788124084, -2.0299293994903564, -0.9815032780170441
108, 0.47712817788124084, -2.029972553253174, -0.9815032780170441
109, 0.47712817788124084, -2.0289647579193115, -0.9815032780170441
110, 0.47712817788124084, -2.0299227237701416, -0.9815032780170441
111, 0.4771278500556946, -2.028964042663574, -1.339091807603836
112, 0.39775465428829193, -2.0289647579193115, -1.094205766916275
113, 0.36428166925907135, -2.0289647579193115, -1.0833297073841095
114, 0.39775465428829193, -2.0299792289733887, -1.094205766916275
115, 0.39775450527668, -2.0289642810821533, -1.226389080286026
116, 0.6039898097515106, -2.0361435413360596, -0.9021976292133331
117, 0.6080977916717529, -2.0361435413360596, -0.9905666410923004
118, 0.6081284284591675, -2.0361435413360596, -0.9905637800693512
119, 0.3660943806171417, -2.0361433029174805, -1.2428437769412994
120, 0.3994576036930084, -2.0361433029174805, -1.2320035994052887
121, 0.3994576036930084, -2.0361433029174805, -1.2320035994052887
122, 0.3994576036930084, -2.0361433029174805, -1.2320035994052887
123, 0.6135883331298828, -2.028964042663574, -1.3840061724185944
124, 0.6135883331298828, -2.028964042663574, -1.3840061724185944
125, 0.7599896490573883, -2.0361435413360596, -1.370828539133072
126, 0.7396402060985565, -2.0361435413360596, -1.3428198397159576
127, 0.7396402060985565, -2.0361435413360596, -1.3428198397159576
128, 0.4613211154937744, -2.0361437797546387, -0.9497667849063873
129, 0.4816705286502838, -2.0361437797546387, -0.977775365114212
130, 0.4816705584526062, -2.0361437797546387, -0.977775365114212
131, 0.39945779740810394, -2.0361435413360596, -1.0885913670063019
132, 0.8235562145709991, -2.0361435413360596, -1.226389080286026
133, 0.8218530118465424, -2.0289642810821533, -1.2320035994052887
134, 0.6077224612236023, -2.0289642810821533, -0.9906037151813507
135, 0.6077224612236023, -2.0289642810821533, -0.9906037151813507
136, 0.39945779740810394, -2.0289647579193115, -1.0885913670063019
137, 0.7441821992397308, -2.0289642810821533, -0.981503039598465
138, 0.48167020082473755, -2.0299620628356934, -1.342819720506668
139, 0.46132078766822815, -2.028964042663574, -1.3708280622959137
140, 0.48167020082473755, -2.028964042663574, -1.342819720506668
141, 0.4813535213470459, -2.0361430644989014, -1.3425598442554474
142, 0.3994576036930084, -2.0361433029174805, -1.2320035994052887
143, 0.8218529522418976, -2.0361435413360596, -1.0885912477970123
144, 0.8552163541316986, -2.0361435413360596, -1.0777508318424225
145, 0.8218529522418976, -2.0361435413360596, -1.0885912477970123
146, 0.39775465428829193, -2.0361435413360596, -1.094205766916275
147, 0.39775465428829193, -2.0361435413360596, -1.094205766916275
148, 0.8234399259090424, -2.0361435413360596, -1.0938229858875275
149, 0.8235562145709991, -2.0361433029174805, -1.2263891994953156
150, 0.6135883331298828, -2.0299553871154785, -1.3840061724185944
151, 0.7396402060985565, -2.0361435413360596, -1.3428198397159576
152, 0.7396402060985565, -2.0361435413360596, -1.3428198397159576
153, 0.48103830218315125, -2.0289649963378906, -0.9782942831516266
154, 0.7396402060985565, -2.0361435413360596, -1.3428198397159576
155, 0.7441825568675995, -2.0299723148345947, -1.3390921652317047
156, 0.7647352516651154, -2.0289642810821533, -1.3673806488513947
157, 0.7441825568675995, -2.0289642810821533, -1.3390921652317047
158, 0.8218529522418976, -2.0361435413360596, -1.0885912477970123
159, 0.821964293718338, -2.0361435413360596, -1.0889581739902496
160, 0.6077224612236023, -2.0361430644989014, -1.4183966219425201
161, 0.6081128418445587, -2.0361430644989014, -1.3840446770191193
162, 0.6077224612236023, -2.0361430644989014, -1.3840061724185944
163, 0.7647352516651154, -2.0361433029174805, -0.9532141983509064
164, 0.7438748180866241, -2.0361433029174805, -0.981250673532486
165, 0.7441821992397308, -2.0361433029174805, -0.981503039598465
166, 0.6135883331298828, -2.0361430644989014, -1.4183967411518097
167, 0.6135883331298828, -2.0361430644989014, -1.3840061724185944
168, 0.6132129728794098, -2.0361430644989014, -1.384043127298355
169, 0.6077224612236023, -2.0361435413360596, -0.9906037151813507
170, 0.6106555163860321, -2.0361430644989014, -1.384295016527176
171, 0.39775450527668, -2.0361433029174805, -1.226389080286026
172, 0.3642818182706833, -2.0361433029174805, -1.2372651398181915
173, 0.8235560953617096, -2.0289642810821533, -1.0942056477069855
174, 0.8235560953617096, -2.0289642810821533, -1.0942056477069855
175, 0.7441825568675995, -2.0361435413360596, -1.3390922844409943
176, 0.7441825568675995, -2.0361435413360596, -1.3390922844409943
177, 0.4816705584526062, -2.0361437797546387, -0.977775365114212
178, 0.45657533407211304, -2.0361437797546387, -0.9532146751880646
179, 0.47712817788124084, -2.0361437797546387, -0.9815032780170441
180, 0.47712817788124084, -2.0361437797546387, -0.9815032780170441
181, 0.8218530118465424, -2.0361435413360596, -1.2320037186145782
182, 0.6106555163860321, -2.0289642810821533, -0.9903147518634796
183, 0.7435576617717743, -2.0361433029174805, -0.9809905588626862
184, 0.7396402060985565, -2.0361435413360596, -1.3428198397159576
185, 0.7396402060985565, -2.0361435413360596, -1.3428198397159576
186, 0.8233257830142975, -2.0289642810821533, -1.0934466421604156
187, 0.857028990983963, -2.0289642810821533, -1.083329826593399
188, 0.7647352516651154, -2.0361435413360596, -1.3673807680606842
189, 0.4816705584526062, -2.0361437797546387, -0.977775365114212
190, 0.7396402060985565, -2.0361435413360596, -1.3428198397159576
191, 0.6135883331298828, -2.0361435413360596, -0.9906037151813507
192, 0.4771278500556946, -2.0361430644989014, -1.339091807603836
193, 0.6106555163860321, -2.028964042663574, -1.384295016527176
194, 0.6106555163860321, -2.0361435413360596, -0.9903147518634796
195, 0.8218529522418976, -2.0289642810821533, -1.0885912477970123
196, 0.8235562145709991, -2.0299787521362305, -1.2263891994953156
197, 0.6437216103076935, -2.033338785171509, -1.293462187051773
198, 0.6518556773662567, -2.033338785171509, -1.2754956781864166
199, 0.6518556773662567, -2.036914348602295, -1.2754956781864166
200, 0.6437216103076935, -2.036914348602295, -1.293462187051773
201, 0.6777773201465607, -2.033338785171509, -1.2754956781864166
202, 0.6777773201465607, -2.036914348602295, -1.2754956781864166
203, 0.685464471578598, -2.033338785171509, -1.293462187051773
204, 0.685464471578598, -2.036914348602295, -1.293462187051773
205, 0.6944029629230499, -2.033338785171509, -1.293462187051773
206, 0.6944029629230499, -2.036914348602295, -1.293462187051773
207, 0.6682130992412567, -2.033338785171509, -1.2321437895298004
208, 0.6682130992412567, -2.036914348602295, -1.23214390873909
209, 0.6620455682277679, -2.033338785171509, -1.2321437895298004
210, 0.6620455682277679, -2.036914348602295, -1.23214390873909
211, 0.6347831189632416, -2.033338785171509, -1.293462187051773
212, 0.6347831189632416, -2.036914348602295, -1.2934620678424835
213, 0.6554310619831085, -2.033338785171509, -1.2676296532154083
214, 0.6652633845806122, -2.033338785171509, -1.2455514967441559
215, 0.6652633845806122, -2.036914348602295, -1.2455514967441559
216, 0.6554310619831085, -2.036914348602295, -1.2676296532154083
217, 0.6743806898593903, -2.033338785171509, -1.2676296532154083
218, 0.6743806898593903, -2.036914348602295, -1.2676296532154083
219, 0.5918782651424408, -2.033338785171509, -1.2855960428714752
220, 0.5918782651424408, -2.033338785171509, -1.2934620678424835
221, 0.5918782651424408, -2.036914348602295, -1.2934620678424835
222, 0.5918782651424408, -2.036914348602295, -1.2855960428714752
223, 0.6281685829162598, -2.033338785171509, -1.293462187051773
224, 0.6281685829162598, -2.036914348602295, -1.2934620678424835
225, 0.6281685829162598, -2.033338785171509, -1.2325012981891632
226, 0.6281685829162598, -2.036914348602295, -1.2325012981891632
227, 0.6194088160991669, -2.033338785171509, -1.2325012981891632
228, 0.6194088160991669, -2.036914348602295, -1.2325012981891632
229, 0.6194088160991669, -2.033338785171509, -1.2855960428714752
230, 0.6194088160991669, -2.036914348602295, -1.2855960428714752
231, 0.5596102178096771, -2.033338785171509, -1.2403673231601715
232, 0.5596101880073547, -2.033338785171509, -1.2934620678424835
233, 0.5596101880073547, -2.036914348602295, -1.2934620678424835
234, 0.5596102178096771, -2.036914348602295, -1.2403673231601715
235, 0.5683699548244476, -2.033338785171509, -1.2934620678424835
236, 0.5683699548244476, -2.036914348602295, -1.2934620678424835
237, 0.5683699548244476, -2.033338785171509, -1.2403673231601715
238, 0.5683699548244476, -2.036914348602295, -1.2403673231601715
239, 0.5894648730754852, -2.033338785171509, -1.2403673231601715
240, 0.5894648730754852, -2.036914348602295, -1.2403673231601715
241, 0.5894648730754852, -2.033338785171509, -1.2325012981891632
242, 0.5894648730754852, -2.036914348602295, -1.2325012981891632
243, 0.5385153293609619, -2.033338785171509, -1.2325012981891632
244, 0.5385153293609619, -2.036914348602295, -1.2325012981891632
245, 0.5385153293609619, -2.033338785171509, -1.2403673231601715
246, 0.5385153293609619, -2.036914348602295, -1.2403673231601715
247, 0.6173210442066193, -2.0361435413360596, -0.9021976292133331
248, 0.4565752148628235, -2.0361430644989014, -1.3673801720142365
249, 0.7599896490573883, -2.0361435413360596, -0.9497663080692291
250, 0.7599896490573883, -2.0289642810821533, -0.9497663080692291
251, 0.3660943806171417, -2.0289642810821533, -1.2428437769412994
252, 0.8552163541316986, -2.0289642810821533, -1.0777508318424225
253, 0.8552162945270538, -2.0361435413360596, -1.242844134569168
254, 0.7396400272846222, -2.0361435413360596, -0.977775365114212
255, 0.7396399676799774, -2.0289642810821533, -0.977775365114212
256, 0.3994576036930084, -2.0289642810821533, -1.2320034801959991
257, 0.7441821992397308, -2.0289642810821533, -0.981503039598465

Triangles, 359
Triangle:, Side1:, Side2:, Side3:
1, 1, 2, 3
2, 1, 4, 2
3, 4, 1, 5
4, 6, 7, 5
5, 7, 4, 5
6, 8, 7, 6
7, 9, 10, 11
8, 9, 12, 10
9, 9, 13, 12
10, 9, 14, 13
11, 15, 16, 17
12, 15, 18, 16
13, 18, 19, 16
14, 15, 20, 18
15, 21, 19, 18
16, 15, 22, 20
17, 22, 21, 20
18, 22, 23, 21
19, 23, 19, 21
20, 15, 24, 22
21, 25, 19, 23
22, 26, 27, 28
23, 29, 27, 26
24, 29, 30, 27
25, 31, 32, 30
26, 29, 31, 30
27, 33, 32, 31
28, 34, 35, 36
29, 37, 35, 34
30, 38, 35, 37
31, 39, 35, 38
32, 40, 41, 42
33, 43, 41, 40
34, 44, 43, 40
35, 45, 41, 43
36, 44, 46, 43
37, 47, 41, 45
38, 46, 47, 45
39, 48, 47, 46
40, 44, 48, 46
41, 49, 41, 47
42, 44, 50, 48
43, 51, 52, 53
44, 54, 55, 56
45, 57, 58, 59
46, 60, 61, 62
47, 54, 63, 64
48, 63, 54, 56
49, 60, 65, 66
50, 65, 60, 62
51, 67, 68, 69
52, 70, 71, 72
53, 73, 74, 75
54, 76, 77, 78
55, 79, 80, 81
56, 82, 83, 84
57, 85, 86, 87
58, 88, 89, 90
59, 91, 92, 93
60, 94, 95, 96
61, 97, 98, 99
62, 100, 101, 102
63, 103, 104, 105
64, 106, 107, 108
65, 106, 109, 110
66, 52, 51, 111
67, 112, 113, 114
68, 77, 76, 115
69, 116, 117, 118
70, 119, 120, 121
71, 119, 122, 120
72, 70, 123, 124
73, 123, 70, 72
74, 125, 126, 127
75, 128, 129, 130
76, 97, 131, 98
77, 132, 82, 84
78, 86, 85, 133
79, 73, 134, 135
80, 134, 73, 75
81, 89, 88, 136
82, 58, 57, 137
83, 138, 139, 140
84, 68, 140, 138
85, 141, 67, 69
86, 119, 142, 122
87, 143, 144, 145
88, 146, 94, 147
89, 80, 79, 148
90, 149, 84, 83
91, 84, 82, 83
92, 70, 124, 150
93, 125, 126, 151
94, 125, 151, 152
95, 153, 100, 102
96, 110, 109, 153
97, 109, 102, 153
98, 152, 125, 154
99, 155, 156, 157
100, 151, 125, 126
101, 132, 86, 133
102, 145, 80, 148
103, 144, 158, 143
104, 158, 145, 143
105, 145, 159, 143
106, 160, 161, 162
107, 163, 164, 165
108, 166, 167, 168
109, 116, 169, 117
110, 75, 169, 134
111, 134, 169, 135
112, 68, 140, 53
113, 138, 140, 68
114, 166, 168, 170
115, 148, 159, 145
116, 119, 171, 172
117, 142, 171, 122
118, 173, 174, 81
119, 155, 175, 176
120, 130, 177, 128
121, 178, 179, 180
122, 133, 181, 132
123, 96, 136, 99
124, 60, 66, 182
125, 183, 164, 163
126, 59, 164, 183
127, 125, 184, 185
128, 173, 186, 187
129, 176, 175, 188
130, 184, 175, 185
131, 128, 189, 129
132, 146, 95, 94
133, 147, 95, 146
134, 92, 87, 93
135, 190, 184, 125
136, 185, 151, 125
137, 61, 191, 62
138, 62, 191, 65
139, 65, 191, 66
140, 56, 161, 63
141, 63, 161, 64
142, 53, 192, 141
143, 77, 115, 171
144, 190, 175, 184
145, 117, 74, 118
146, 193, 71, 70
147, 116, 118, 194
148, 108, 180, 179
149, 189, 180, 129
150, 132, 84, 86
151, 84, 87, 86
152, 95, 89, 96
153, 89, 136, 96
154, 131, 96, 98
155, 96, 99, 98
156, 107, 102, 108
157, 102, 180, 108
158, 143, 158, 145
159, 158, 195, 145
160, 93, 196, 91
161, 196, 149, 91
162, 154, 152, 185
163, 152, 151, 185
164, 72, 71, 167
165, 71, 193, 167
166, 75, 74, 169
167, 74, 117, 169
168, 77, 171, 142
169, 171, 122, 142
170, 130, 102, 177
171, 102, 101, 177
172, 104, 152, 105
173, 152, 154, 105
174, 154, 185, 105
175, 185, 175, 105
176, 111, 192, 52
177, 192, 53, 52
178, 197, 198, 199
179, 197, 199, 200
180, 198, 201, 202
181, 198, 202, 199
182, 201, 203, 204
183, 201, 204, 202
184, 203, 205, 206
185, 203, 206, 204
186, 205, 207, 208
187, 205, 208, 206
188, 207, 209, 210
189, 207, 210, 208
190, 209, 211, 212
191, 209, 212, 210
192, 211, 197, 200
193, 211, 200, 212
194, 213, 214, 215
195, 213, 215, 216
196, 214, 217, 218
197, 214, 218, 215
198, 217, 213, 216
199, 217, 216, 218
200, 219, 220, 221
201, 219, 221, 222
202, 220, 223, 224
203, 220, 224, 221
204, 223, 225, 226
205, 223, 226, 224
206, 225, 227, 228
207, 225, 228, 226
208, 227, 229, 230
209, 227, 230, 228
210, 229, 219, 222
211, 229, 222, 230
212, 231, 232, 233
213, 231, 233, 234
214, 232, 235, 236
215, 232, 236, 233
216, 235, 237, 238
217, 235, 238, 236
218, 237, 239, 240
219, 237, 240, 238
220, 239, 241, 242
221, 239, 242, 240
222, 241, 243, 244
223, 241, 244, 242
224, 243, 245, 246
225, 243, 246, 244
226, 245, 231, 234
227, 245, 234, 246
228, 116, 247, 60
229, 116, 60, 73
230, 166, 160, 54
231, 166, 54, 70
232, 51, 139, 67
233, 51, 67, 248
234, 249, 163, 57
235, 249, 57, 250
236, 119, 172, 76
237, 119, 76, 251
238, 144, 79, 187
239, 144, 187, 252
240, 94, 97, 88
241, 94, 88, 113
242, 82, 253, 85
243, 82, 85, 91
244, 178, 128, 100
245, 178, 100, 106
246, 188, 125, 103
247, 188, 103, 156
248, 160, 162, 55
249, 160, 55, 54
250, 247, 191, 61
251, 247, 61, 60
252, 70, 54, 64
253, 70, 64, 193
254, 166, 170, 161
255, 166, 161, 160
256, 68, 67, 139
257, 68, 139, 138
258, 53, 141, 69
259, 53, 69, 68
260, 60, 182, 74
261, 60, 74, 73
262, 158, 144, 252
263, 158, 252, 195
264, 94, 113, 114
265, 94, 114, 147
266, 145, 195, 81
267, 145, 81, 80
268, 83, 82, 91
269, 83, 91, 149
270, 147, 90, 89
271, 147, 89, 95
272, 92, 91, 85
273, 92, 85, 87
274, 70, 150, 167
275, 70, 167, 166
276, 97, 94, 96
277, 97, 96, 131
278, 128, 177, 101
279, 128, 101, 100
280, 125, 152, 104
281, 125, 104, 103
282, 178, 106, 108
283, 178, 108, 179
284, 109, 106, 100
285, 109, 100, 153
286, 102, 107, 110
287, 102, 110, 153
288, 163, 249, 254
289, 163, 254, 183
290, 254, 249, 250
291, 254, 250, 255
292, 255, 250, 57
293, 255, 57, 59
294, 51, 53, 140
295, 51, 140, 139
296, 195, 252, 187
297, 195, 187, 186
298, 256, 251, 76
299, 256, 76, 78
300, 188, 156, 155
301, 188, 155, 176
302, 102, 130, 129
303, 102, 129, 180
304, 116, 73, 135
305, 116, 135, 169
306, 93, 87, 84
307, 93, 84, 149
308, 55, 162, 161
309, 55, 161, 56
310, 254, 255, 59
311, 254, 59, 183
312, 168, 167, 193
313, 168, 193, 170
314, 256, 142, 119
315, 256, 119, 251
316, 186, 173, 81
317, 186, 81, 195
318, 111, 51, 248
319, 111, 248, 192
320, 163, 165, 257
321, 163, 257, 57
322, 257, 165, 164
323, 257, 164, 59
324, 88, 90, 112
325, 88, 112, 113
326, 112, 90, 147
327, 112, 147, 114
328, 159, 148, 79
329, 159, 79, 144
330, 79, 81, 174
331, 79, 174, 187
332, 172, 171, 115
333, 172, 115, 76
334, 175, 190, 125
335, 175, 125, 188
336, 157, 105, 175
337, 157, 175, 155
338, 132, 181, 253
339, 132, 253, 82
340, 253, 181, 133
341, 253, 133, 85
342, 97, 99, 136
343, 97, 136, 88
344, 66, 191, 194
345, 66, 194, 182
346, 105, 157, 156
347, 105, 156, 103
348, 142, 256, 78
349, 142, 78, 77
350, 116, 194, 191
351, 116, 191, 247
352, 193, 64, 161
353, 193, 161, 170
354, 67, 141, 192
355, 67, 192, 248
356, 194, 118, 74
357, 194, 74, 182
358, 180, 189, 128
359, 180, 128, 178

Colors, 359
Triangle:, Red:, Green:, Blue:
1, 204, 204, 204
2, 204, 204, 204
3, 204, 204, 204
4, 204, 204, 204
5, 204, 204, 204
6, 204, 204, 204
7, 204, 204, 204
8, 204, 204, 204
9, 204, 204, 204
10, 204, 204, 204
11, 204, 204, 204
12, 204, 204, 204
13, 204, 204, 204
14, 204, 204, 204
15, 204, 204, 204
16, 204, 204, 204
17, 204, 204, 204
18, 204, 204, 204
19, 204, 204, 204
20, 204, 204, 204
21, 204, 204, 204
22, 204, 204, 204
23, 204, 204, 204
24, 204, 204, 204
25, 204, 204, 204
26, 204, 204, 204
27, 204, 204, 204
28, 204, 204, 204
29, 204, 204, 204
30, 204, 204, 204
31, 204, 204, 204
32, 204, 204, 204
33, 204, 204, 204
34, 204, 204, 204
35, 204, 204, 204
36, 204, 204, 204
37, 204, 204, 204
38, 204, 204, 204
39, 204, 204, 204
40, 204, 204, 204
41, 204, 204, 204
42, 204, 204, 204
43, 204, 204, 204
44, 204, 204, 204
45, 204, 204, 204
46, 204, 204, 204
47, 204, 204, 204
48, 204, 204, 204
49, 204, 204, 204
50, 204, 204, 204
51, 204, 204, 204
52, 204, 204, 204
53, 204, 204, 204
54, 204, 204, 204
55, 204, 204, 204
56, 204, 204, 204
57, 204, 204, 204
58, 204, 204, 204
59, 204, 204, 204
60, 204, 204, 204
61, 204, 204, 204
62, 204, 204, 204
63, 204, 204, 204
64, 204, 204, 204
65, 204, 204, 204
66, 204, 204, 204
67, 204, 204, 204
68, 204, 204, 204
69, 204, 204, 204
70, 204, 204, 204
71, 204, 204, 204
72, 204, 204, 204
73, 204, 204, 204
74, 204, 204, 204
75, 204, 204, 204
76, 204, 204, 204
77, 204, 204, 204
78, 204, 204, 204
79, 204, 204, 204
80, 204, 204, 204
81, 204, 204, 204
82, 204, 204, 204
83, 204, 204, 204
84, 204, 204, 204
85, 204, 204, 204
86, 204, 204, 204
87, 204, 204, 204
88, 204, 204, 204
89, 204, 204, 204
90, 204, 204, 204
91, 204, 204, 204
92, 204, 204, 204
93, 204, 204, 204
94, 204, 204, 204
95, 204, 204, 204
96, 204, 204, 204
97, 204, 204, 204
98, 204, 204, 204
99, 204, 204, 204
100, 204, 204, 204
101, 204, 204, 204
102, 204, 204, 204
103, 204, 204, 204
104, 204, 204, 204
105, 204, 204, 204
106, 204, 204, 204
107, 204, 204, 204
108, 204, 204, 204
109, 204, 204, 204
110, 204, 204, 204
111, 204, 204, 204
112, 204, 204, 204
113, 204, 204, 204
114, 204, 204, 204
115, 204, 204, 204
116, 204, 204, 204
117, 204, 204, 204
118, 204, 204, 204
119, 204, 204, 204
120, 204, 204, 204
121, 204, 204, 204
122, 204, 204, 204
123, 204, 204, 204
124, 204, 204, 204
125, 204, 204, 204
126, 204, 204, 204
127, 204, 204, 204
128, 204, 204, 204
129, 204, 204, 204
130, 204, 204, 204
131, 204, 204, 204
132, 204, 204, 204
133, 204, 204, 204
134, 204, 204, 204
135, 204, 204, 204
136, 204, 204, 204
137, 204, 204, 204
138, 204, 204, 204
139, 204, 204, 204
140, 204, 204, 204
141, 204, 204, 204
142, 204, 204, 204
143, 204, 204, 204
144, 204, 204, 204
145, 204, 204, 204
146, 204, 204, 204
147, 204, 204, 204
148, 204, 204, 204
149, 204, 204, 204
150, 204, 204, 204
151, 204, 204, 204
152, 204, 204, 204
153, 204, 204, 204
154, 204, 204, 204
155, 204, 204, 204
156, 204, 204, 204
157, 204, 204, 204
158, 204, 204, 204
159, 204, 204, 204
160, 204, 204, 204
161, 204, 204, 204
162, 204, 204, 204
163, 204, 204, 204
164, 204, 204, 204
165, 204, 204, 204
166, 204, 204, 204
167, 204, 204, 204
168, 204, 204, 204
169, 204, 204, 204
170, 204, 204, 204
171, 204, 204, 204
172, 204, 204, 204
173, 204, 204, 204
174, 204, 204, 204
175, 204, 204, 204
176, 204, 204, 204
177, 204, 204, 204
178, 204, 204, 204
179, 204, 204, 204
180, 204, 204, 204
181, 204, 204, 204
182, 204, 204, 204
183, 204, 204, 204
184, 204, 204, 204
185, 204, 204, 204
186, 204, 204, 204
187, 204, 204, 204
188, 204, 204, 204
189, 204, 204, 204
190, 204, 204, 204
191, 204, 204, 204
192, 204, 204, 204
193, 204, 204, 204
194, 204, 204, 204
195, 204, 204, 204
196, 204, 204, 204
197, 204, 204, 204
198, 204, 204, 204
199, 204, 204, 204
200, 204, 204, 204
201, 204, 204, 204
202, 204, 204, 204
203, 204, 204, 204
204, 204, 204, 204
205, 204, 204, 204
206, 204, 204, 204
207, 204, 204, 204
208, 204, 204, 204
209, 204, 204, 204
210, 204, 204, 204
211, 204, 204, 204
212, 204, 204, 204
213, 204, 204, 204
214, 204, 204, 204
215, 204, 204, 204
216, 204, 204, 204
217, 204, 204, 204
218, 204, 204, 204
219, 204, 204, 204
220, 204, 204, 204
221, 204, 204, 204
222, 204, 204, 204
223, 204, 204, 204
224, 204, 204, 204
225, 204, 204, 204
226, 204, 204, 204
227, 204, 204, 204
228, 204, 204, 204
229, 204, 204, 204
230, 204, 204, 204
231, 204, 204, 204
232, 204, 204, 204
233, 204, 204, 204
234, 204, 204, 204
235, 204, 204, 204
236, 204, 204, 204
237, 204, 204, 204
238, 204, 204, 204
239, 204, 204, 204
240, 204, 204, 204
241, 204, 204, 204
242, 204, 204, 204
243, 204, 204, 204
244, 204, 204, 204
245, 204, 204, 204
246, 204, 204, 204
247, 204, 204, 204
248, 204, 204, 204
249, 204, 204, 204
250, 204, 204, 204
251, 204, 204, 204
252, 204, 204, 204
253, 204, 204, 204
254, 204, 204, 204
255, 204, 204, 204
256, 204, 204, 204
257, 204, 204, 204
258, 204, 204, 204
259, 204, 204, 204
260, 204, 204, 204
261, 204, 204, 204
262, 204, 204, 204
263, 204, 204, 204
264, 204, 204, 204
265, 204, 204, 204
266, 204, 204, 204
267, 204, 204, 204
268, 204, 204, 204
269, 204, 204, 204
270, 204, 204, 204
271, 204, 204, 204
272, 204, 204, 204
273, 204, 204, 204
274, 204, 204, 204
275, 204, 204, 204
276, 204, 204, 204
277, 204, 204, 204
278, 204, 204, 204
279, 204, 204, 204
280, 204, 204, 204
281, 204, 204, 204
282, 204, 204, 204
283, 204, 204, 204
284, 204, 204, 204
285, 204, 204, 204
286, 204, 204, 204
287, 204, 204, 204
288, 204, 204, 204
289, 204, 204, 204
290, 204, 204, 204
291, 204, 204, 204
292, 204, 204, 204
293, 204, 204, 204
294, 204, 204, 204
295, 204, 204, 204
296, 204, 204, 204
297, 204, 204, 204
298, 204, 204, 204
299, 204, 204, 204
300, 204, 204, 204
301, 204, 204, 204
302, 204, 204, 204
303, 204, 204, 204
304, 204, 204, 204
305, 204, 204, 204
306, 204, 204, 204
307, 204, 204, 204
308, 204, 204, 204
309, 204, 204, 204
310, 204, 204, 204
311, 204, 204, 204
312, 204, 204, 204
313, 204, 204, 204
314, 204, 204, 204
315, 204, 204, 204
316, 204, 204, 204
317, 204, 204, 204
318, 204, 204, 204
319, 204, 204, 204
320, 204, 204, 204
321, 204, 204, 204
322, 204, 204, 204
323, 204, 204, 204
324, 204, 204, 204
325, 204, 204, 204
326, 204, 204, 204
327, 204, 204, 204
328, 204, 204, 204
329, 204, 204, 204
330, 204, 204, 204
331, 204, 204, 204
332, 204, 204, 204
333, 204, 204, 204
334, 204, 204, 204
335, 204, 204, 204
336, 204, 204, 204
337, 204, 204, 204
338, 204, 204, 204
339, 204, 204, 204
340, 204, 204, 204
341, 204, 204, 204
342, 204, 204, 204
343, 204, 204, 204
344, 204, 204, 204
345, 204, 204, 204
346, 204, 204, 204
347, 204, 204, 204
348, 204, 204, 204
349, 204, 204, 204
350, 204, 204, 204
351, 204, 204, 204
352, 204, 204, 204
353, 204, 204, 204
354, 204, 204, 204
355, 204, 204, 204
356, 204, 204, 204
357, 204, 204, 204
358, 204, 204, 204
359, 204, 204, 204
