Objects, 1
Object:, First Vertice:, Vertices:, First Triangle:, Triangles:
Circle.002, 1, 129, 1, 256

Vertices, 129
Vertice:, X:, Y:, Z:
1, -0.12323213368654251, -2.036754846572876, -1.165367841720581
2, -0.12914890050888062, -2.0374348163604736, -1.225438117980957
3, -0.146671861410141, -2.03808856010437, -1.2831999063491821
4, -0.17512762546539307, -2.0386910438537598, -1.3364334106445312
5, -0.21342256665229797, -2.0392191410064697, -1.3830931186676025
6, -0.26008516550064087, -2.0396525859832764, -1.421385645866394
7, -0.31332218647003174, -2.0399744510650635, -1.44983971118927
8, -0.37108761072158813, -2.040172815322876, -1.467361569404602
9, -0.43116170167922974, -2.0402398109436035, -1.4732779264450073
10, -0.49123579263687134, -2.040172815322876, -1.467361569404602
11, -0.5490012764930725, -2.0399746894836426, -1.44983971118927
12, -0.6022382378578186, -2.0396525859832764, -1.4213857650756836
13, -0.6489009261131287, -2.0392191410064697, -1.3830931186676025
14, -0.6871958374977112, -2.0386910438537598, -1.3364336490631104
15, -0.7156516909599304, -2.03808856010437, -1.2832000255584717
16, -0.7331746816635132, -2.0374348163604736, -1.2254382371902466
17, -0.7390914559364319, -2.036755084991455, -1.1653679609298706
18, -0.7331746816635132, -2.0360751152038574, -1.1052976846694946
19, -0.7156516313552856, -2.035421371459961, -1.0475358963012695
20, -0.687195897102356, -2.0348188877105713, -0.9943022131919861
21, -0.6489009261131287, -2.0342907905578613, -0.9476425647735596
22, -0.6022382378578186, -2.0338573455810547, -0.9093500375747681
23, -0.549001157283783, -2.0335352420806885, -0.8808961510658264
24, -0.4912357032299042, -2.033337116241455, -0.8633743524551392
25, -0.4311615824699402, -2.0332701206207275, -0.8574579358100891
26, -0.3710874319076538, -2.033336877822876, -0.8633744120597839
27, -0.3133220076560974, -2.0335352420806885, -0.880896270275116
28, -0.26008501648902893, -2.0338573455810547, -0.9093502163887024
29, -0.21342244744300842, -2.0342905521392822, -0.9476429224014282
30, -0.17512746155261993, -2.034818649291992, -0.9943025708198547
31, -0.14667174220085144, -2.035421133041382, -1.0475362539291382
32, -0.12914887070655823, -2.0360748767852783, -1.1052980422973633
33, -0.12914887070655823, -2.0002481937408447, -1.1057034730911255
34, -0.14667174220085144, -1.9995944499969482, -1.0479416847229004
35, -0.17512746155261993, -1.9989919662475586, -0.9947080612182617
36, -0.21342244744300842, -1.9984638690948486, -0.9480484127998352
37, -0.26008501648902893, -1.9980305433273315, -0.9097557067871094
38, -0.3133220076560974, -1.9977084398269653, -0.881301760673523
39, -0.3710874319076538, -1.9975101947784424, -0.8637799024581909
40, -0.4311615824699402, -1.9974433183670044, -0.8578634262084961
41, -0.49123576283454895, -1.9975101947784424, -0.8637797832489014
42, -0.5490012168884277, -1.9977085590362549, -0.8813015818595886
43, -0.6022382378578186, -1.998030662536621, -0.909755527973175
44, -0.6489009261131287, -1.9984639883041382, -0.9480480551719666
45, -0.6871959567070007, -1.9989920854568481, -0.9947077035903931
46, -0.7156516909599304, -1.9995945692062378, -1.0479413270950317
47, -0.7331746816635132, -2.000248432159424, -1.1057031154632568
48, -0.7390914559364319, -2.0009281635284424, -1.1657733917236328
49, -0.7331746816635132, -2.00160813331604, -1.2258437871932983
50, -0.7156516909599304, -2.0022618770599365, -1.2836055755615234
51, -0.687195897102356, -2.002864360809326, -1.3368390798568726
52, -0.6489009261131287, -2.003392457962036, -1.3834986686706543
53, -0.6022382378578186, -2.0038259029388428, -1.4217911958694458
54, -0.5490012764930725, -2.00414776802063, -1.4502452611923218
55, -0.49123579263687134, -2.0043461322784424, -1.4677670001983643
56, -0.43116167187690735, -2.00441312789917, -1.473683476448059
57, -0.3710876703262329, -2.0043461322784424, -1.4677670001983643
58, -0.31332218647003174, -2.00414776802063, -1.4502451419830322
59, -0.26008522510528564, -2.0038256645202637, -1.4217910766601562
60, -0.21342262625694275, -2.003392219543457, -1.3834985494613647
61, -0.17512762546539307, -2.002864122390747, -1.336838960647583
62, -0.1466718465089798, -2.0022616386413574, -1.2836054563522339
63, -0.12914890050888062, -2.001607894897461, -1.2258436679840088
64, -0.12323213368654251, -2.0009281635284424, -1.1657733917236328
65, -0.13862864673137665, -2.0009281635284424, -1.1657733917236328
66, -0.1442495882511139, -2.0015740394592285, -1.2228400707244873
67, -0.1608963906764984, -2.002195119857788, -1.2777138948440552
68, -0.18792933225631714, -2.002767324447632, -1.3282856941223145
69, -0.22430956363677979, -2.0032691955566406, -1.3726123571395874
70, -0.26863905787467957, -2.00368070602417, -1.4089902639389038
71, -0.31921419501304626, -2.0039868354797363, -1.4360215663909912
72, -0.37409132719039917, -2.0041751861572266, -1.4526673555374146
73, -0.43116167187690735, -2.0042388439178467, -1.4582879543304443
74, -0.4882320463657379, -2.0041751861572266, -1.452667474746704
75, -0.5431093573570251, -2.0039868354797363, -1.4360215663909912
76, -0.5936844348907471, -2.003680944442749, -1.4089903831481934
77, -0.638014018535614, -2.0032691955566406, -1.372612476348877
78, -0.6743941903114319, -2.002767562866211, -1.328285813331604
79, -0.7014272212982178, -2.002195119857788, -1.2777140140533447
80, -0.7180740237236023, -2.0015742778778076, -1.2228403091430664
81, -0.7236949801445007, -2.0009281635284424, -1.1657733917236328
82, -0.7180740237236023, -2.0002822875976562, -1.1087067127227783
83, -0.701427161693573, -1.9996613264083862, -1.0538328886032104
84, -0.6743941903114319, -1.999089002609253, -1.0032610893249512
85, -0.6380138993263245, -1.9985872507095337, -0.9589343070983887
86, -0.5936844348907471, -1.9981755018234253, -0.922556459903717
87, -0.5431092977523804, -1.9978694915771484, -0.8955252170562744
88, -0.4882320165634155, -1.9976811408996582, -0.8788794875144958
89, -0.4311615824699402, -1.997617483139038, -0.8732590079307556
90, -0.37409117817878723, -1.9976810216903687, -0.8788795471191406
91, -0.31921398639678955, -1.9978694915771484, -0.8955253958702087
92, -0.26863884925842285, -1.9981753826141357, -0.9225566983222961
93, -0.22430944442749023, -1.9985871315002441, -0.9589346647262573
94, -0.18792922794818878, -1.9990887641906738, -1.0032613277435303
95, -0.16089628636837006, -1.9996610879898071, -1.053833246231079
96, -0.1442495435476303, -2.0002822875976562, -1.1087069511413574
97, -0.14424951374530792, -2.0253400802612305, -1.1084234714508057
98, -0.16089624166488647, -2.024718999862671, -1.0535496473312378
99, -0.1879291981458664, -2.024146556854248, -1.002977728843689
100, -0.22430939972400665, -2.0236449241638184, -0.9586511254310608
101, -0.26863887906074524, -2.02323317527771, -0.9222730994224548
102, -0.31921401619911194, -2.0229272842407227, -0.8952417969703674
103, -0.37409114837646484, -2.0227389335632324, -0.8785959482192993
104, -0.4311616122722626, -2.0226752758026123, -0.8729753494262695
105, -0.48823198676109314, -2.0227389335632324, -0.8785959482192993
106, -0.5431092381477356, -2.0229275226593018, -0.8952416181564331
107, -0.5936844348907471, -2.023233413696289, -0.9222728610038757
108, -0.6380139589309692, -2.0236451625823975, -0.9586507081985474
109, -0.6743941903114319, -2.024146795272827, -1.0029773712158203
110, -0.701427161693573, -2.02471923828125, -1.0535492897033691
111, -0.7180740237236023, -2.0253403186798096, -1.108423113822937
112, -0.7236950397491455, -2.0259861946105957, -1.1654897928237915
113, -0.7180740237236023, -2.026632070541382, -1.2225565910339355
114, -0.7014272212982178, -2.0272531509399414, -1.2774304151535034
115, -0.6743941903114319, -2.027825355529785, -1.3280022144317627
116, -0.638014018535614, -2.028326988220215, -1.3723288774490356
117, -0.5936844348907471, -2.0287387371063232, -1.408706784248352
118, -0.5431092977523804, -2.0290446281433105, -1.4357380867004395
119, -0.4882320761680603, -2.029232978820801, -1.4523837566375732
120, -0.43116170167922974, -2.029296636581421, -1.4580042362213135
121, -0.3740912973880768, -2.029232978820801, -1.4523837566375732
122, -0.3192141354084015, -2.0290446281433105, -1.43573796749115
123, -0.2686390280723572, -2.0287387371063232, -1.4087066650390625
124, -0.22430959343910217, -2.028326988220215, -1.372328758239746
125, -0.18792936205863953, -2.027825117111206, -1.3280019760131836
126, -0.16089636087417603, -2.0272529125213623, -1.2774302959442139
127, -0.1442495435476303, -2.0266318321228027, -1.222556471824646
128, -0.13862866163253784, -2.0259859561920166, -1.1654897928237915
129, -0.43116167187690735, -2.0259859561920166, -1.165489912033081

Triangles, 224
Triangle:, Side1:, Side2:, Side3:
1, 32, 1, 64
2, 32, 64, 33
3, 32, 31, 34
4, 32, 34, 33
5, 31, 30, 35
6, 31, 35, 34
7, 30, 29, 36
8, 30, 36, 35
9, 29, 28, 37
10, 29, 37, 36
11, 28, 27, 38
12, 28, 38, 37
13, 27, 26, 39
14, 27, 39, 38
15, 26, 25, 40
16, 26, 40, 39
17, 25, 24, 41
18, 25, 41, 40
19, 24, 23, 42
20, 24, 42, 41
21, 23, 22, 43
22, 23, 43, 42
23, 22, 21, 44
24, 22, 44, 43
25, 21, 20, 45
26, 21, 45, 44
27, 20, 19, 46
28, 20, 46, 45
29, 19, 18, 47
30, 19, 47, 46
31, 18, 17, 48
32, 18, 48, 47
33, 17, 16, 49
34, 17, 49, 48
35, 16, 15, 50
36, 16, 50, 49
37, 15, 14, 51
38, 15, 51, 50
39, 14, 13, 52
40, 14, 52, 51
41, 13, 12, 53
42, 13, 53, 52
43, 12, 11, 54
44, 12, 54, 53
45, 11, 10, 55
46, 11, 55, 54
47, 10, 9, 56
48, 10, 56, 55
49, 9, 8, 57
50, 9, 57, 56
51, 8, 7, 58
52, 8, 58, 57
53, 7, 6, 59
54, 7, 59, 58
55, 6, 5, 60
56, 6, 60, 59
57, 5, 4, 61
58, 5, 61, 60
59, 4, 3, 62
60, 4, 62, 61
61, 3, 2, 63
62, 3, 63, 62
63, 2, 1, 64
64, 2, 64, 63
65, 63, 64, 65
66, 63, 65, 66
67, 62, 63, 66
68, 62, 66, 67
69, 61, 62, 67
70, 61, 67, 68
71, 60, 61, 68
72, 60, 68, 69
73, 59, 60, 69
74, 59, 69, 70
75, 58, 59, 70
76, 58, 70, 71
77, 57, 58, 71
78, 57, 71, 72
79, 56, 57, 72
80, 56, 72, 73
81, 55, 56, 73
82, 55, 73, 74
83, 54, 55, 74
84, 54, 74, 75
85, 53, 54, 75
86, 53, 75, 76
87, 52, 53, 76
88, 52, 76, 77
89, 51, 52, 77
90, 51, 77, 78
91, 50, 51, 78
92, 50, 78, 79
93, 49, 50, 79
94, 49, 79, 80
95, 48, 49, 80
96, 48, 80, 81
97, 47, 48, 81
98, 47, 81, 82
99, 46, 47, 82
100, 46, 82, 83
101, 45, 46, 83
102, 45, 83, 84
103, 44, 45, 84
104, 44, 84, 85
105, 43, 44, 85
106, 43, 85, 86
107, 42, 43, 86
108, 42, 86, 87
109, 41, 42, 87
110, 41, 87, 88
111, 40, 41, 88
112, 40, 88, 89
113, 39, 40, 89
114, 39, 89, 90
115, 38, 39, 90
116, 38, 90, 91
117, 37, 38, 91
118, 37, 91, 92
119, 36, 37, 92
120, 36, 92, 93
121, 35, 36, 93
122, 35, 93, 94
123, 34, 35, 94
124, 34, 94, 95
125, 33, 34, 95
126, 33, 95, 96
127, 33, 64, 65
128, 33, 65, 96
129, 96, 65, 128
130, 96, 128, 97
131, 96, 95, 98
132, 96, 98, 97
133, 95, 94, 99
134, 95, 99, 98
135, 94, 93, 100
136, 94, 100, 99
137, 93, 92, 101
138, 93, 101, 100
139, 92, 91, 102
140, 92, 102, 101
141, 91, 90, 103
142, 91, 103, 102
143, 90, 89, 104
144, 90, 104, 103
145, 89, 88, 105
146, 89, 105, 104
147, 88, 87, 106
148, 88, 106, 105
149, 87, 86, 107
150, 87, 107, 106
151, 86, 85, 108
152, 86, 108, 107
153, 85, 84, 109
154, 85, 109, 108
155, 84, 83, 110
156, 84, 110, 109
157, 83, 82, 111
158, 83, 111, 110
159, 82, 81, 112
160, 82, 112, 111
161, 81, 80, 113
162, 81, 113, 112
163, 80, 79, 114
164, 80, 114, 113
165, 79, 78, 115
166, 79, 115, 114
167, 78, 77, 116
168, 78, 116, 115
169, 77, 76, 117
170, 77, 117, 116
171, 76, 75, 118
172, 76, 118, 117
173, 75, 74, 119
174, 75, 119, 118
175, 74, 73, 120
176, 74, 120, 119
177, 73, 72, 121
178, 73, 121, 120
179, 72, 71, 122
180, 72, 122, 121
181, 71, 70, 123
182, 71, 123, 122
183, 70, 69, 124
184, 70, 124, 123
185, 69, 68, 125
186, 69, 125, 124
187, 68, 67, 126
188, 68, 126, 125
189, 67, 66, 127
190, 67, 127, 126
191, 66, 65, 128
192, 66, 128, 127
193, 127, 128, 129
194, 126, 127, 129
195, 125, 126, 129
196, 124, 125, 129
197, 123, 124, 129
198, 122, 123, 129
199, 121, 122, 129
200, 120, 121, 129
201, 119, 120, 129
202, 118, 119, 129
203, 117, 118, 129
204, 116, 117, 129
205, 115, 116, 129
206, 114, 115, 129
207, 113, 114, 129
208, 112, 113, 129
209, 111, 112, 129
210, 110, 111, 129
211, 109, 110, 129
212, 108, 109, 129
213, 107, 108, 129
214, 106, 107, 129
215, 105, 106, 129
216, 104, 105, 129
217, 103, 104, 129
218, 102, 103, 129
219, 101, 102, 129
220, 100, 101, 129
221, 99, 100, 129
222, 98, 99, 129
223, 97, 98, 129
224, 97, 128, 129

Colors, 224
Triangle:, Red:, Green:, Blue:
1, 1, 1, 1
2, 1, 1, 1
3, 1, 1, 1
4, 1, 1, 1
5, 1, 1, 1
6, 1, 1, 1
7, 1, 1, 1
8, 1, 1, 1
9, 1, 1, 1
10, 1, 1, 1
11, 1, 1, 1
12, 1, 1, 1
13, 1, 1, 1
14, 1, 1, 1
15, 1, 1, 1
16, 1, 1, 1
17, 1, 1, 1
18, 1, 1, 1
19, 1, 1, 1
20, 1, 1, 1
21, 1, 1, 1
22, 1, 1, 1
23, 1, 1, 1
24, 1, 1, 1
25, 1, 1, 1
26, 1, 1, 1
27, 1, 1, 1
28, 1, 1, 1
29, 1, 1, 1
30, 1, 1, 1
31, 1, 1, 1
32, 1, 1, 1
33, 1, 1, 1
34, 1, 1, 1
35, 1, 1, 1
36, 1, 1, 1
37, 1, 1, 1
38, 1, 1, 1
39, 1, 1, 1
40, 1, 1, 1
41, 1, 1, 1
42, 1, 1, 1
43, 1, 1, 1
44, 1, 1, 1
45, 1, 1, 1
46, 1, 1, 1
47, 1, 1, 1
48, 1, 1, 1
49, 1, 1, 1
50, 1, 1, 1
51, 1, 1, 1
52, 1, 1, 1
53, 1, 1, 1
54, 1, 1, 1
55, 1, 1, 1
56, 1, 1, 1
57, 1, 1, 1
58, 1, 1, 1
59, 1, 1, 1
60, 1, 1, 1
61, 1, 1, 1
62, 1, 1, 1
63, 1, 1, 1
64, 1, 1, 1
65, 1, 1, 1
66, 1, 1, 1
67, 1, 1, 1
68, 1, 1, 1
69, 1, 1, 1
70, 1, 1, 1
71, 1, 1, 1
72, 1, 1, 1
73, 1, 1, 1
74, 1, 1, 1
75, 1, 1, 1
76, 1, 1, 1
77, 1, 1, 1
78, 1, 1, 1
79, 1, 1, 1
80, 1, 1, 1
81, 1, 1, 1
82, 1, 1, 1
83, 1, 1, 1
84, 1, 1, 1
85, 1, 1, 1
86, 1, 1, 1
87, 1, 1, 1
88, 1, 1, 1
89, 1, 1, 1
90, 1, 1, 1
91, 1, 1, 1
92, 1, 1, 1
93, 1, 1, 1
94, 1, 1, 1
95, 1, 1, 1
96, 1, 1, 1
97, 1, 1, 1
98, 1, 1, 1
99, 1, 1, 1
100, 1, 1, 1
101, 1, 1, 1
102, 1, 1, 1
103, 1, 1, 1
104, 1, 1, 1
105, 1, 1, 1
106, 1, 1, 1
107, 1, 1, 1
108, 1, 1, 1
109, 1, 1, 1
110, 1, 1, 1
111, 1, 1, 1
112, 1, 1, 1
113, 1, 1, 1
114, 1, 1, 1
115, 1, 1, 1
116, 1, 1, 1
117, 1, 1, 1
118, 1, 1, 1
119, 1, 1, 1
120, 1, 1, 1
121, 1, 1, 1
122, 1, 1, 1
123, 1, 1, 1
124, 1, 1, 1
125, 1, 1, 1
126, 1, 1, 1
127, 1, 1, 1
128, 1, 1, 1
129, 1, 1, 1
130, 1, 1, 1
131, 1, 1, 1
132, 1, 1, 1
133, 1, 1, 1
134, 1, 1, 1
135, 1, 1, 1
136, 1, 1, 1
137, 1, 1, 1
138, 1, 1, 1
139, 1, 1, 1
140, 1, 1, 1
141, 1, 1, 1
142, 1, 1, 1
143, 1, 1, 1
144, 1, 1, 1
145, 1, 1, 1
146, 1, 1, 1
147, 1, 1, 1
148, 1, 1, 1
149, 1, 1, 1
150, 1, 1, 1
151, 1, 1, 1
152, 1, 1, 1
153, 1, 1, 1
154, 1, 1, 1
155, 1, 1, 1
156, 1, 1, 1
157, 1, 1, 1
158, 1, 1, 1
159, 1, 1, 1
160, 1, 1, 1
161, 1, 1, 1
162, 1, 1, 1
163, 1, 1, 1
164, 1, 1, 1
165, 1, 1, 1
166, 1, 1, 1
167, 1, 1, 1
168, 1, 1, 1
169, 1, 1, 1
170, 1, 1, 1
171, 1, 1, 1
172, 1, 1, 1
173, 1, 1, 1
174, 1, 1, 1
175, 1, 1, 1
176, 1, 1, 1
177, 1, 1, 1
178, 1, 1, 1
179, 1, 1, 1
180, 1, 1, 1
181, 1, 1, 1
182, 1, 1, 1
183, 1, 1, 1
184, 1, 1, 1
185, 1, 1, 1
186, 1, 1, 1
187, 1, 1, 1
188, 1, 1, 1
189, 1, 1, 1
190, 1, 1, 1
191, 1, 1, 1
192, 1, 1, 1
193, 1, 1, 1
194, 1, 1, 1
195, 1, 1, 1
196, 1, 1, 1
197, 1, 1, 1
198, 1, 1, 1
199, 1, 1, 1
200, 1, 1, 1
201, 1, 1, 1
202, 1, 1, 1
203, 1, 1, 1
204, 1, 1, 1
205, 1, 1, 1
206, 1, 1, 1
207, 1, 1, 1
208, 1, 1, 1
209, 1, 1, 1
210, 1, 1, 1
211, 1, 1, 1
212, 1, 1, 1
213, 1, 1, 1
214, 1, 1, 1
215, 1, 1, 1
216, 1, 1, 1
217, 1, 1, 1
218, 1, 1, 1
219, 1, 1, 1
220, 1, 1, 1
221, 1, 1, 1
222, 1, 1, 1
223, 1, 1, 1
224, 1, 1, 1
