Objects, 1
Object:, First Vertice:, Vertices:, First Triangle:, Triangles:
Circle.003, 1, 129, 1, 256

Vertices, 129
Vertice:, X:, Y:, Z:
1, 0.9777246713638306, -2.0367350578308105, -1.4649200439453125
2, 0.9176543951034546, -2.037414789199829, -1.459003210067749
3, 0.8598926067352295, -2.0380685329437256, -1.4414803981781006
4, 0.8066590428352356, -2.038670778274536, -1.4130244255065918
5, 0.7599993944168091, -2.039198875427246, -1.3747295141220093
6, 0.7217068672180176, -2.0396323204040527, -1.3280669450759888
7, 0.6932529211044312, -2.039954423904419, -1.2748299837112427
8, 0.6757310032844543, -2.0401525497436523, -1.217064380645752
9, 0.6698146462440491, -2.040219306945801, -1.1569902896881104
10, 0.6757310032844543, -2.0401525497436523, -1.0969163179397583
11, 0.6932528614997864, -2.03995418548584, -1.0391509532928467
12, 0.7217068076133728, -2.0396323204040527, -0.9859139919281006
13, 0.7599993348121643, -2.039198875427246, -0.9392512440681458
14, 0.8066589832305908, -2.0386710166931152, -0.9009562730789185
15, 0.8598926067352295, -2.0380685329437256, -0.872500479221344
16, 0.9176543354988098, -2.037414789199829, -0.854977548122406
17, 0.9777246117591858, -2.0367350578308105, -0.8490607142448425
18, 1.0377949476242065, -2.036055326461792, -0.854977548122406
19, 1.0955567359924316, -2.0354018211364746, -0.8725005984306335
20, 1.1487902402877808, -2.034799337387085, -0.9009563326835632
21, 1.195449948310852, -2.034271240234375, -0.9392513036727905
22, 1.2337424755096436, -2.0338377952575684, -0.9859139323234558
23, 1.2621965408325195, -2.0335159301757812, -1.0391509532928467
24, 1.2797181606292725, -2.0333175659179688, -1.0969165563583374
25, 1.2856345176696777, -2.0332508087158203, -1.156990647315979
26, 1.2797181606292725, -2.033317804336548, -1.2170648574829102
27, 1.2621961832046509, -2.0335159301757812, -1.2748303413391113
28, 1.2337422370910645, -2.0338380336761475, -1.3280671834945679
29, 1.1954495906829834, -2.034271240234375, -1.3747296333312988
30, 1.148789882659912, -2.034799337387085, -1.4130247831344604
31, 1.095556378364563, -2.0354015827178955, -1.4414803981781006
32, 1.0377944707870483, -2.036055326461792, -1.459003210067749
33, 1.0373890399932861, -2.0002286434173584, -1.459003210067749
34, 1.0951509475708008, -1.999574899673462, -1.4414803981781006
35, 1.14838445186615, -1.9989725351333618, -1.4130247831344604
36, 1.1950441598892212, -1.9984445571899414, -1.374729871749878
37, 1.2333368062973022, -1.9980111122131348, -1.3280671834945679
38, 1.2617907524108887, -1.997689127922058, -1.2748302221298218
39, 1.2793127298355103, -1.9974910020828247, -1.2170647382736206
40, 1.2852290868759155, -1.9974238872528076, -1.156990647315979
41, 1.2793127298355103, -1.9974907636642456, -1.0969164371490479
42, 1.2617911100387573, -1.9976892471313477, -1.0391509532928467
43, 1.2333370447158813, -1.9980112314224243, -0.9859140515327454
44, 1.1950445175170898, -1.9984444379806519, -0.9392513036727905
45, 1.1483848094940186, -1.9989725351333618, -0.9009563326835632
46, 1.0951513051986694, -1.999574899673462, -0.8725005388259888
47, 1.0373895168304443, -2.0002286434173584, -0.854977548122406
48, 0.9773191809654236, -2.000908374786377, -0.8490607142448425
49, 0.9172489047050476, -2.0015881061553955, -0.854977548122406
50, 0.8594871759414673, -2.002241611480713, -0.8725004196166992
51, 0.8062535524368286, -2.0028440952301025, -0.9009562730789185
52, 0.7595939040184021, -2.0033721923828125, -0.9392512440681458
53, 0.7213014364242554, -2.00380539894104, -0.9859139323234558
54, 0.6928474307060242, -2.0041275024414062, -1.0391509532928467
55, 0.6753255724906921, -2.0043258666992188, -1.0969165563583374
56, 0.6694092154502869, -2.0043928623199463, -1.1569904088974
57, 0.6753255724906921, -2.0043256282806396, -1.217064380645752
58, 0.692847490310669, -2.0041275024414062, -1.2748299837112427
59, 0.7213014364242554, -2.00380539894104, -1.3280669450759888
60, 0.7595940232276917, -2.0033721923828125, -1.3747295141220093
61, 0.8062536120414734, -2.0028440952301025, -1.4130244255065918
62, 0.8594871759414673, -2.002241849899292, -1.4414803981781006
63, 0.9172490239143372, -2.0015881061553955, -1.459003210067749
64, 0.9773192405700684, -2.000908374786377, -1.4649200439453125
65, 0.9773192405700684, -2.000908374786377, -1.4495235681533813
66, 0.9202524423599243, -2.001554012298584, -1.4439027309417725
67, 0.8653787970542908, -2.0021750926971436, -1.4272558689117432
68, 0.8148069381713867, -2.0027472972869873, -1.400222897529602
69, 0.770480215549469, -2.003248929977417, -1.3638427257537842
70, 0.7341023683547974, -2.0036606788635254, -1.319512963294983
71, 0.70707106590271, -2.0039665699005127, -1.2689380645751953
72, 0.6904252767562866, -2.004154920578003, -1.21406090259552
73, 0.6848047971725464, -2.004218339920044, -1.1569904088974
74, 0.6904252767562866, -2.004154682159424, -1.0999200344085693
75, 0.70707106590271, -2.0039665699005127, -1.0450429916381836
76, 0.7341023087501526, -2.0036606788635254, -0.9944677948951721
77, 0.7704801559448242, -2.003248929977417, -0.95013827085495
78, 0.8148068785667419, -2.0027472972869873, -0.9137579202651978
79, 0.865378737449646, -2.0021750926971436, -0.8867250084877014
80, 0.9202524423599243, -2.001554012298584, -0.8700780868530273
81, 0.9773191809654236, -2.000908136367798, -0.8644571304321289
82, 1.0343859195709229, -2.000262498855591, -0.8700781464576721
83, 1.0892597436904907, -1.9996415376663208, -0.8867250084877014
84, 1.1398316621780396, -1.9990692138671875, -0.9137579798698425
85, 1.184158205986023, -1.9985677003860474, -0.95013827085495
86, 1.220536231994629, -1.998155951499939, -0.9944678544998169
87, 1.2475672960281372, -1.9978501796722412, -1.0450429916381836
88, 1.2642130851745605, -1.9976617097854614, -1.0999202728271484
89, 1.2698335647583008, -1.9975981712341309, -1.1569907665252686
90, 1.2642130851745605, -1.997661828994751, -1.2140610218048096
91, 1.2475671768188477, -1.9978500604629517, -1.2689381837844849
92, 1.2205358743667603, -1.9981560707092285, -1.3195135593414307
93, 1.1841579675674438, -1.9985677003860474, -1.3638428449630737
94, 1.1398311853408813, -1.9990692138671875, -1.4002230167388916
95, 1.0892592668533325, -1.9996415376663208, -1.4272558689117432
96, 1.0343855619430542, -2.000262498855591, -1.4439027309417725
97, 1.0346691608428955, -2.025320529937744, -1.443902850151062
98, 1.0895428657531738, -2.0246994495391846, -1.4272558689117432
99, 1.140114665031433, -2.024127244949341, -1.4002230167388916
100, 1.1844414472579956, -2.023625612258911, -1.3638428449630737
101, 1.2208194732666016, -2.0232138633728027, -1.3195134401321411
102, 1.2478506565093994, -2.0229079723358154, -1.2689381837844849
103, 1.2644965648651123, -2.022719621658325, -1.21406090259552
104, 1.270117163658142, -2.022655963897705, -1.156990647315979
105, 1.2644965648651123, -2.022719621658325, -1.0999202728271484
106, 1.2478508949279785, -2.0229079723358154, -1.0450431108474731
107, 1.2208198308944702, -2.0232138633728027, -0.9944679141044617
108, 1.1844418048858643, -2.023625612258911, -0.9501383304595947
109, 1.1401152610778809, -2.024127244949341, -0.9137579798698425
110, 1.089543342590332, -2.0246994495391846, -0.8867250680923462
111, 1.0346695184707642, -2.025320291519165, -0.8700782060623169
112, 0.9776027202606201, -2.025966167449951, -0.8644571900367737
113, 0.9205360412597656, -2.026611804962158, -0.8700780868530273
114, 0.8656623363494873, -2.0272328853607178, -0.8867250680923462
115, 0.8150904178619385, -2.0278050899505615, -0.9137579798698425
116, 0.7707637548446655, -2.0283069610595703, -0.9501383304595947
117, 0.7343858480453491, -2.0287184715270996, -0.9944676756858826
118, 0.7073546051979065, -2.029024362564087, -1.0450429916381836
119, 0.6907088160514832, -2.029212713241577, -1.0999201536178589
120, 0.6850883364677429, -2.0292763710021973, -1.1569904088974
121, 0.6907088160514832, -2.029212713241577, -1.21406090259552
122, 0.7073546648025513, -2.029024362564087, -1.2689380645751953
123, 0.7343859076499939, -2.0287184715270996, -1.3195130825042725
124, 0.7707638144493103, -2.028306722640991, -1.3638426065444946
125, 0.815090537071228, -2.0278053283691406, -1.400222897529602
126, 0.8656623363494873, -2.0272328853607178, -1.4272558689117432
127, 0.9205360412597656, -2.0266120433807373, -1.4439027309417725
128, 0.9776027798652649, -2.025966167449951, -1.4495234489440918
129, 0.9776027202606201, -2.025966167449951, -1.1569904088974

Triangles, 224
Triangle:, Side1:, Side2:, Side3:
1, 32, 1, 64
2, 32, 64, 33
3, 32, 31, 34
4, 32, 34, 33
5, 31, 30, 35
6, 31, 35, 34
7, 30, 29, 36
8, 30, 36, 35
9, 29, 28, 37
10, 29, 37, 36
11, 28, 27, 38
12, 28, 38, 37
13, 27, 26, 39
14, 27, 39, 38
15, 26, 25, 40
16, 26, 40, 39
17, 25, 24, 41
18, 25, 41, 40
19, 24, 23, 42
20, 24, 42, 41
21, 23, 22, 43
22, 23, 43, 42
23, 22, 21, 44
24, 22, 44, 43
25, 21, 20, 45
26, 21, 45, 44
27, 20, 19, 46
28, 20, 46, 45
29, 19, 18, 47
30, 19, 47, 46
31, 18, 17, 48
32, 18, 48, 47
33, 17, 16, 49
34, 17, 49, 48
35, 16, 15, 50
36, 16, 50, 49
37, 15, 14, 51
38, 15, 51, 50
39, 14, 13, 52
40, 14, 52, 51
41, 13, 12, 53
42, 13, 53, 52
43, 12, 11, 54
44, 12, 54, 53
45, 11, 10, 55
46, 11, 55, 54
47, 10, 9, 56
48, 10, 56, 55
49, 9, 8, 57
50, 9, 57, 56
51, 8, 7, 58
52, 8, 58, 57
53, 7, 6, 59
54, 7, 59, 58
55, 6, 5, 60
56, 6, 60, 59
57, 5, 4, 61
58, 5, 61, 60
59, 4, 3, 62
60, 4, 62, 61
61, 3, 2, 63
62, 3, 63, 62
63, 2, 1, 64
64, 2, 64, 63
65, 63, 64, 65
66, 63, 65, 66
67, 62, 63, 66
68, 62, 66, 67
69, 61, 62, 67
70, 61, 67, 68
71, 60, 61, 68
72, 60, 68, 69
73, 59, 60, 69
74, 59, 69, 70
75, 58, 59, 70
76, 58, 70, 71
77, 57, 58, 71
78, 57, 71, 72
79, 56, 57, 72
80, 56, 72, 73
81, 55, 56, 73
82, 55, 73, 74
83, 54, 55, 74
84, 54, 74, 75
85, 53, 54, 75
86, 53, 75, 76
87, 52, 53, 76
88, 52, 76, 77
89, 51, 52, 77
90, 51, 77, 78
91, 50, 51, 78
92, 50, 78, 79
93, 49, 50, 79
94, 49, 79, 80
95, 48, 49, 80
96, 48, 80, 81
97, 47, 48, 81
98, 47, 81, 82
99, 46, 47, 82
100, 46, 82, 83
101, 45, 46, 83
102, 45, 83, 84
103, 44, 45, 84
104, 44, 84, 85
105, 43, 44, 85
106, 43, 85, 86
107, 42, 43, 86
108, 42, 86, 87
109, 41, 42, 87
110, 41, 87, 88
111, 40, 41, 88
112, 40, 88, 89
113, 39, 40, 89
114, 39, 89, 90
115, 38, 39, 90
116, 38, 90, 91
117, 37, 38, 91
118, 37, 91, 92
119, 36, 37, 92
120, 36, 92, 93
121, 35, 36, 93
122, 35, 93, 94
123, 34, 35, 94
124, 34, 94, 95
125, 33, 34, 95
126, 33, 95, 96
127, 33, 64, 65
128, 33, 65, 96
129, 96, 65, 128
130, 96, 128, 97
131, 96, 95, 98
132, 96, 98, 97
133, 95, 94, 99
134, 95, 99, 98
135, 94, 93, 100
136, 94, 100, 99
137, 93, 92, 101
138, 93, 101, 100
139, 92, 91, 102
140, 92, 102, 101
141, 91, 90, 103
142, 91, 103, 102
143, 90, 89, 104
144, 90, 104, 103
145, 89, 88, 105
146, 89, 105, 104
147, 88, 87, 106
148, 88, 106, 105
149, 87, 86, 107
150, 87, 107, 106
151, 86, 85, 108
152, 86, 108, 107
153, 85, 84, 109
154, 85, 109, 108
155, 84, 83, 110
156, 84, 110, 109
157, 83, 82, 111
158, 83, 111, 110
159, 82, 81, 112
160, 82, 112, 111
161, 81, 80, 113
162, 81, 113, 112
163, 80, 79, 114
164, 80, 114, 113
165, 79, 78, 115
166, 79, 115, 114
167, 78, 77, 116
168, 78, 116, 115
169, 77, 76, 117
170, 77, 117, 116
171, 76, 75, 118
172, 76, 118, 117
173, 75, 74, 119
174, 75, 119, 118
175, 74, 73, 120
176, 74, 120, 119
177, 73, 72, 121
178, 73, 121, 120
179, 72, 71, 122
180, 72, 122, 121
181, 71, 70, 123
182, 71, 123, 122
183, 70, 69, 124
184, 70, 124, 123
185, 69, 68, 125
186, 69, 125, 124
187, 68, 67, 126
188, 68, 126, 125
189, 67, 66, 127
190, 67, 127, 126
191, 66, 65, 128
192, 66, 128, 127
193, 127, 128, 129
194, 126, 127, 129
195, 125, 126, 129
196, 124, 125, 129
197, 123, 124, 129
198, 122, 123, 129
199, 121, 122, 129
200, 120, 121, 129
201, 119, 120, 129
202, 118, 119, 129
203, 117, 118, 129
204, 116, 117, 129
205, 115, 116, 129
206, 114, 115, 129
207, 113, 114, 129
208, 112, 113, 129
209, 111, 112, 129
210, 110, 111, 129
211, 109, 110, 129
212, 108, 109, 129
213, 107, 108, 129
214, 106, 107, 129
215, 105, 106, 129
216, 104, 105, 129
217, 103, 104, 129
218, 102, 103, 129
219, 101, 102, 129
220, 100, 101, 129
221, 99, 100, 129
222, 98, 99, 129
223, 97, 98, 129
224, 97, 128, 129

Colors, 224
Triangle:, Red:, Green:, Blue:
1, 1, 1, 1
2, 1, 1, 1
3, 1, 1, 1
4, 1, 1, 1
5, 1, 1, 1
6, 1, 1, 1
7, 1, 1, 1
8, 1, 1, 1
9, 1, 1, 1
10, 1, 1, 1
11, 1, 1, 1
12, 1, 1, 1
13, 1, 1, 1
14, 1, 1, 1
15, 1, 1, 1
16, 1, 1, 1
17, 1, 1, 1
18, 1, 1, 1
19, 1, 1, 1
20, 1, 1, 1
21, 1, 1, 1
22, 1, 1, 1
23, 1, 1, 1
24, 1, 1, 1
25, 1, 1, 1
26, 1, 1, 1
27, 1, 1, 1
28, 1, 1, 1
29, 1, 1, 1
30, 1, 1, 1
31, 1, 1, 1
32, 1, 1, 1
33, 1, 1, 1
34, 1, 1, 1
35, 1, 1, 1
36, 1, 1, 1
37, 1, 1, 1
38, 1, 1, 1
39, 1, 1, 1
40, 1, 1, 1
41, 1, 1, 1
42, 1, 1, 1
43, 1, 1, 1
44, 1, 1, 1
45, 1, 1, 1
46, 1, 1, 1
47, 1, 1, 1
48, 1, 1, 1
49, 1, 1, 1
50, 1, 1, 1
51, 1, 1, 1
52, 1, 1, 1
53, 1, 1, 1
54, 1, 1, 1
55, 1, 1, 1
56, 1, 1, 1
57, 1, 1, 1
58, 1, 1, 1
59, 1, 1, 1
60, 1, 1, 1
61, 1, 1, 1
62, 1, 1, 1
63, 1, 1, 1
64, 1, 1, 1
65, 1, 1, 1
66, 1, 1, 1
67, 1, 1, 1
68, 1, 1, 1
69, 1, 1, 1
70, 1, 1, 1
71, 1, 1, 1
72, 1, 1, 1
73, 1, 1, 1
74, 1, 1, 1
75, 1, 1, 1
76, 1, 1, 1
77, 1, 1, 1
78, 1, 1, 1
79, 1, 1, 1
80, 1, 1, 1
81, 1, 1, 1
82, 1, 1, 1
83, 1, 1, 1
84, 1, 1, 1
85, 1, 1, 1
86, 1, 1, 1
87, 1, 1, 1
88, 1, 1, 1
89, 1, 1, 1
90, 1, 1, 1
91, 1, 1, 1
92, 1, 1, 1
93, 1, 1, 1
94, 1, 1, 1
95, 1, 1, 1
96, 1, 1, 1
97, 1, 1, 1
98, 1, 1, 1
99, 1, 1, 1
100, 1, 1, 1
101, 1, 1, 1
102, 1, 1, 1
103, 1, 1, 1
104, 1, 1, 1
105, 1, 1, 1
106, 1, 1, 1
107, 1, 1, 1
108, 1, 1, 1
109, 1, 1, 1
110, 1, 1, 1
111, 1, 1, 1
112, 1, 1, 1
113, 1, 1, 1
114, 1, 1, 1
115, 1, 1, 1
116, 1, 1, 1
117, 1, 1, 1
118, 1, 1, 1
119, 1, 1, 1
120, 1, 1, 1
121, 1, 1, 1
122, 1, 1, 1
123, 1, 1, 1
124, 1, 1, 1
125, 1, 1, 1
126, 1, 1, 1
127, 1, 1, 1
128, 1, 1, 1
129, 1, 1, 1
130, 1, 1, 1
131, 1, 1, 1
132, 1, 1, 1
133, 1, 1, 1
134, 1, 1, 1
135, 1, 1, 1
136, 1, 1, 1
137, 1, 1, 1
138, 1, 1, 1
139, 1, 1, 1
140, 1, 1, 1
141, 1, 1, 1
142, 1, 1, 1
143, 1, 1, 1
144, 1, 1, 1
145, 1, 1, 1
146, 1, 1, 1
147, 1, 1, 1
148, 1, 1, 1
149, 1, 1, 1
150, 1, 1, 1
151, 1, 1, 1
152, 1, 1, 1
153, 1, 1, 1
154, 1, 1, 1
155, 1, 1, 1
156, 1, 1, 1
157, 1, 1, 1
158, 1, 1, 1
159, 1, 1, 1
160, 1, 1, 1
161, 1, 1, 1
162, 1, 1, 1
163, 1, 1, 1
164, 1, 1, 1
165, 1, 1, 1
166, 1, 1, 1
167, 1, 1, 1
168, 1, 1, 1
169, 1, 1, 1
170, 1, 1, 1
171, 1, 1, 1
172, 1, 1, 1
173, 1, 1, 1
174, 1, 1, 1
175, 1, 1, 1
176, 1, 1, 1
177, 1, 1, 1
178, 1, 1, 1
179, 1, 1, 1
180, 1, 1, 1
181, 1, 1, 1
182, 1, 1, 1
183, 1, 1, 1
184, 1, 1, 1
185, 1, 1, 1
186, 1, 1, 1
187, 1, 1, 1
188, 1, 1, 1
189, 1, 1, 1
190, 1, 1, 1
191, 1, 1, 1
192, 1, 1, 1
193, 1, 1, 1
194, 1, 1, 1
195, 1, 1, 1
196, 1, 1, 1
197, 1, 1, 1
198, 1, 1, 1
199, 1, 1, 1
200, 1, 1, 1
201, 1, 1, 1
202, 1, 1, 1
203, 1, 1, 1
204, 1, 1, 1
205, 1, 1, 1
206, 1, 1, 1
207, 1, 1, 1
208, 1, 1, 1
209, 1, 1, 1
210, 1, 1, 1
211, 1, 1, 1
212, 1, 1, 1
213, 1, 1, 1
214, 1, 1, 1
215, 1, 1, 1
216, 1, 1, 1
217, 1, 1, 1
218, 1, 1, 1
219, 1, 1, 1
220, 1, 1, 1
221, 1, 1, 1
222, 1, 1, 1
223, 1, 1, 1
224, 1, 1, 1
