Objects, 1
Object:, First Vertice:, Vertices:, First Triangle:, Triangles:
Circle.011, 1, 129, 1, 256

Vertices, 129
Vertice:, X:, Y:, Z:
1, 0.5225396486038179, -1.6573847790993295, -0.5594879686832428
2, 0.5740402080118656, -1.657967563602142, -0.5645606219768524
3, 0.6235616356134415, -1.6585279576247558, -0.5795837342739105
4, 0.6692008376121521, -1.659044410684146, -0.6039799451828003
5, 0.7092039287090302, -1.6594970922451466, -0.6368117183446884
6, 0.7420336455106735, -1.6598685935605317, -0.6768173724412918
7, 0.7664283066987991, -1.6601446405984461, -0.7224594801664352
8, 0.781450480222702, -1.660314632114023, -0.771984051913023
9, 0.7865228652954102, -1.66037202719599, -0.8234878911782744
10, 0.7814505100250244, -1.660314624197781, -0.8749917335808277
11, 0.7664283961057663, -1.6601446270942688, -0.9245163202285767
12, 0.7420337498188019, -1.6598685660865158, -0.9701584875583649
13, 0.7092040479183197, -1.6594970598816872, -1.0101641416549683
14, 0.6692009717226028, -1.6590443772729486, -1.04299595952034
15, 0.6235617473721504, -1.658527914318256, -1.0673922151327133
16, 0.574040312319994, -1.6579675149987452, -1.0824153423309326
17, 0.5225397350169945, -1.6573847266248745, -1.0874880254268646
18, 0.47103916108608246, -1.6568019376136363, -1.0824153423309326
19, 0.4215177297592163, -1.6562415466178209, -1.0673922151327133
20, 0.3758785128593445, -1.6557250891346484, -1.0429959744215012
21, 0.33587539196014404, -1.6552724137436599, -1.0101641714572906
22, 0.30304571986198425, -1.6549009110312909, -0.9701584726572037
23, 0.27865107357501984, -1.6546248632948846, -0.9245163202285767
24, 0.2636289596557617, -1.6544548734091222, -0.8749917037785053
25, 0.258556604385376, -1.6543974792584777, -0.8234878280607347
26, 0.2636290192604065, -1.654454882722348, -0.7719839550554752
27, 0.2786512076854706, -1.6546248821541667, -0.7224593609571457
28, 0.3030458986759186, -1.6549009373411536, -0.6768172383308411
29, 0.33587564527988434, -1.6552724451757967, -0.6368116140365601
30, 0.37587878108024597, -1.6557251296471804, -0.6039798408746719
31, 0.4215180352330208, -1.656241598422639, -0.5795836597681046
32, 0.471039492636919, -1.6568019855767488, -0.56456059217453
33, 0.4713870771229267, -1.626086238771677, -0.56456059217453
34, 0.4218656197190285, -1.6255258433520794, -0.5795836597681046
35, 0.37622636556625366, -1.6250093840062618, -0.6039798259735107
36, 0.3362232446670532, -1.6245566979050636, -0.6368115991353989
37, 0.30339348316192627, -1.624185185879469, -0.6768172234296799
38, 0.27899879217147827, -1.623909130692482, -0.7224593609571457
39, 0.2639765739440918, -1.623739130795002, -0.7719839513301849
40, 0.25890418887138367, -1.623681727796793, -0.8234878252463744
41, 0.2639765441417694, -1.6237391233444214, -0.874991700053215
42, 0.2789986580610275, -1.6239091120660305, -0.9245163202285767
43, 0.30339330434799194, -1.6241851598024368, -0.9701584726572037
44, 0.3362229913473129, -1.6245566681027412, -1.0101641565561295
45, 0.3762260973453522, -1.6250093430280685, -1.04299595952034
46, 0.4218653067946434, -1.625525802373886, -1.0673922002315521
47, 0.47138674184679985, -1.6260861903429031, -1.0824153423309326
48, 0.5228873192099854, -1.62666898034513, -1.0874880254268646
49, 0.5743878968060017, -1.6272517684847116, -1.0824153423309326
50, 0.6239093318581581, -1.6278121583163738, -1.0673922151327133
51, 0.6695485562086105, -1.6283286213874817, -1.04299595952034
52, 0.7095516473054886, -1.6287813037633896, -1.0101641416549683
53, 0.7423813343048096, -1.6291528157889843, -0.9701584726572037
54, 0.766775980591774, -1.6294288765639067, -0.9245163127779961
55, 0.7817981243133545, -1.6295988708734512, -0.8749917298555374
56, 0.7868704497814178, -1.6296562757343054, -0.8234878879523251
57, 0.7817980647087097, -1.629598880186677, -0.7719840481877327
58, 0.7667758911848068, -1.6294288914650679, -0.7224594727158546
59, 0.7423812299966812, -1.6291528418660164, -0.6768173724412918
60, 0.709551528096199, -1.6287813410162926, -0.6368117183446884
61, 0.6695484220981598, -1.6283286642283201, -0.6039799451828003
62, 0.6239092126488686, -1.6278122011572123, -0.5795837342739105
63, 0.574387788772583, -1.6272518076002598, -0.5645606219768524
64, 0.5228872328589205, -1.6266690231859684, -0.5594879686832428
65, 0.5228872383595444, -1.6266690231859684, -0.5726879835128784
66, 0.5718127638101578, -1.6272226665169, -0.5775070190429688
67, 0.6188581138849258, -1.6277550403028727, -0.591778963804245
68, 0.6622153371572495, -1.6282456815242767, -0.6149553507566452
69, 0.7002183049917221, -1.6286757234483957, -0.6461455374956131
70, 0.7314065247774124, -1.6290286481380463, -0.684150904417038
71, 0.7545814365148544, -1.629290897399187, -0.7275109067559242
72, 0.768852487206459, -1.6294523850083351, -0.7745592445135117
73, 0.7736712992191315, -1.6295069120824337, -0.8234878901748743
74, 0.7688525766134262, -1.6294523775577545, -0.8724165372550488
75, 0.7545815259218216, -1.629290882498026, -0.9194648936390877
76, 0.7314066290855408, -1.6290286239236593, -0.9628249406814575
77, 0.7002184092998505, -1.628675689920783, -1.0008303225040436
78, 0.6622154712677002, -1.6282456405460835, -1.0320205390453339
79, 0.6188582181930542, -1.6277549993246794, -1.0551969707012177
80, 0.5718128643929958, -1.627222629263997, -1.0694689452648163
81, 0.5228873203741387, -1.62666898034513, -1.074288010597229
82, 0.4739617742598057, -1.6261153370141983, -1.069468930363655
83, 0.4269164204597473, -1.6255829557776451, -1.0551969707012177
84, 0.38355913758277893, -1.6250923238694668, -1.032020553946495
85, 0.34555621445178986, -1.6246622763574123, -1.0008303225040436
86, 0.31436800956726074, -1.624309353530407, -0.9628249257802963
87, 0.2911930978298187, -1.6240471042692661, -0.9194648936390877
88, 0.2769220620393753, -1.623885616660118, -0.8724165074527264
89, 0.27210336923599243, -1.6238310895860195, -0.8234878297595003
90, 0.2769221365451813, -1.6238856241106987, -0.7745591551065445
91, 0.29119323194026947, -1.6240471228957176, -0.7275107949972153
92, 0.31436820328235626, -1.6243093758821487, -0.6841507703065872
93, 0.34555645287036896, -1.6246623136103153, -0.6461454182863235
94, 0.3835594207048416, -1.6250923611223698, -0.6149552464485168
95, 0.4269167110323906, -1.625583004206419, -0.5917788743972778
96, 0.47396209463477135, -1.626115370541811, -0.5775069743394852
97, 0.473718985915184, -1.6475985925644636, -0.5775069743394852
98, 0.42667360603809357, -1.6470662243664265, -0.591778889298439
99, 0.383316308259964, -1.6465755831450224, -0.614955261349678
100, 0.34531334042549133, -1.6461455337703228, -0.6461454182863235
101, 0.31412510573863983, -1.6457926025614142, -0.6841507703065872
102, 0.29095011949539185, -1.6455303458496928, -0.7275107875466347
103, 0.27667903900146484, -1.6453688461333513, -0.7745591588318348
104, 0.2718602418899536, -1.6453143125399947, -0.8234878315598735
105, 0.2766789644956589, -1.6453688368201256, -0.8724165111780167
106, 0.2909499853849411, -1.6455303262919188, -0.9194648936390877
107, 0.3141249120235443, -1.6457925727590919, -0.9628249257802963
108, 0.3453131169080734, -1.646145498380065, -1.0008303225040436
109, 0.3833160251379013, -1.6465755458921194, -1.032020553946495
110, 0.4266733080148697, -1.647066186182201, -1.0551969558000565
111, 0.47371866554021835, -1.6475985562428832, -1.069468930363655
112, 0.5226442129351199, -1.64815220143646, -1.074288010597229
113, 0.5715697556734085, -1.6487058494240046, -1.0694689452648163
114, 0.6186151206493378, -1.6492382194846869, -1.0551969856023788
115, 0.6619723737239838, -1.6497288621030748, -1.0320205390453339
116, 0.6999752968549728, -1.6501589100807905, -1.0008303374052048
117, 0.7311635166406631, -1.6505118450149894, -0.9628249406814575
118, 0.7543384283781052, -1.650774103589356, -0.9194648936390877
119, 0.7686094641685486, -1.650935597717762, -0.872416540980339
120, 0.7734281718730927, -1.6509901322424412, -0.823487891645982
121, 0.7686093896627426, -1.6509356065653265, -0.774559248238802
122, 0.7543383240699768, -1.6507741175591946, -0.7275109067559242
123, 0.731163427233696, -1.650511868763715, -0.684150904417038
124, 0.6999751925468445, -1.6501589436084032, -0.6461455523967743
125, 0.6619722247123718, -1.6497289026156068, -0.6149553507566452
126, 0.6186150088906288, -1.6492382604628801, -0.5917789787054062
127, 0.5715696550905704, -1.6487058876082301, -0.5775070190429688
128, 0.522644130862318, -1.6481522424146533, -0.5726879835128784
129, 0.5226442320999922, -1.6481522228568792, -0.8234879140378268

Triangles, 224
Triangle:, Side1:, Side2:, Side3:
1, 32, 1, 64
2, 32, 64, 33
3, 32, 31, 34
4, 32, 34, 33
5, 31, 30, 35
6, 31, 35, 34
7, 30, 29, 36
8, 30, 36, 35
9, 29, 28, 37
10, 29, 37, 36
11, 28, 27, 38
12, 28, 38, 37
13, 27, 26, 39
14, 27, 39, 38
15, 26, 25, 40
16, 26, 40, 39
17, 25, 24, 41
18, 25, 41, 40
19, 24, 23, 42
20, 24, 42, 41
21, 23, 22, 43
22, 23, 43, 42
23, 22, 21, 44
24, 22, 44, 43
25, 21, 20, 45
26, 21, 45, 44
27, 20, 19, 46
28, 20, 46, 45
29, 19, 18, 47
30, 19, 47, 46
31, 18, 17, 48
32, 18, 48, 47
33, 17, 16, 49
34, 17, 49, 48
35, 16, 15, 50
36, 16, 50, 49
37, 15, 14, 51
38, 15, 51, 50
39, 14, 13, 52
40, 14, 52, 51
41, 13, 12, 53
42, 13, 53, 52
43, 12, 11, 54
44, 12, 54, 53
45, 11, 10, 55
46, 11, 55, 54
47, 10, 9, 56
48, 10, 56, 55
49, 9, 8, 57
50, 9, 57, 56
51, 8, 7, 58
52, 8, 58, 57
53, 7, 6, 59
54, 7, 59, 58
55, 6, 5, 60
56, 6, 60, 59
57, 5, 4, 61
58, 5, 61, 60
59, 4, 3, 62
60, 4, 62, 61
61, 3, 2, 63
62, 3, 63, 62
63, 2, 1, 64
64, 2, 64, 63
65, 63, 64, 65
66, 63, 65, 66
67, 62, 63, 66
68, 62, 66, 67
69, 61, 62, 67
70, 61, 67, 68
71, 60, 61, 68
72, 60, 68, 69
73, 59, 60, 69
74, 59, 69, 70
75, 58, 59, 70
76, 58, 70, 71
77, 57, 58, 71
78, 57, 71, 72
79, 56, 57, 72
80, 56, 72, 73
81, 55, 56, 73
82, 55, 73, 74
83, 54, 55, 74
84, 54, 74, 75
85, 53, 54, 75
86, 53, 75, 76
87, 52, 53, 76
88, 52, 76, 77
89, 51, 52, 77
90, 51, 77, 78
91, 50, 51, 78
92, 50, 78, 79
93, 49, 50, 79
94, 49, 79, 80
95, 48, 49, 80
96, 48, 80, 81
97, 47, 48, 81
98, 47, 81, 82
99, 46, 47, 82
100, 46, 82, 83
101, 45, 46, 83
102, 45, 83, 84
103, 44, 45, 84
104, 44, 84, 85
105, 43, 44, 85
106, 43, 85, 86
107, 42, 43, 86
108, 42, 86, 87
109, 41, 42, 87
110, 41, 87, 88
111, 40, 41, 88
112, 40, 88, 89
113, 39, 40, 89
114, 39, 89, 90
115, 38, 39, 90
116, 38, 90, 91
117, 37, 38, 91
118, 37, 91, 92
119, 36, 37, 92
120, 36, 92, 93
121, 35, 36, 93
122, 35, 93, 94
123, 34, 35, 94
124, 34, 94, 95
125, 33, 34, 95
126, 33, 95, 96
127, 33, 64, 65
128, 33, 65, 96
129, 96, 65, 128
130, 96, 128, 97
131, 96, 95, 98
132, 96, 98, 97
133, 95, 94, 99
134, 95, 99, 98
135, 94, 93, 100
136, 94, 100, 99
137, 93, 92, 101
138, 93, 101, 100
139, 92, 91, 102
140, 92, 102, 101
141, 91, 90, 103
142, 91, 103, 102
143, 90, 89, 104
144, 90, 104, 103
145, 89, 88, 105
146, 89, 105, 104
147, 88, 87, 106
148, 88, 106, 105
149, 87, 86, 107
150, 87, 107, 106
151, 86, 85, 108
152, 86, 108, 107
153, 85, 84, 109
154, 85, 109, 108
155, 84, 83, 110
156, 84, 110, 109
157, 83, 82, 111
158, 83, 111, 110
159, 82, 81, 112
160, 82, 112, 111
161, 81, 80, 113
162, 81, 113, 112
163, 80, 79, 114
164, 80, 114, 113
165, 79, 78, 115
166, 79, 115, 114
167, 78, 77, 116
168, 78, 116, 115
169, 77, 76, 117
170, 77, 117, 116
171, 76, 75, 118
172, 76, 118, 117
173, 75, 74, 119
174, 75, 119, 118
175, 74, 73, 120
176, 74, 120, 119
177, 73, 72, 121
178, 73, 121, 120
179, 72, 71, 122
180, 72, 122, 121
181, 71, 70, 123
182, 71, 123, 122
183, 70, 69, 124
184, 70, 124, 123
185, 69, 68, 125
186, 69, 125, 124
187, 68, 67, 126
188, 68, 126, 125
189, 67, 66, 127
190, 67, 127, 126
191, 66, 65, 128
192, 66, 128, 127
193, 127, 128, 129
194, 126, 127, 129
195, 125, 126, 129
196, 124, 125, 129
197, 123, 124, 129
198, 122, 123, 129
199, 121, 122, 129
200, 120, 121, 129
201, 119, 120, 129
202, 118, 119, 129
203, 117, 118, 129
204, 116, 117, 129
205, 115, 116, 129
206, 114, 115, 129
207, 113, 114, 129
208, 112, 113, 129
209, 111, 112, 129
210, 110, 111, 129
211, 109, 110, 129
212, 108, 109, 129
213, 107, 108, 129
214, 106, 107, 129
215, 105, 106, 129
216, 104, 105, 129
217, 103, 104, 129
218, 102, 103, 129
219, 101, 102, 129
220, 100, 101, 129
221, 99, 100, 129
222, 98, 99, 129
223, 97, 98, 129
224, 97, 128, 129

Colors, 224
Triangle:, Red:, Green:, Blue:
1, 1, 1, 1
2, 1, 1, 1
3, 1, 1, 1
4, 1, 1, 1
5, 1, 1, 1
6, 1, 1, 1
7, 1, 1, 1
8, 1, 1, 1
9, 1, 1, 1
10, 1, 1, 1
11, 1, 1, 1
12, 1, 1, 1
13, 1, 1, 1
14, 1, 1, 1
15, 1, 1, 1
16, 1, 1, 1
17, 1, 1, 1
18, 1, 1, 1
19, 1, 1, 1
20, 1, 1, 1
21, 1, 1, 1
22, 1, 1, 1
23, 1, 1, 1
24, 1, 1, 1
25, 1, 1, 1
26, 1, 1, 1
27, 1, 1, 1
28, 1, 1, 1
29, 1, 1, 1
30, 1, 1, 1
31, 1, 1, 1
32, 1, 1, 1
33, 1, 1, 1
34, 1, 1, 1
35, 1, 1, 1
36, 1, 1, 1
37, 1, 1, 1
38, 1, 1, 1
39, 1, 1, 1
40, 1, 1, 1
41, 1, 1, 1
42, 1, 1, 1
43, 1, 1, 1
44, 1, 1, 1
45, 1, 1, 1
46, 1, 1, 1
47, 1, 1, 1
48, 1, 1, 1
49, 1, 1, 1
50, 1, 1, 1
51, 1, 1, 1
52, 1, 1, 1
53, 1, 1, 1
54, 1, 1, 1
55, 1, 1, 1
56, 1, 1, 1
57, 1, 1, 1
58, 1, 1, 1
59, 1, 1, 1
60, 1, 1, 1
61, 1, 1, 1
62, 1, 1, 1
63, 1, 1, 1
64, 1, 1, 1
65, 1, 1, 1
66, 1, 1, 1
67, 1, 1, 1
68, 1, 1, 1
69, 1, 1, 1
70, 1, 1, 1
71, 1, 1, 1
72, 1, 1, 1
73, 1, 1, 1
74, 1, 1, 1
75, 1, 1, 1
76, 1, 1, 1
77, 1, 1, 1
78, 1, 1, 1
79, 1, 1, 1
80, 1, 1, 1
81, 1, 1, 1
82, 1, 1, 1
83, 1, 1, 1
84, 1, 1, 1
85, 1, 1, 1
86, 1, 1, 1
87, 1, 1, 1
88, 1, 1, 1
89, 1, 1, 1
90, 1, 1, 1
91, 1, 1, 1
92, 1, 1, 1
93, 1, 1, 1
94, 1, 1, 1
95, 1, 1, 1
96, 1, 1, 1
97, 1, 1, 1
98, 1, 1, 1
99, 1, 1, 1
100, 1, 1, 1
101, 1, 1, 1
102, 1, 1, 1
103, 1, 1, 1
104, 1, 1, 1
105, 1, 1, 1
106, 1, 1, 1
107, 1, 1, 1
108, 1, 1, 1
109, 1, 1, 1
110, 1, 1, 1
111, 1, 1, 1
112, 1, 1, 1
113, 1, 1, 1
114, 1, 1, 1
115, 1, 1, 1
116, 1, 1, 1
117, 1, 1, 1
118, 1, 1, 1
119, 1, 1, 1
120, 1, 1, 1
121, 1, 1, 1
122, 1, 1, 1
123, 1, 1, 1
124, 1, 1, 1
125, 1, 1, 1
126, 1, 1, 1
127, 1, 1, 1
128, 1, 1, 1
129, 1, 1, 1
130, 1, 1, 1
131, 1, 1, 1
132, 1, 1, 1
133, 1, 1, 1
134, 1, 1, 1
135, 1, 1, 1
136, 1, 1, 1
137, 1, 1, 1
138, 1, 1, 1
139, 1, 1, 1
140, 1, 1, 1
141, 1, 1, 1
142, 1, 1, 1
143, 1, 1, 1
144, 1, 1, 1
145, 1, 1, 1
146, 1, 1, 1
147, 1, 1, 1
148, 1, 1, 1
149, 1, 1, 1
150, 1, 1, 1
151, 1, 1, 1
152, 1, 1, 1
153, 1, 1, 1
154, 1, 1, 1
155, 1, 1, 1
156, 1, 1, 1
157, 1, 1, 1
158, 1, 1, 1
159, 1, 1, 1
160, 1, 1, 1
161, 1, 1, 1
162, 1, 1, 1
163, 1, 1, 1
164, 1, 1, 1
165, 1, 1, 1
166, 1, 1, 1
167, 1, 1, 1
168, 1, 1, 1
169, 1, 1, 1
170, 1, 1, 1
171, 1, 1, 1
172, 1, 1, 1
173, 1, 1, 1
174, 1, 1, 1
175, 1, 1, 1
176, 1, 1, 1
177, 1, 1, 1
178, 1, 1, 1
179, 1, 1, 1
180, 1, 1, 1
181, 1, 1, 1
182, 1, 1, 1
183, 1, 1, 1
184, 1, 1, 1
185, 1, 1, 1
186, 1, 1, 1
187, 1, 1, 1
188, 1, 1, 1
189, 1, 1, 1
190, 1, 1, 1
191, 1, 1, 1
192, 1, 1, 1
193, 1, 1, 1
194, 1, 1, 1
195, 1, 1, 1
196, 1, 1, 1
197, 1, 1, 1
198, 1, 1, 1
199, 1, 1, 1
200, 1, 1, 1
201, 1, 1, 1
202, 1, 1, 1
203, 1, 1, 1
204, 1, 1, 1
205, 1, 1, 1
206, 1, 1, 1
207, 1, 1, 1
208, 1, 1, 1
209, 1, 1, 1
210, 1, 1, 1
211, 1, 1, 1
212, 1, 1, 1
213, 1, 1, 1
214, 1, 1, 1
215, 1, 1, 1
216, 1, 1, 1
217, 1, 1, 1
218, 1, 1, 1
219, 1, 1, 1
220, 1, 1, 1
221, 1, 1, 1
222, 1, 1, 1
223, 1, 1, 1
224, 1, 1, 1
