Objects, 1
Object:, First Vertice:, Vertices:, First Triangle:, Triangles:
Cylinder.002, 1, 161, 1, 320

Vertices, 161
Vertice:, X:, Y:, Z:
1, -0.018616380402818322, -1.9109725058078766, -1.057532286271453
2, -0.07266093045473099, -1.9050313532352448, -1.057532286271453
3, -0.12450797855854034, -1.8886608481407166, -1.057532286271453
4, -0.17216506600379944, -1.8624900132417679, -1.057532286271453
5, -0.21380075812339783, -1.8275246024131775, -1.057532286271453
6, -0.24781502783298492, -1.7851083129644394, -1.057532286271453
7, -0.27290070056915283, -1.7368712052702904, -1.057532286271453
8, -0.2880937457084656, -1.6846669986844063, -1.057532286271453
9, -0.2928103804588318, -1.630501855397597, -1.057532286271453
10, -0.28686925768852234, -1.576457317918539, -1.057532286271453
11, -0.27049872279167175, -1.5246102809906006, -1.057532286271453
12, -0.24432790279388428, -1.476953163743019, -1.057532286271453
13, -0.2093624770641327, -1.4353174716234207, -1.057532286271453
14, -0.1669461727142334, -1.4013031870126724, -1.057532286271453
15, -0.11870904266834259, -1.3762174844741821, -1.057532286271453
16, -0.06650479882955551, -1.3610244393348694, -1.057532286271453
17, -0.012339618755504489, -1.3563078343868256, -1.057532286271453
18, 0.04170495271682739, -1.3622489869594574, -1.057532286271453
19, 0.09355200827121735, -1.3786195516586304, -1.057532286271453
20, 0.14120909571647644, -1.4047904163599014, -1.057532286271453
21, 0.18284478783607483, -1.4397558569908142, -1.057532286271453
22, 0.21685902774333954, -1.4821721762418747, -1.057532286271453
23, 0.24194467067718506, -1.530409336090088, -1.057532286271453
24, 0.2571377158164978, -1.5826135911047459, -1.057532286271453
25, 0.26185429096221924, -1.6367787735071033, -1.057532286271453
26, 0.255913108587265, -1.6908233389258385, -1.057532286271453
27, 0.23954248428344727, -1.7426703870296478, -1.057532286271453
28, 0.21337158977985382, -1.7903274595737457, -1.057532286271453
29, 0.17840613424777985, -1.8319631069898605, -1.057532286271453
30, 0.13598978519439697, -1.8659773468971252, -1.057532286271453
31, 0.08775261789560318, -1.8910629749298096, -1.057532286271453
32, 0.03554835915565491, -1.9062559604644775, -1.057532286271453
33, -0.019252853700891137, -1.9110387861728668, -1.043345931917429
34, -0.073297418653965, -1.9050976037979126, -1.043345931917429
35, -0.12514445185661316, -1.8887269496917725, -1.043345931917429
36, -0.17280150949954987, -1.8625560104846954, -1.043345931917429
37, -0.21443714201450348, -1.8275905102491379, -1.043345931917429
38, -0.2484513372182846, -1.785174161195755, -1.043345931917429
39, -0.27353695034980774, -1.7369369715452194, -1.043345931917429
40, -0.2887299060821533, -1.6847326941788197, -1.043345931917429
41, -0.2934463918209076, -1.630567511310801, -1.043345931917429
42, -0.2875051498413086, -1.5765230767428875, -1.043345931917429
43, -0.2711345851421356, -1.5246761590242386, -1.043345931917429
44, -0.24496373534202576, -1.4770192056894302, -1.043345931917429
45, -0.20999836921691895, -1.4353836476802826, -1.043345931917429
46, -0.167582169175148, -1.4013694822788239, -1.043345931917429
47, -0.11934514343738556, -1.3762838244438171, -1.043345931917429
48, -0.06714103743433952, -1.3610907793045044, -1.043345931917429
49, -0.012975995428860188, -1.3563741445541382, -1.043345931917429
50, 0.04106845334172249, -1.3623152077198029, -1.043345931917429
51, 0.09291542321443558, -1.378685623407364, -1.043345931917429
52, 0.1405724436044693, -1.4048563092947006, -1.043345931917429
53, 0.18220815062522888, -1.4398215413093567, -1.043345931917429
54, 0.21622245013713837, -1.4822376668453217, -1.043345931917429
55, 0.24130821228027344, -1.5304745733737946, -1.043345931917429
56, 0.2565014660358429, -1.5826786383986473, -1.043345931917429
57, 0.26121827960014343, -1.6368436666671187, -1.043345931917429
58, 0.2552773952484131, -1.69088813662529, -1.043345931917429
59, 0.238907128572464, -1.7427351400256157, -1.043345931917429
60, 0.2127365916967392, -1.7903922945261002, -1.043345931917429
61, 0.17777149379253387, -1.8320280760526657, -1.043345931917429
62, 0.13535550236701965, -1.8660425245761871, -1.043345931917429
63, 0.08711864054203033, -1.891128420829773, -1.043345931917429
64, 0.03491462394595146, -1.9063218533992767, -1.043345931917429
65, -0.015478044748306274, -1.633640170097351, -1.057532286271453
66, 0.03679059445858002, -1.9062700271606445, -1.1357984691858292
67, 0.08899486809968948, -1.8910770118236542, -1.1357984691858292
68, 0.13723203539848328, -1.865991398692131, -1.1357984691858292
69, 0.17964835464954376, -1.8319771736860275, -1.1357984691858292
70, 0.21461383998394012, -1.7903415113687515, -1.1357984691858292
71, 0.24078473448753357, -1.7426844388246536, -1.1357984691858292
72, 0.25715532898902893, -1.6908374018967152, -1.1357984691858292
73, 0.26309654116630554, -1.6367928343825042, -1.1357984691858292
74, 0.2583799362182617, -1.5826276540756226, -1.1357984691858292
75, 0.24318692088127136, -1.5304233878850937, -1.1357984691858292
76, 0.21810127794742584, -1.4821862429380417, -1.1357984691858292
77, 0.18408702313899994, -1.4397699236869812, -1.1357984691858292
78, 0.14245134592056274, -1.4048044830560684, -1.1357984691858292
79, 0.09479425102472305, -1.3786336183547974, -1.1357984691858292
80, 0.0429471917450428, -1.362263023853302, -1.1357984691858292
81, -0.011097378097474575, -1.3563219010829926, -1.1357984691858292
82, -0.0652625560760498, -1.3610385060310364, -1.1357984691858292
83, -0.11746679991483688, -1.3762315511703491, -1.1357984691858292
84, -0.16570395231246948, -1.4013172537088394, -1.1357984691858292
85, -0.2081202268600464, -1.4353315234184265, -1.1357984691858292
86, -0.24308565258979797, -1.476967230439186, -1.1357984691858292
87, -0.26925647258758545, -1.5246243327856064, -1.1357984691858292
88, -0.2856270372867584, -1.5764713734388351, -1.1357984691858292
89, -0.2915681302547455, -1.6305159160401672, -1.1357984691858292
90, -0.28685152530670166, -1.684681061655283, -1.1357984691858292
91, -0.27165845036506653, -1.7368852645158768, -1.1357984691858292
92, -0.24657277762889862, -1.7851223647594452, -1.1357984691858292
93, -0.21255850791931152, -1.8275386691093445, -1.1357984691858292
94, -0.17092283070087433, -1.8625040650367737, -1.1357984691858292
95, -0.12326574325561523, -1.8886748850345612, -1.1357984691858292
96, -0.07141869142651558, -1.9050453901290894, -1.1357984691858292
97, -0.017374139511957765, -1.9109865725040436, -1.1357984691858292
98, 0.03236319124698639, -1.892691045999527, -1.043345931917429
99, 0.08195701241493225, -1.8782573342323303, -1.043345931917429
100, 0.12778203189373016, -1.8544257134199142, -1.043345931917429
101, 0.1680772304534912, -1.8221119940280914, -1.043345931917429
102, 0.20129406452178955, -1.7825579643249512, -1.043345931917429
103, 0.2261560708284378, -1.7372836843132973, -1.043345931917429
104, 0.24170780181884766, -1.6880290247499943, -1.043345931917429
105, 0.24735164642333984, -1.6366867821197957, -1.043345931917429
106, 0.24287068843841553, -1.585230004042387, -1.043345931917429
107, 0.2284371256828308, -1.5356361493468285, -1.043345931917429
108, 0.20460563898086548, -1.4898110628128052, -1.043345931917429
109, 0.17229202389717102, -1.449515774846077, -1.043345931917429
110, 0.1327381283044815, -1.4162987917661667, -1.043345931917429
111, 0.08746395260095596, -1.3914366364479065, -1.043345931917429
112, 0.038209330290555954, -1.3758847415447235, -1.043345931917429
113, -0.013132895110175014, -1.370240718126297, -1.043345931917429
114, -0.06458969041705132, -1.3747215569019318, -1.043345931917429
115, -0.11418358236551285, -1.389154925942421, -1.043345931917429
116, -0.1600087434053421, -1.4129862934350967, -1.043345931917429
117, -0.20030413568019867, -1.4452997595071793, -1.043345931917429
118, -0.2335212528705597, -1.4848535507917404, -1.043345931917429
119, -0.2583835572004318, -1.5301276594400406, -1.043345931917429
120, -0.27393561601638794, -1.5793822221457958, -1.043345931917429
121, -0.2795797884464264, -1.6307244345080107, -1.043345931917429
122, -0.27509909868240356, -1.6821813583374023, -1.043345931917429
123, -0.26066578924655914, -1.731775425374508, -1.043345931917429
124, -0.23683446645736694, -1.7776007652282715, -1.043345931917429
125, -0.20452098548412323, -1.8178962767124176, -1.043345931917429
126, -0.1649671345949173, -1.8511135280132294, -1.043345931917429
127, -0.11969292908906937, -1.8759759068489075, -1.043345931917429
128, -0.07043824344873428, -1.8915279805660248, -1.043345931917429
129, -0.019095910945907235, -1.8971721529960632, -1.043345931917429
130, -0.019095910945907235, -1.8971721529960632, -1.043345931917429
131, -0.07043824344873428, -1.8915279805660248, -1.043345931917429
132, -0.11969292908906937, -1.8759759068489075, -1.043345931917429
133, -0.1649671345949173, -1.8511135280132294, -1.043345931917429
134, -0.20452098548412323, -1.8178962767124176, -1.043345931917429
135, -0.23683446645736694, -1.7776007652282715, -1.043345931917429
136, -0.26066578924655914, -1.731775425374508, -1.043345931917429
137, -0.27509909868240356, -1.6821813583374023, -1.043345931917429
138, -0.2795797884464264, -1.6307244345080107, -1.043345931917429
139, -0.27393561601638794, -1.5793822221457958, -1.043345931917429
140, -0.2583835572004318, -1.5301276594400406, -1.043345931917429
141, -0.2335212528705597, -1.4848535507917404, -1.043345931917429
142, -0.20030413568019867, -1.4452997595071793, -1.043345931917429
143, -0.1600087434053421, -1.4129862934350967, -1.043345931917429
144, -0.11418358236551285, -1.389154925942421, -1.043345931917429
145, -0.06458969041705132, -1.3747215569019318, -1.043345931917429
146, -0.013132895110175014, -1.370240718126297, -1.043345931917429
147, 0.038209330290555954, -1.3758847415447235, -1.043345931917429
148, 0.08746395260095596, -1.3914366364479065, -1.043345931917429
149, 0.1327381283044815, -1.4162987917661667, -1.043345931917429
150, 0.17229202389717102, -1.449515774846077, -1.043345931917429
151, 0.20460563898086548, -1.4898110628128052, -1.043345931917429
152, 0.2284371256828308, -1.5356361493468285, -1.043345931917429
153, 0.24287068843841553, -1.585230004042387, -1.043345931917429
154, 0.24735164642333984, -1.6366867821197957, -1.043345931917429
155, 0.24170780181884766, -1.6880290247499943, -1.043345931917429
156, 0.2261560708284378, -1.7372836843132973, -1.043345931917429
157, 0.20129406452178955, -1.7825579643249512, -1.043345931917429
158, 0.1680772304534912, -1.8221119940280914, -1.043345931917429
159, 0.12778203189373016, -1.8544257134199142, -1.043345931917429
160, 0.08195701241493225, -1.8782573342323303, -1.043345931917429
161, 0.03236319124698639, -1.892691045999527, -1.043345931917429

Triangles, 288
Triangle:, Side1:, Side2:, Side3:
1, 65, 1, 2
2, 65, 2, 3
3, 65, 3, 4
4, 65, 4, 5
5, 65, 5, 6
6, 65, 6, 7
7, 65, 7, 8
8, 65, 8, 9
9, 65, 9, 10
10, 65, 10, 11
11, 65, 11, 12
12, 65, 12, 13
13, 65, 13, 14
14, 65, 14, 15
15, 65, 15, 16
16, 65, 16, 17
17, 65, 17, 18
18, 65, 18, 19
19, 65, 19, 20
20, 65, 20, 21
21, 65, 21, 22
22, 65, 22, 23
23, 65, 23, 24
24, 65, 24, 25
25, 65, 25, 26
26, 65, 26, 27
27, 65, 27, 28
28, 65, 28, 29
29, 65, 29, 30
30, 65, 30, 31
31, 65, 31, 32
32, 32, 1, 65
33, 1, 33, 34
34, 1, 34, 2
35, 2, 34, 35
36, 2, 35, 3
37, 3, 35, 36
38, 3, 36, 4
39, 4, 36, 37
40, 4, 37, 5
41, 5, 37, 38
42, 5, 38, 6
43, 6, 38, 39
44, 6, 39, 7
45, 7, 39, 40
46, 7, 40, 8
47, 8, 40, 41
48, 8, 41, 9
49, 9, 41, 42
50, 9, 42, 10
51, 10, 42, 43
52, 10, 43, 11
53, 11, 43, 44
54, 11, 44, 12
55, 12, 44, 45
56, 12, 45, 13
57, 13, 45, 46
58, 13, 46, 14
59, 14, 46, 47
60, 14, 47, 15
61, 15, 47, 48
62, 15, 48, 16
63, 16, 48, 49
64, 16, 49, 17
65, 17, 49, 50
66, 17, 50, 18
67, 18, 50, 51
68, 18, 51, 19
69, 19, 51, 52
70, 19, 52, 20
71, 20, 52, 53
72, 20, 53, 21
73, 21, 53, 54
74, 21, 54, 22
75, 22, 54, 55
76, 22, 55, 23
77, 23, 55, 56
78, 23, 56, 24
79, 24, 56, 57
80, 24, 57, 25
81, 25, 57, 58
82, 25, 58, 26
83, 26, 58, 59
84, 26, 59, 27
85, 27, 59, 60
86, 27, 60, 28
87, 28, 60, 61
88, 28, 61, 29
89, 29, 61, 62
90, 29, 62, 30
91, 30, 62, 63
92, 30, 63, 31
93, 31, 63, 64
94, 31, 64, 32
95, 33, 1, 32
96, 33, 32, 64
97, 32, 1, 97
98, 32, 97, 66
99, 31, 32, 66
100, 31, 66, 67
101, 30, 31, 67
102, 30, 67, 68
103, 29, 30, 68
104, 29, 68, 69
105, 28, 29, 69
106, 28, 69, 70
107, 27, 28, 70
108, 27, 70, 71
109, 26, 27, 71
110, 26, 71, 72
111, 25, 26, 72
112, 25, 72, 73
113, 24, 25, 73
114, 24, 73, 74
115, 23, 24, 74
116, 23, 74, 75
117, 22, 23, 75
118, 22, 75, 76
119, 21, 22, 76
120, 21, 76, 77
121, 20, 21, 77
122, 20, 77, 78
123, 19, 20, 78
124, 19, 78, 79
125, 18, 19, 79
126, 18, 79, 80
127, 17, 18, 80
128, 17, 80, 81
129, 16, 17, 81
130, 16, 81, 82
131, 15, 16, 82
132, 15, 82, 83
133, 14, 15, 83
134, 14, 83, 84
135, 13, 14, 84
136, 13, 84, 85
137, 12, 13, 85
138, 12, 85, 86
139, 11, 12, 86
140, 11, 86, 87
141, 10, 11, 87
142, 10, 87, 88
143, 9, 10, 88
144, 9, 88, 89
145, 8, 9, 89
146, 8, 89, 90
147, 7, 8, 90
148, 7, 90, 91
149, 6, 7, 91
150, 6, 91, 92
151, 5, 6, 92
152, 5, 92, 93
153, 4, 5, 93
154, 4, 93, 94
155, 3, 4, 94
156, 3, 94, 95
157, 2, 3, 95
158, 2, 95, 96
159, 1, 2, 96
160, 1, 96, 97
161, 33, 64, 98
162, 33, 98, 129
163, 64, 63, 99
164, 64, 99, 98
165, 63, 62, 100
166, 63, 100, 99
167, 62, 61, 101
168, 62, 101, 100
169, 61, 60, 102
170, 61, 102, 101
171, 60, 59, 103
172, 60, 103, 102
173, 59, 58, 104
174, 59, 104, 103
175, 58, 57, 105
176, 58, 105, 104
177, 57, 56, 106
178, 57, 106, 105
179, 56, 55, 107
180, 56, 107, 106
181, 55, 54, 108
182, 55, 108, 107
183, 54, 53, 109
184, 54, 109, 108
185, 53, 52, 110
186, 53, 110, 109
187, 52, 51, 111
188, 52, 111, 110
189, 51, 50, 112
190, 51, 112, 111
191, 50, 49, 113
192, 50, 113, 112
193, 49, 48, 114
194, 49, 114, 113
195, 48, 47, 115
196, 48, 115, 114
197, 47, 46, 116
198, 47, 116, 115
199, 46, 45, 117
200, 46, 117, 116
201, 45, 44, 118
202, 45, 118, 117
203, 44, 43, 119
204, 44, 119, 118
205, 43, 42, 120
206, 43, 120, 119
207, 42, 41, 121
208, 42, 121, 120
209, 41, 40, 122
210, 41, 122, 121
211, 40, 39, 123
212, 40, 123, 122
213, 39, 38, 124
214, 39, 124, 123
215, 38, 37, 125
216, 38, 125, 124
217, 37, 36, 126
218, 37, 126, 125
219, 36, 35, 127
220, 36, 127, 126
221, 35, 34, 128
222, 35, 128, 127
223, 34, 33, 129
224, 34, 129, 128
225, 128, 129, 130
226, 128, 130, 131
227, 127, 128, 131
228, 127, 131, 132
229, 126, 127, 132
230, 126, 132, 133
231, 125, 126, 133
232, 125, 133, 134
233, 124, 125, 134
234, 124, 134, 135
235, 123, 124, 135
236, 123, 135, 136
237, 122, 123, 136
238, 122, 136, 137
239, 121, 122, 137
240, 121, 137, 138
241, 120, 121, 138
242, 120, 138, 139
243, 119, 120, 139
244, 119, 139, 140
245, 118, 119, 140
246, 118, 140, 141
247, 117, 118, 141
248, 117, 141, 142
249, 116, 117, 142
250, 116, 142, 143
251, 115, 116, 143
252, 115, 143, 144
253, 114, 115, 144
254, 114, 144, 145
255, 113, 114, 145
256, 113, 145, 146
257, 112, 113, 146
258, 112, 146, 147
259, 111, 112, 147
260, 111, 147, 148
261, 110, 111, 148
262, 110, 148, 149
263, 109, 110, 149
264, 109, 149, 150
265, 108, 109, 150
266, 108, 150, 151
267, 107, 108, 151
268, 107, 151, 152
269, 106, 107, 152
270, 106, 152, 153
271, 105, 106, 153
272, 105, 153, 154
273, 104, 105, 154
274, 104, 154, 155
275, 103, 104, 155
276, 103, 155, 156
277, 102, 103, 156
278, 102, 156, 157
279, 101, 102, 157
280, 101, 157, 158
281, 100, 101, 158
282, 100, 158, 159
283, 99, 100, 159
284, 99, 159, 160
285, 98, 99, 160
286, 98, 160, 161
287, 129, 98, 161
288, 129, 161, 130

Colors, 288
Triangle:, Red:, Green:, Blue:
1, 1, 1, 1
2, 1, 1, 1
3, 1, 1, 1
4, 1, 1, 1
5, 1, 1, 1
6, 1, 1, 1
7, 1, 1, 1
8, 1, 1, 1
9, 1, 1, 1
10, 1, 1, 1
11, 1, 1, 1
12, 1, 1, 1
13, 1, 1, 1
14, 1, 1, 1
15, 1, 1, 1
16, 1, 1, 1
17, 1, 1, 1
18, 1, 1, 1
19, 1, 1, 1
20, 1, 1, 1
21, 1, 1, 1
22, 1, 1, 1
23, 1, 1, 1
24, 1, 1, 1
25, 1, 1, 1
26, 1, 1, 1
27, 1, 1, 1
28, 1, 1, 1
29, 1, 1, 1
30, 1, 1, 1
31, 1, 1, 1
32, 1, 1, 1
33, 1, 1, 1
34, 1, 1, 1
35, 1, 1, 1
36, 1, 1, 1
37, 1, 1, 1
38, 1, 1, 1
39, 1, 1, 1
40, 1, 1, 1
41, 1, 1, 1
42, 1, 1, 1
43, 1, 1, 1
44, 1, 1, 1
45, 1, 1, 1
46, 1, 1, 1
47, 1, 1, 1
48, 1, 1, 1
49, 1, 1, 1
50, 1, 1, 1
51, 1, 1, 1
52, 1, 1, 1
53, 1, 1, 1
54, 1, 1, 1
55, 1, 1, 1
56, 1, 1, 1
57, 1, 1, 1
58, 1, 1, 1
59, 1, 1, 1
60, 1, 1, 1
61, 1, 1, 1
62, 1, 1, 1
63, 1, 1, 1
64, 1, 1, 1
65, 1, 1, 1
66, 1, 1, 1
67, 1, 1, 1
68, 1, 1, 1
69, 1, 1, 1
70, 1, 1, 1
71, 1, 1, 1
72, 1, 1, 1
73, 1, 1, 1
74, 1, 1, 1
75, 1, 1, 1
76, 1, 1, 1
77, 1, 1, 1
78, 1, 1, 1
79, 1, 1, 1
80, 1, 1, 1
81, 1, 1, 1
82, 1, 1, 1
83, 1, 1, 1
84, 1, 1, 1
85, 1, 1, 1
86, 1, 1, 1
87, 1, 1, 1
88, 1, 1, 1
89, 1, 1, 1
90, 1, 1, 1
91, 1, 1, 1
92, 1, 1, 1
93, 1, 1, 1
94, 1, 1, 1
95, 1, 1, 1
96, 1, 1, 1
97, 1, 1, 1
98, 1, 1, 1
99, 1, 1, 1
100, 1, 1, 1
101, 1, 1, 1
102, 1, 1, 1
103, 1, 1, 1
104, 1, 1, 1
105, 1, 1, 1
106, 1, 1, 1
107, 1, 1, 1
108, 1, 1, 1
109, 1, 1, 1
110, 1, 1, 1
111, 1, 1, 1
112, 1, 1, 1
113, 1, 1, 1
114, 1, 1, 1
115, 1, 1, 1
116, 1, 1, 1
117, 1, 1, 1
118, 1, 1, 1
119, 1, 1, 1
120, 1, 1, 1
121, 1, 1, 1
122, 1, 1, 1
123, 1, 1, 1
124, 1, 1, 1
125, 1, 1, 1
126, 1, 1, 1
127, 1, 1, 1
128, 1, 1, 1
129, 1, 1, 1
130, 1, 1, 1
131, 1, 1, 1
132, 1, 1, 1
133, 1, 1, 1
134, 1, 1, 1
135, 1, 1, 1
136, 1, 1, 1
137, 1, 1, 1
138, 1, 1, 1
139, 1, 1, 1
140, 1, 1, 1
141, 1, 1, 1
142, 1, 1, 1
143, 1, 1, 1
144, 1, 1, 1
145, 1, 1, 1
146, 1, 1, 1
147, 1, 1, 1
148, 1, 1, 1
149, 1, 1, 1
150, 1, 1, 1
151, 1, 1, 1
152, 1, 1, 1
153, 1, 1, 1
154, 1, 1, 1
155, 1, 1, 1
156, 1, 1, 1
157, 1, 1, 1
158, 1, 1, 1
159, 1, 1, 1
160, 1, 1, 1
161, 1, 1, 1
162, 1, 1, 1
163, 1, 1, 1
164, 1, 1, 1
165, 1, 1, 1
166, 1, 1, 1
167, 1, 1, 1
168, 1, 1, 1
169, 1, 1, 1
170, 1, 1, 1
171, 1, 1, 1
172, 1, 1, 1
173, 1, 1, 1
174, 1, 1, 1
175, 1, 1, 1
176, 1, 1, 1
177, 1, 1, 1
178, 1, 1, 1
179, 1, 1, 1
180, 1, 1, 1
181, 1, 1, 1
182, 1, 1, 1
183, 1, 1, 1
184, 1, 1, 1
185, 1, 1, 1
186, 1, 1, 1
187, 1, 1, 1
188, 1, 1, 1
189, 1, 1, 1
190, 1, 1, 1
191, 1, 1, 1
192, 1, 1, 1
193, 1, 1, 1
194, 1, 1, 1
195, 1, 1, 1
196, 1, 1, 1
197, 1, 1, 1
198, 1, 1, 1
199, 1, 1, 1
200, 1, 1, 1
201, 1, 1, 1
202, 1, 1, 1
203, 1, 1, 1
204, 1, 1, 1
205, 1, 1, 1
206, 1, 1, 1
207, 1, 1, 1
208, 1, 1, 1
209, 1, 1, 1
210, 1, 1, 1
211, 1, 1, 1
212, 1, 1, 1
213, 1, 1, 1
214, 1, 1, 1
215, 1, 1, 1
216, 1, 1, 1
217, 1, 1, 1
218, 1, 1, 1
219, 1, 1, 1
220, 1, 1, 1
221, 1, 1, 1
222, 1, 1, 1
223, 1, 1, 1
224, 1, 1, 1
225, 1, 1, 1
226, 1, 1, 1
227, 1, 1, 1
228, 1, 1, 1
229, 1, 1, 1
230, 1, 1, 1
231, 1, 1, 1
232, 1, 1, 1
233, 1, 1, 1
234, 1, 1, 1
235, 1, 1, 1
236, 1, 1, 1
237, 1, 1, 1
238, 1, 1, 1
239, 1, 1, 1
240, 1, 1, 1
241, 1, 1, 1
242, 1, 1, 1
243, 1, 1, 1
244, 1, 1, 1
245, 1, 1, 1
246, 1, 1, 1
247, 1, 1, 1
248, 1, 1, 1
249, 1, 1, 1
250, 1, 1, 1
251, 1, 1, 1
252, 1, 1, 1
253, 1, 1, 1
254, 1, 1, 1
255, 1, 1, 1
256, 1, 1, 1
257, 1, 1, 1
258, 1, 1, 1
259, 1, 1, 1
260, 1, 1, 1
261, 1, 1, 1
262, 1, 1, 1
263, 1, 1, 1
264, 1, 1, 1
265, 1, 1, 1
266, 1, 1, 1
267, 1, 1, 1
268, 1, 1, 1
269, 1, 1, 1
270, 1, 1, 1
271, 1, 1, 1
272, 1, 1, 1
273, 1, 1, 1
274, 1, 1, 1
275, 1, 1, 1
276, 1, 1, 1
277, 1, 1, 1
278, 1, 1, 1
279, 1, 1, 1
280, 1, 1, 1
281, 1, 1, 1
282, 1, 1, 1
283, 1, 1, 1
284, 1, 1, 1
285, 1, 1, 1
286, 1, 1, 1
287, 1, 1, 1
288, 1, 1, 1
