Objects, 1
Object:, First Vertice:, Vertices:, First Triangle:, Triangles:
Cylinder.001, 1, 66, 1, 192

Vertices, 66
Vertice:, X:, Y:, Z:
1, -0.019446681020781398, -1.9636161625385284, -1.8211405873298645
2, -0.08375062048435211, -1.9565472304821014, -1.8211405873298645
3, -0.14543989300727844, -1.937069058418274, -1.8211405873298645
4, -0.2021438181400299, -1.9059301614761353, -1.8211405873298645
5, -0.2516832798719406, -1.8643271923065186, -1.8211405873298645
6, -0.29215455055236816, -1.8138589411973953, -1.8211405873298645
7, -0.3220022916793823, -1.7564649060368538, -1.8211405873298645
8, -0.34007948637008667, -1.6943506598472595, -1.8211405873298645
9, -0.345691442489624, -1.6299032419919968, -1.8211405873298645
10, -0.338622510433197, -1.5655993223190308, -1.8211405873298645
11, -0.3191443383693695, -1.5039100497961044, -1.8211405873298645
12, -0.2880054712295532, -1.4472061097621918, -1.8211405873298645
13, -0.24640247225761414, -1.3976666182279587, -1.8211405873298645
14, -0.1959342211484909, -1.3571953475475311, -1.8211405873298645
15, -0.1385401412844658, -1.3273475766181946, -1.8211405873298645
16, -0.07642585039138794, -1.3092704117298126, -1.8211405873298645
17, -0.01197838969528675, -1.3036584556102753, -1.8211405873298645
18, 0.05232557654380798, -1.3107274174690247, -1.8211405873298645
19, 0.11401484906673431, -1.3302056193351746, -1.8211405873298645
20, 0.17071878910064697, -1.3613445460796356, -1.8211405873298645
21, 0.22025826573371887, -1.402947559952736, -1.8211405873298645
22, 0.26072949171066284, -1.4534158557653427, -1.8211405873298645
23, 0.290577232837677, -1.5108099654316902, -1.8211405873298645
24, 0.3086543679237366, -1.572924256324768, -1.8211405873298645
25, 0.31426626443862915, -1.6373717195820063, -1.8211405873298645
26, 0.3071972727775574, -1.7016756758093834, -1.8211405873298645
27, 0.2877190113067627, -1.7633649557828903, -1.8211405873298645
28, 0.25658005475997925, -1.8200688660144806, -1.8211405873298645
29, 0.21497699618339539, -1.8696082830429077, -1.8211405873298645
30, 0.16450868546962738, -1.9100795090198517, -1.8211405873298645
31, 0.10711455345153809, -1.9399271607398987, -1.8211405873298645
32, 0.04500025510787964, -1.9580042958259583, -1.8211405873298645
33, -0.01944721071049571, -1.9636161625385284, -1.266140639781952
34, -0.08375115692615509, -1.956547111272812, -1.266140639781952
35, -0.14544041454792023, -1.9370688199996948, -1.266140639781952
36, -0.2021443247795105, -1.905929833650589, -1.266140639781952
37, -0.2516837418079376, -1.8643267452716827, -1.266140639781952
38, -0.2921549081802368, -1.8138584196567535, -1.266140639781952
39, -0.3220025599002838, -1.7564642801880836, -1.266140639781952
40, -0.3400796353816986, -1.6943499445915222, -1.266140639781952
41, -0.345691442489624, -1.6299024762120098, -1.266140639781952
42, -0.33862239122390747, -1.56559868901968, -1.266140639781952
43, -0.3191441595554352, -1.503909558057785, -1.266140639781952
44, -0.2880052328109741, -1.4472057968378067, -1.266140639781952
45, -0.2464023232460022, -1.3976664692163467, -1.266140639781952
46, -0.19593416154384613, -1.3571953177452087, -1.266140639781952
47, -0.13854021579027176, -1.327347606420517, -1.266140639781952
48, -0.07642610371112823, -1.309270441532135, -1.266140639781952
49, -0.011978803901001811, -1.3036584258079529, -1.266140639781952
50, 0.05232501029968262, -1.3107272684574127, -1.266140639781952
51, 0.11401419341564178, -1.330205351114273, -1.266140639781952
52, 0.17071804404258728, -1.3613440692424774, -1.266140639781952
53, 0.22025752067565918, -1.4029468148946762, -1.266140639781952
54, 0.2607288360595703, -1.453414872288704, -1.266140639781952
55, 0.290576696395874, -1.5108086988329887, -1.266140639781952
56, 0.3086540699005127, -1.5729227624833584, -1.266140639781952
57, 0.31426629424095154, -1.6373700466938317, -1.266140639781952
58, 0.3071976602077484, -1.7016738802194595, -1.266140639781952
59, 0.28771981596946716, -1.7633631229400635, -1.266140639781952
60, 0.25658124685287476, -1.8200670927762985, -1.266140639781952
61, 0.2149786502122879, -1.8696067035198212, -1.266140639781952
62, 0.16451075673103333, -1.9100781679153442, -1.266140639781952
63, 0.10711698234081268, -1.9399262368679047, -1.266140639781952
64, 0.04500298574566841, -1.9580037593841553, -1.266140639781952
65, -0.015712589025497437, -1.6336373090744019, -1.8211405873298645
66, -0.015712589025497437, -1.6336373090744019, -1.266140639781952

Triangles, 128
Triangle:, Side1:, Side2:, Side3:
1, 65, 1, 2
2, 66, 34, 33
3, 65, 2, 3
4, 66, 35, 34
5, 65, 3, 4
6, 66, 36, 35
7, 65, 4, 5
8, 66, 37, 36
9, 65, 5, 6
10, 66, 38, 37
11, 65, 6, 7
12, 66, 39, 38
13, 65, 7, 8
14, 66, 40, 39
15, 65, 8, 9
16, 66, 41, 40
17, 65, 9, 10
18, 66, 42, 41
19, 65, 10, 11
20, 66, 43, 42
21, 65, 11, 12
22, 66, 44, 43
23, 65, 12, 13
24, 66, 45, 44
25, 65, 13, 14
26, 66, 46, 45
27, 65, 14, 15
28, 66, 47, 46
29, 65, 15, 16
30, 66, 48, 47
31, 65, 16, 17
32, 66, 49, 48
33, 65, 17, 18
34, 66, 50, 49
35, 65, 18, 19
36, 66, 51, 50
37, 65, 19, 20
38, 66, 52, 51
39, 65, 20, 21
40, 66, 53, 52
41, 65, 21, 22
42, 66, 54, 53
43, 65, 22, 23
44, 66, 55, 54
45, 65, 23, 24
46, 66, 56, 55
47, 65, 24, 25
48, 66, 57, 56
49, 65, 25, 26
50, 66, 58, 57
51, 65, 26, 27
52, 66, 59, 58
53, 65, 27, 28
54, 66, 60, 59
55, 65, 28, 29
56, 66, 61, 60
57, 65, 29, 30
58, 66, 62, 61
59, 65, 30, 31
60, 66, 63, 62
61, 65, 31, 32
62, 66, 64, 63
63, 32, 1, 65
64, 66, 33, 64
65, 1, 33, 34
66, 1, 34, 2
67, 2, 34, 35
68, 2, 35, 3
69, 3, 35, 36
70, 3, 36, 4
71, 4, 36, 37
72, 4, 37, 5
73, 5, 37, 38
74, 5, 38, 6
75, 6, 38, 39
76, 6, 39, 7
77, 7, 39, 40
78, 7, 40, 8
79, 8, 40, 41
80, 8, 41, 9
81, 9, 41, 42
82, 9, 42, 10
83, 10, 42, 43
84, 10, 43, 11
85, 11, 43, 44
86, 11, 44, 12
87, 12, 44, 45
88, 12, 45, 13
89, 13, 45, 46
90, 13, 46, 14
91, 14, 46, 47
92, 14, 47, 15
93, 15, 47, 48
94, 15, 48, 16
95, 16, 48, 49
96, 16, 49, 17
97, 17, 49, 50
98, 17, 50, 18
99, 18, 50, 51
100, 18, 51, 19
101, 19, 51, 52
102, 19, 52, 20
103, 20, 52, 53
104, 20, 53, 21
105, 21, 53, 54
106, 21, 54, 22
107, 22, 54, 55
108, 22, 55, 23
109, 23, 55, 56
110, 23, 56, 24
111, 24, 56, 57
112, 24, 57, 25
113, 25, 57, 58
114, 25, 58, 26
115, 26, 58, 59
116, 26, 59, 27
117, 27, 59, 60
118, 27, 60, 28
119, 28, 60, 61
120, 28, 61, 29
121, 29, 61, 62
122, 29, 62, 30
123, 30, 62, 63
124, 30, 63, 31
125, 31, 63, 64
126, 31, 64, 32
127, 33, 1, 32
128, 33, 32, 64

Colors, 128
Triangle:, Red:, Green:, Blue:
1, 58, 1, 2
2, 58, 1, 2
3, 58, 1, 2
4, 58, 1, 2
5, 58, 1, 2
6, 58, 1, 2
7, 58, 1, 2
8, 58, 1, 2
9, 58, 1, 2
10, 58, 1, 2
11, 58, 1, 2
12, 58, 1, 2
13, 58, 1, 2
14, 58, 1, 2
15, 58, 1, 2
16, 58, 1, 2
17, 58, 1, 2
18, 58, 1, 2
19, 58, 1, 2
20, 58, 1, 2
21, 58, 1, 2
22, 58, 1, 2
23, 58, 1, 2
24, 58, 1, 2
25, 58, 1, 2
26, 58, 1, 2
27, 58, 1, 2
28, 58, 1, 2
29, 58, 1, 2
30, 58, 1, 2
31, 58, 1, 2
32, 58, 1, 2
33, 58, 1, 2
34, 58, 1, 2
35, 58, 1, 2
36, 58, 1, 2
37, 58, 1, 2
38, 58, 1, 2
39, 58, 1, 2
40, 58, 1, 2
41, 58, 1, 2
42, 58, 1, 2
43, 58, 1, 2
44, 58, 1, 2
45, 58, 1, 2
46, 58, 1, 2
47, 58, 1, 2
48, 58, 1, 2
49, 58, 1, 2
50, 58, 1, 2
51, 58, 1, 2
52, 58, 1, 2
53, 58, 1, 2
54, 58, 1, 2
55, 58, 1, 2
56, 58, 1, 2
57, 58, 1, 2
58, 58, 1, 2
59, 58, 1, 2
60, 58, 1, 2
61, 58, 1, 2
62, 58, 1, 2
63, 58, 1, 2
64, 58, 1, 2
65, 58, 1, 2
66, 58, 1, 2
67, 58, 1, 2
68, 58, 1, 2
69, 58, 1, 2
70, 58, 1, 2
71, 58, 1, 2
72, 58, 1, 2
73, 58, 1, 2
74, 58, 1, 2
75, 58, 1, 2
76, 58, 1, 2
77, 58, 1, 2
78, 58, 1, 2
79, 58, 1, 2
80, 58, 1, 2
81, 58, 1, 2
82, 58, 1, 2
83, 58, 1, 2
84, 58, 1, 2
85, 58, 1, 2
86, 58, 1, 2
87, 58, 1, 2
88, 58, 1, 2
89, 58, 1, 2
90, 58, 1, 2
91, 58, 1, 2
92, 58, 1, 2
93, 58, 1, 2
94, 58, 1, 2
95, 58, 1, 2
96, 58, 1, 2
97, 58, 1, 2
98, 58, 1, 2
99, 58, 1, 2
100, 58, 1, 2
101, 58, 1, 2
102, 58, 1, 2
103, 58, 1, 2
104, 58, 1, 2
105, 58, 1, 2
106, 58, 1, 2
107, 58, 1, 2
108, 58, 1, 2
109, 58, 1, 2
110, 58, 1, 2
111, 58, 1, 2
112, 58, 1, 2
113, 58, 1, 2
114, 58, 1, 2
115, 58, 1, 2
116, 58, 1, 2
117, 58, 1, 2
118, 58, 1, 2
119, 58, 1, 2
120, 58, 1, 2
121, 58, 1, 2
122, 58, 1, 2
123, 58, 1, 2
124, 58, 1, 2
125, 58, 1, 2
126, 58, 1, 2
127, 58, 1, 2
128, 58, 1, 2
