Objects, 1
Object:, First Vertice:, Vertices:, First Triangle:, Triangles:
Plane.013, 1, 798, 1, 1344

Vertices, 798
Vertice:, X:, Y:, Z:
1, -0.874852791428566, -2.016618539346382, -1.3308452367782593
2, -0.9043837934732437, -2.016618541907519, -1.3093894720077515
3, -0.9041203409433365, -2.0166185384150594, -1.3090685456991196
4, -1.307213380932808, -2.016618542606011, -1.0091462135314941
5, -1.2776817828416824, -2.0166185405105352, -1.030602216720581
6, -1.2779453545808792, -2.0166185402777046, -1.0309231132268906
7, -1.360471561551094, -2.016618785681203, -1.1669332925230265
8, -1.3245689421892166, -2.016618788940832, -1.1669332904275507
9, -1.3246091157197952, -2.0166187887080014, -1.1673407477792352
10, -1.3246465474367142, -2.0166187884751707, -1.1677199525292963
11, -1.3246478587388992, -2.0166187884751707, -1.1677352113183588
12, -0.8712532073259354, -2.0241134664975107, -1.3258912414312363
13, -0.9004922211170197, -2.024113230407238, -1.3046477884054184
14, -0.9007533937692642, -2.024113230407238, -1.3049658238887787
15, -1.3604715764522552, -2.016618790337816, -1.1730568355415016
16, -1.3245689570903778, -2.0166187861468643, -1.1730569526553154
17, -1.3245689570903778, -2.0166187861468643, -1.1730569526553154
18, -1.0106843337416649, -2.016618787078187, -1.42719304561615
19, -1.0220380574464798, -2.016619018977508, -1.392249584197998
20, -1.0218839198350906, -2.0166190245654434, -1.392202839255333
21, -1.1713815480470657, -2.024113463703543, -0.9127980172634125
22, -1.1600278168916702, -2.024113461142406, -0.9477415531873703
23, -1.1600278168916702, -2.024071976309642, -0.9477415531873703
24, -1.0106833055615425, -2.02411369420588, -0.912798285484314
25, -1.0220370963215828, -2.02411345904693, -0.9477415978908539
26, -1.0220370963215828, -2.02411345904693, -0.9477415978908539
27, -1.004859283566475, -2.01661901245825, -0.9146906435489655
28, -1.0161760598421097, -2.016619011759758, -0.9495195299386978
29, -1.0164255648851395, -2.0166190082672983, -0.9494439661502838
30, -1.1772062443196774, -2.01661903061904, -1.4253003597259521
31, -1.1658895798027515, -2.016619025496766, -1.390471339225769
32, -1.165640078485012, -2.0166190292220563, -1.3905470222234726
33, -1.010683313012123, -2.0166190133895725, -0.912798285484314
34, -1.0220371037721634, -2.0166190126910806, -0.9477416127920151
35, -1.0220371037721634, -2.017636583186686, -0.9477416127920151
36, -1.1713823899626732, -2.0241134834941477, -1.4271928071975708
37, -1.160412508994341, -2.0241137149278075, -1.3921327739953995
38, -1.1604439802467823, -2.0241137149278075, -1.392123356461525
39, -1.1772062443196774, -2.02411348070018, -1.4253003895282745
40, -1.1658895835280418, -2.024068418191746, -1.390471339225769
41, -1.1658895835280418, -2.024061504052952, -1.390471339225769
42, -1.3108129054307938, -2.0166192681062967, -1.3258899599313736
43, -1.2815737277269363, -2.0166195072233677, -1.3046465069055557
44, -1.2813075333833694, -2.016619506990537, -1.304970994591713
45, -0.8712523728609085, -2.0166190087329596, -1.0141010135412216
46, -0.9004915058612823, -2.0166192511096597, -1.03534434735775
47, -0.9007578045129776, -2.0166192476172, -1.0350198596715927
48, -1.3072136342525482, -2.0166192695032805, -1.3308441638946533
49, -1.277682140469551, -2.0176261086016893, -1.309388518333435
50, -1.277682140469551, -2.0176711697131395, -1.309388518333435
51, -1.277682140469551, -2.016619266476482, -1.309388518333435
52, -1.277682140469551, -2.0176191944628954, -1.309388518333435
53, -0.9043837934732437, -2.016618541907519, -1.3093894720077515
54, -1.1600285358726978, -2.016619026660919, -1.3922492414712906
55, -1.1713823862373829, -2.0166190296877176, -1.4271928071975708
56, -1.1600285358726978, -2.0176780819892883, -1.3922492414712906
57, -1.0220380574464798, -2.016619018977508, -1.392249584197998
58, -1.3604715764522552, -2.0241134751122445, -1.1730567156337202
59, -1.3246075809001923, -2.024113474646583, -1.1726649957709014
60, -1.3246106803417206, -2.024113474646583, -1.1726330474484712
61, -1.0048604235053062, -2.0241134725511074, -1.425300806760788
62, -1.0161768943071365, -2.0241134732495993, -1.3904718160629272
63, -1.0161768943071365, -2.0241134732495993, -1.3904718160629272
64, -1.0161768943071365, -2.0241134732495993, -1.3904718160629272
65, -0.8712523728609085, -2.024113691644743, -1.0141009986400604
66, -0.9004914909601212, -2.024113695602864, -1.03534434735775
67, -0.9004914909601212, -2.024113695602864, -1.03534434735775
68, -1.3108129054307938, -2.02411395823583, -1.3258899599313736
69, -1.2815737277269363, -2.0241139514837414, -1.304646611213684
70, -1.2815737277269363, -2.0241139514837414, -1.3046464920043945
71, -1.1658895835280418, -2.024113717721775, -1.390471339225769
72, -1.0220370963215828, -2.02411345904693, -0.9477415978908539
73, -1.0161760598421097, -2.016619011759758, -0.9495195299386978
74, -1.3245689570903778, -2.0166187861468643, -1.1730569526553154
75, -1.3245689570903778, -2.0166187861468643, -1.1730569526553154
76, -1.1658895798027515, -2.016619025496766, -1.390471339225769
77, -1.2776817828416824, -2.0166185405105352, -1.030602216720581
78, -0.9004922807216644, -2.0176604313310236, -1.3046477884054184
79, -0.8712532669305801, -2.0166185416746885, -1.3258911222219467
80, -0.9004922807216644, -2.016618544002995, -1.3046475499868393
81, -0.9007635116577148, -2.0241132266819477, -1.3049782514572144
82, -1.0161768943071365, -2.0241134732495993, -1.3904718160629272
83, -1.165888860821724, -2.0241134620737284, -0.9495194852352142
84, -1.1772055141627789, -2.024113461142406, -0.914690226316452
85, -1.165888860821724, -2.0241134620737284, -0.9495194852352142
86, -1.1600285358726978, -2.0241137149278075, -1.3922492414712906
87, -1.1600285358726978, -2.0241137149278075, -1.3922492414712906
88, -1.160427287220955, -2.0241134664975107, -0.9478627145290375
89, -1.0220370963215828, -2.02411345904693, -0.9477415978908539
90, -0.9004914909601212, -2.024113695602864, -1.03534434735775
91, -0.9004914909601212, -2.024113695602864, -1.03534434735775
92, -1.2810320556163788, -2.0166195067577064, -1.3053065687417984
93, -0.9004914909601212, -2.024113695602864, -1.03534434735775
94, -0.9043829441070557, -2.017671152483672, -1.0306025445461273
95, -0.87485171854496, -2.0166190073359758, -1.0091470181941986
96, -0.9043829441070557, -2.016619249712676, -1.0306025445461273
97, -1.165888860821724, -2.0241134620737284, -0.9495194852352142
98, -1.1655058413743973, -2.0241134678944945, -0.949403241276741
99, -1.307213380932808, -2.0241132327355444, -1.0091460645198822
100, -1.2779453545808792, -2.0241132341325283, -1.0309231132268906
101, -1.2776817828416824, -2.0241132341325283, -1.0306022018194199
102, -1.3245689570903778, -2.0241134744137526, -1.1730568367056549
103, -1.0220379456877708, -2.0241134762763977, -1.3922498226165771
104, -1.0106842666864395, -2.024113471619785, -1.4271929264068604
105, -1.1600278206169605, -2.0166190147865564, -0.9477415531873703
106, -1.1600278206169605, -2.0166190147865564, -0.9477415531873703
107, -0.9043829441070557, -2.02411370142363, -1.030602440237999
108, -0.9043829441070557, -2.02411370142363, -1.030602440237999
109, -1.2815737277269363, -2.0241139514837414, -1.3046464920043945
110, -1.3072136342525482, -2.024113959632814, -1.3308441638946533
111, -1.277682140469551, -2.024113956838846, -1.309388518333435
112, -1.277682140469551, -2.024113956838846, -1.309388518333435
113, -1.0161760672926903, -2.024113463703543, -0.9495195299386978
114, -1.32487054169178, -2.016618787543848, -1.1699949425691898
115, -1.2782167941331863, -2.0241132338996977, -1.0312542766332626
116, -0.9004914909601212, -2.024113695602864, -1.03534434735775
117, -0.9004914909601212, -2.024113695602864, -1.03534434735775
118, -1.1608202010393143, -2.0166190166492015, -0.9479818791151047
119, -1.1713815480470657, -2.016619013855234, -0.9127980172634125
120, -0.87485171854496, -2.02411345904693, -1.009146898984909
121, -1.2815737277269363, -2.0241139514837414, -1.3046464920043945
122, -0.9004914909601212, -2.024113695602864, -1.03534434735775
123, -1.3245689570903778, -2.024113235063851, -1.1669332899618894
124, -0.9043837934732437, -2.0241132320370525, -1.3093895763158798
125, -1.32487054169178, -2.0241132373921573, -1.169994945788801
126, -1.1658888570964336, -2.0166190140880644, -0.9495194852352142
127, -1.0220371037721634, -2.0176780680194497, -0.9477416127920151
128, -0.972562626004219, -2.024304438382387, -1.1912594866007566
129, -0.9791865944862366, -2.0243044360540807, -1.142155509442091
130, -0.972562626004219, -2.024304437916726, -1.1421555113047361
131, -0.9796186238527298, -2.0243044369854033, -1.153027517721057
132, -0.979762613773346, -2.0243044369854033, -1.153027517721057
133, -0.9954586252570152, -2.024304438382387, -1.162315469700843
134, -1.0183546170592308, -2.024304438382387, -1.1421555131673813
135, -1.0118026286363602, -2.024304436519742, -1.142155509442091
136, -1.0111545994877815, -2.0243044374510646, -1.153027517721057
137, -1.0112986117601395, -2.0243044393137097, -1.1530275158584118
138, -1.0183546170592308, -2.0243044407106936, -1.1912594866007566
139, -0.9796186089515686, -2.0243044402450323, -1.1912594847381115
140, -0.9948825985193253, -2.024304439779371, -1.1720354398712516
141, -0.996034637093544, -2.024304439779371, -1.1720354394055903
142, -1.0112986117601395, -2.0243044388480484, -1.1912594884634018
143, -0.9356266409158707, -2.024304437916726, -1.191259490326047
144, -0.9426826387643814, -2.024304434657097, -1.148491483181715
145, -0.9356266409158707, -2.0243044337257743, -1.142155509442091
146, -0.9509626030921936, -2.0243044374510646, -1.1421555131673813
147, -0.953523650765419, -2.0243044337257743, -1.1422846112400293
148, -0.9558449387550354, -2.0243044374510646, -1.142660839483142
149, -0.9579297453165054, -2.0243044369854033, -1.1432670168578625
150, -0.959781289100647, -2.0243044369854033, -1.144086103886366
151, -0.9614028334617615, -2.024304436519742, -1.1451012883335352
152, -0.962797611951828, -2.0243044360540807, -1.146295526996255
153, -0.9639689475297928, -2.0243044388480484, -1.147651655599475
154, -0.9509626179933548, -2.024304438382387, -1.148491483181715
155, -0.9649199396371841, -2.024304438382387, -1.1491528563201427
156, -0.9426826536655426, -2.024304435122758, -1.1636835155077279
157, -0.952473059296608, -2.024304438382387, -1.148570042103529
158, -0.9538062959909439, -2.024304438382387, -1.1487961802631617
159, -0.9549710303544998, -2.024304438382387, -1.1491552386432886
160, -0.9656540304422379, -2.0243044374510646, -1.1507819704711437
161, -0.9559759646654129, -2.024304437916726, -1.149632791057229
162, -0.9568299204111099, -2.024304437916726, -1.1502144113183022
163, -0.9575415998697281, -2.0243044374510646, -1.1508854404091835
164, -0.966174304485321, -2.0243044369854033, -1.152522187680006
165, -0.9581198245286942, -2.0243044369854033, -1.1516315713524818
166, -0.9585733115673065, -2.0243044407106936, -1.1524381451308727
167, -0.9589107185602188, -2.0243044402450323, -1.15329072996974
168, -0.9664840996265411, -2.0243044360540807, -1.1543563418090343
169, -0.9591409713029861, -2.024304439779371, -1.1541747860610485
170, -0.9592726975679398, -2.0243044393137097, -1.1550758890807629
171, -0.9665866047143936, -2.024304435122758, -1.1562675051391125
172, -0.959314614534378, -2.0243044388480484, -1.1559794954955578
173, -0.959244966506958, -2.024304438382387, -1.157159548252821
174, -0.9664780646562576, -2.0243044341914356, -1.1581564964726567
175, -0.9590396285057068, -2.024304437916726, -1.158250194042921
176, -0.9661499559879303, -2.024304441176355, -1.159961205907166
177, -0.9587037563323975, -2.0243044374510646, -1.1592486910521984
178, -0.9582425951957703, -2.0243044369854033, -1.160152775235474
179, -0.9655988961458206, -2.0243044402450323, -1.1616663755849004
180, -0.957661509513855, -2.024304436519742, -1.1609599413350224
181, -0.9569656401872635, -2.024304436519742, -1.1616674484685063
182, -0.9648212939500809, -2.0243044393137097, -1.1632568663917482
183, -0.9561602771282196, -2.0243044360540807, -1.1622730321250856
184, -0.9552506357431412, -2.0243044360540807, -1.1627741889096797
185, -0.9542420208454132, -2.0243044393137097, -1.1631682915613055
186, -0.9531396180391312, -2.0243044393137097, -1.1634528446011245
187, -0.9638137370347977, -2.0243044388480484, -1.164717299863696
188, -0.9519487768411636, -2.0243044393137097, -1.1636254601180553
189, -0.9506746083498001, -2.0243044393137097, -1.1636835155077279
190, -0.9426826536655426, -2.024304439779371, -1.1700194895420282
191, -0.9625726342201233, -2.024304438382387, -1.1660325368866324
192, -0.9610945582389832, -2.0243044374510646, -1.1671871985308826
193, -0.9593759328126907, -2.024304441176355, -1.1681661424227059
194, -0.9574134051799774, -2.0243044407106936, -1.1689541167579591
195, -0.9552033245563507, -2.024304436519742, -1.1695358553843107
196, -0.9527422338724136, -2.024304436519742, -1.169895987797645
197, -0.950026661157608, -2.0243044360540807, -1.1700194898749032
198, -0.9426826238632202, -2.024304437916726, -1.1912594866007566
199, -0.8926426321268082, -2.0243044369854033, -1.1912594866007566
200, -0.8996986299753189, -2.0243044341914356, -1.14820346981287
201, -0.8926426321268082, -2.0243044327944517, -1.1421555057168007
202, -0.9050266295671463, -2.024304433260113, -1.142155509442091
203, -0.9074311852455139, -2.0243044369854033, -1.1422638725489378
204, -0.9096713215112686, -2.024304436519742, -1.1425841860473156
205, -0.9117383509874344, -2.024304436519742, -1.143109541386366
206, -0.9136239439249039, -2.0243044360540807, -1.1438327822834253
207, -0.9153195172548294, -2.0243044360540807, -1.1447471175342798
208, -0.9168166071176529, -2.0243044355884194, -1.1458455100655556
209, -0.9181066900491714, -2.024304434657097, -1.1471208110451698
210, -0.9042346030473709, -2.024304437916726, -1.1482034716755152
211, -0.919181302189827, -2.024304437916726, -1.1485661081969738
212, -0.8996986299753189, -2.024304434657097, -1.1636115107685328
213, -0.905859962105751, -2.024304437916726, -1.1482614073902369
214, -0.9073192775249481, -2.024304437916726, -1.1484328303486109
215, -0.9086176455020905, -2.024304437916726, -1.1487142834812403
216, -0.9200318604707718, -2.0243044374510646, -1.1501744780689478
217, -0.9097599536180496, -2.0243044374510646, -1.1491021886467934
218, -0.9107512980699539, -2.0243044337257743, -1.1495930962264538
219, -0.9115966111421585, -2.024304433260113, -1.1501835398375988
220, -0.9206499457359314, -2.024304436519742, -1.1519387774169445
221, -0.9123009443283081, -2.024304433260113, -1.1508699469268322
222, -0.9128692895174026, -2.0243044327944517, -1.1516488585621119
223, -0.9133065938949585, -2.0243044360540807, -1.1525166984647512
224, -0.9210270345211029, -2.0243044355884194, -1.153852205723524
225, -0.9136179983615875, -2.0243044393137097, -1.1534701380878687
226, -0.9138083010911942, -2.0243044388480484, -1.1545055909082294
227, -0.921154648065567, -2.024304434657097, -1.1559074921533465
228, -0.9138826280832291, -2.024304438382387, -1.1556194815784693
229, -0.9138522893190384, -2.024304437916726, -1.1566388411447406
230, -0.9210934937000275, -2.0243044341914356, -1.1572990221902728
231, -0.9137179404497147, -2.0243044374510646, -1.157636503688991
232, -0.9209116250276566, -2.024304433260113, -1.158628205768764
233, -0.9134686142206192, -2.0243044369854033, -1.1585995955392718
234, -0.9130932688713074, -2.024304436519742, -1.1595154805108905
235, -0.9206112772226334, -2.024304436519742, -1.1598921781405807
236, -0.9125809818506241, -2.0243044360540807, -1.1603714041411877
237, -0.9201946556568146, -2.024304439779371, -1.1610888056457043
238, -0.9119206219911575, -2.0243044360540807, -1.1611544899642467
239, -0.9196639806032181, -2.0243044393137097, -1.1622154526412487
240, -0.911101296544075, -2.0243044355884194, -1.161852102726698
241, -0.9101119786500931, -2.024304435122758, -1.1624514875002205
242, -0.9190216362476349, -2.0243044388480484, -1.163269501645118
243, -0.9089416414499283, -2.024304435122758, -1.1629398888908327
244, -0.907579317688942, -2.0243044388480484, -1.16330442763865
245, -0.9182697683572769, -2.024304438382387, -1.1642485675401986
246, -0.9060139805078506, -2.024304438382387, -1.1635325951501727
247, -0.9042346030473709, -2.024304438382387, -1.1636115121655166
248, -0.8996986448764801, -2.0243044355884194, -1.1699474883571384
249, -0.9174106270074844, -2.024304437916726, -1.1651501478627324
250, -0.9164465218782425, -2.0243044374510646, -1.1659717387519777
251, -0.915379598736763, -2.0243044369854033, -1.1667108370456845
252, -0.914212241768837, -2.0243044369854033, -1.1673649388831109
253, -0.9129465967416763, -2.024304436519742, -1.167931533884257
254, -0.9140281826257706, -2.024304436519742, -1.1687024673447013
255, -0.9150473028421402, -2.0243044360540807, -1.169539435300976
256, -0.9026506245136261, -2.0243044355884194, -1.1699474869965343
257, -0.9035395681858063, -2.0243044355884194, -1.1699759776056453
258, -0.9160133749246597, -2.0243044355884194, -1.1704424452909734
259, -0.8996986299753189, -2.0243044369854033, -1.1912594847381115
260, -0.9044159799814224, -2.0243044355884194, -1.1700794508651597
261, -0.9052943885326385, -2.0243044355884194, -1.1702849672874436
262, -0.9061892777681351, -2.024304435122758, -1.1706194681464694
263, -0.9169359505176544, -2.024304435122758, -1.1714114971691743
264, -0.9071152359247208, -2.024304435122758, -1.1711100139655173
265, -0.9080866128206253, -2.024304434657097, -1.1717834268929437
266, -0.9178245216608047, -2.024304434657097, -1.1724464718718082
267, -0.9091180115938187, -2.024304438382387, -1.1726670092903078
268, -0.9186886101961136, -2.024304437916726, -1.1735474846791476
269, -0.9102239608764648, -2.024304437916726, -1.1737874569371343
270, -0.9195377379655838, -2.0243044374510646, -1.1747144241817296
271, -0.9114188700914383, -2.0243044369854033, -1.1751719531603158
272, -0.9203813225030899, -2.0243044407106936, -1.1759475283324718
273, -0.9127172976732254, -2.024304436519742, -1.1768474392592907
274, -0.9212289154529572, -2.0243044402450323, -1.1772464322857559
275, -0.914133682847023, -2.0243044355884194, -1.1788409752771258
276, -0.9220899641513824, -2.0243044393137097, -1.1786114973947406
277, -0.9229740649461746, -2.0243044388480484, -1.1800424857065082
278, -0.9156826287508011, -2.024304438382387, -1.1811795076355338
279, -0.9238906055688858, -2.024304438382387, -1.1815395159646869
280, -0.9221625924110413, -2.0243044374510646, -1.1912594884634018
281, -0.924396350979805, -2.024304437916726, -1.1823522839695215
282, -0.9248766303062439, -2.0243044374510646, -1.1831095023080707
283, -0.925341859459877, -2.0243044369854033, -1.1838277373462915
284, -0.9258026033639908, -2.0243044369854033, -1.18452344276011
285, -0.9262693673372269, -2.0243044402450323, -1.185213191434741
286, -0.9267526417970657, -2.024304439779371, -1.1859134249389172
287, -0.9272628575563431, -2.024304439779371, -1.1866407226771116
288, -0.9278106242418289, -2.0243044393137097, -1.187411529943347
289, -0.928406372666359, -2.0243044388480484, -1.1882421802729368
290, -0.9290606528520584, -2.024304438382387, -1.1891494803130627
291, -0.929783895611763, -2.024304437916726, -1.1901497654616833
292, -0.9305866360664368, -2.0243044374510646, -1.1912594847381115
293, -0.9791865944862366, -2.025744484271854, -1.142155509442091
294, -0.972562626004219, -2.0257444861344993, -1.1912594884634018
295, -0.972562626004219, -2.025744485668838, -1.1421555113047361
296, -0.979618638753891, -2.0257444866001606, -1.153027517721057
297, -0.9797626286745071, -2.0257444866001606, -1.1530275158584118
298, -0.9954586252570152, -2.0257444866001606, -1.1623154701665044
299, -1.0183546170592308, -2.0257444866001606, -1.1421555131673813
300, -1.0118026286363602, -2.0257444847375154, -1.142155509442091
301, -1.0111545994877815, -2.025744487065822, -1.153027517721057
302, -1.0112986117601395, -2.025744487065822, -1.1530275158584118
303, -1.0183546170592308, -2.025744488928467, -1.1912594866007566
304, -0.9796186089515686, -2.0257444884628057, -1.1912594866007566
305, -0.9948825985193253, -2.0257444861344993, -1.1720354387070984
306, -0.996034637093544, -2.0257444879971445, -1.1720354398712516
307, -1.0112986117601395, -2.025744488928467, -1.1912594866007566
308, -0.9426826387643814, -2.025744482409209, -1.1484914850443602
309, -0.9356266409158707, -2.025744485668838, -1.1912594828754663
310, -0.9356266409158707, -2.0257444814778864, -1.142155509442091
311, -0.9509626030921936, -2.0257444819435477, -1.1421555113047361
312, -0.953523650765419, -2.0257444819435477, -1.1422846112400293
313, -0.9558449387550354, -2.0257444852031767, -1.142660839483142
314, -0.9579297453165054, -2.0257444852031767, -1.1432670168578625
315, -0.959781289100647, -2.0257444847375154, -1.144086103886366
316, -0.9614028334617615, -2.025744484271854, -1.1451012901961803
317, -0.962797611951828, -2.025744483806193, -1.146295526996255
318, -0.9639689475297928, -2.0257444833405316, -1.1476516518741846
319, -0.9509626179933548, -2.0257444866001606, -1.148491483181715
320, -0.9649199396371841, -2.0257444866001606, -1.149152858182788
321, -0.9426826536655426, -2.0257444833405316, -1.1636835159733891
322, -0.952473059296608, -2.0257444866001606, -1.148570042103529
323, -0.9538062959909439, -2.0257444866001606, -1.1487961821258068
324, -0.9549710303544998, -2.0257444861344993, -1.1491552386432886
325, -0.9656540304422379, -2.025744485668838, -1.1507819723337889
326, -0.9559759646654129, -2.0257444861344993, -1.149632791057229
327, -0.9568299204111099, -2.025744485668838, -1.1502144131809473
328, -0.9575415998697281, -2.025744485668838, -1.1508854422718287
329, -0.966174304485321, -2.0257444847375154, -1.152522187680006
330, -0.9581198245286942, -2.0257444852031767, -1.1516315713524818
331, -0.9585732966661453, -2.0257444847375154, -1.1524381432682276
332, -0.9589107185602188, -2.0257444879971445, -1.15329072996974
333, -0.9664840996265411, -2.025744484271854, -1.1543563436716795
334, -0.9591409713029861, -2.0257444879971445, -1.1541747860610485
335, -0.9592726975679398, -2.025744487531483, -1.1550758900120854
336, -0.9665866047143936, -2.0257444833405316, -1.156267506070435
337, -0.959314614534378, -2.025744487065822, -1.1559794964268804
338, -0.959244966506958, -2.0257444866001606, -1.1571595491841435
339, -0.9664780646562576, -2.0257444861344993, -1.1581564927473664
340, -0.9590396285057068, -2.0257444861344993, -1.1582501949742436
341, -0.9661499410867691, -2.0257444852031767, -1.1599612021818757
342, -0.9587037563323975, -2.025744485668838, -1.159248691983521
343, -0.9582425951957703, -2.0257444852031767, -1.160152775235474
344, -0.9655988961458206, -2.0257444884628057, -1.161666376516223
345, -0.957661509513855, -2.0257444847375154, -1.160959942266345
346, -0.9569656401872635, -2.025744484271854, -1.161667449399829
347, -0.9648212939500809, -2.025744487531483, -1.1632568668574095
348, -0.9561602771282196, -2.025744484271854, -1.1622730330564082
349, -0.9552506357431412, -2.025744487531483, -1.1627741856500506
350, -0.9542420208454132, -2.025744487531483, -1.1631682920269668
351, -0.9531396180391312, -2.025744487065822, -1.1634528450667858
352, -0.9638137370347977, -2.025744487065822, -1.1647173007950187
353, -0.9519487768411636, -2.025744487065822, -1.1636254605837166
354, -0.9506746083498001, -2.025744487065822, -1.1636835159733891
355, -0.9426826536655426, -2.0257444879971445, -1.1700194901604846
356, -0.9625726342201233, -2.0257444861344993, -1.1660325373522937
357, -0.9610945582389832, -2.025744485668838, -1.1671871992293745
358, -0.9593759328126907, -2.025744488928467, -1.1681661430047825
359, -0.9574133902788162, -2.0257444847375154, -1.1689541136147454
360, -0.9552033245563507, -2.0257444847375154, -1.1695358559954911
361, -0.9527422338724136, -2.025744484271854, -1.1698959884088254
362, -0.950026661157608, -2.025744484271854, -1.1700194904933596
363, -0.9426826238632202, -2.025744485668838, -1.1912594866007566
364, -0.8996986299753189, -2.0257444819435477, -1.1482034716755152
365, -0.8926426321268082, -2.0257444852031767, -1.1912594884634018
366, -0.8926426321268082, -2.025744481012225, -1.1421555057168007
367, -0.9050266295671463, -2.025744481012225, -1.142155509442091
368, -0.9074311852455139, -2.025744481012225, -1.1422638688236475
369, -0.9096713215112686, -2.0257444847375154, -1.1425841879099607
370, -0.9117383509874344, -2.0257444847375154, -1.143109541386366
371, -0.9136239439249039, -2.025744484271854, -1.1438327841460705
372, -0.9153195172548294, -2.025744483806193, -1.1447471175342798
373, -0.9168166071176529, -2.0257444833405316, -1.1458455119282007
374, -0.9181066900491714, -2.0257444828748703, -1.1471208110451698
375, -0.9042346030473709, -2.0257444819435477, -1.14820346981287
376, -0.919181302189827, -2.0257444861344993, -1.1485661081969738
377, -0.8996986299753189, -2.0257444828748703, -1.163611511234194
378, -0.905859962105751, -2.025744485668838, -1.148261409252882
379, -0.9073192775249481, -2.025744485668838, -1.1484328303486109
380, -0.9086176455020905, -2.025744485668838, -1.1487142834812403
381, -0.9200318604707718, -2.0257444852031767, -1.150174479931593
382, -0.9097599536180496, -2.025744485668838, -1.1491021886467934
383, -0.9107512980699539, -2.0257444852031767, -1.1495930925011635
384, -0.9115966111421585, -2.0257444852031767, -1.1501835361123085
385, -0.9206499457359314, -2.025744484271854, -1.1519387774169445
386, -0.9123009443283081, -2.025744481012225, -1.1508699469268322
387, -0.9128692895174026, -2.025744484271854, -1.1516488566994667
388, -0.9133065938949585, -2.025744484271854, -1.1525166984647512
389, -0.9210270345211029, -2.025744483806193, -1.153852205723524
390, -0.9136179834604263, -2.025744483806193, -1.1534701362252235
391, -0.9138083010911942, -2.025744487065822, -1.1545055909082294
392, -0.921154648065567, -2.0257444828748703, -1.1559074930846691
393, -0.9138826280832291, -2.0257444866001606, -1.1556194825097919
394, -0.9138522893190384, -2.0257444861344993, -1.1566388411447406
395, -0.9210934937000275, -2.0257444819435477, -1.1572990221902728
396, -0.9137179404497147, -2.025744485668838, -1.157636503688991
397, -0.9209116250276566, -2.0257444852031767, -1.1586282029747963
398, -0.9134686142206192, -2.0257444852031767, -1.1585995955392718
399, -0.9130932688713074, -2.0257444847375154, -1.1595154805108905
400, -0.9206112772226334, -2.0257444847375154, -1.1598921790719032
401, -0.9125809818506241, -2.025744484271854, -1.1603714041411877
402, -0.9201946407556534, -2.025744484271854, -1.161088801920414
403, -0.9119206219911575, -2.025744483806193, -1.1611544899642467
404, -0.9196639806032181, -2.025744483806193, -1.1622154493816197
405, -0.911101296544075, -2.025744483806193, -1.1618521036580205
406, -0.9101119786500931, -2.0257444833405316, -1.1624514884315431
407, -0.9190216362476349, -2.0257444833405316, -1.163269498385489
408, -0.9089416414499283, -2.0257444828748703, -1.162939889356494
409, -0.907579317688942, -2.0257444866001606, -1.1633044281043112
410, -0.9182697683572769, -2.0257444828748703, -1.1642485642805696
411, -0.9060139805078506, -2.0257444866001606, -1.163532595615834
412, -0.9042346030473709, -2.0257444828748703, -1.163611509371549
413, -0.8996986448764801, -2.025744487065822, -1.1699474852503045
414, -0.9174106270074844, -2.025744482409209, -1.1651501450687647
415, -0.9164465218782425, -2.0257444819435477, -1.16597173595801
416, -0.915379598736763, -2.0257444814778864, -1.1667108337860554
417, -0.914212241768837, -2.025744481012225, -1.1673649358563125
418, -0.9129465967416763, -2.0257444847375154, -1.1679315343499184
419, -0.9140281826257706, -2.025744484271854, -1.1687024604761973
420, -0.9150473177433014, -2.025744487531483, -1.1695394321868662
421, -0.9026506245136261, -2.025744483806193, -1.1699474876149907
422, -0.9035395681858063, -2.025744483806193, -1.1699759782241017
423, -0.9160133749246597, -2.025744487531483, -1.1704424421477597
424, -0.8996986299753189, -2.0257444852031767, -1.1912594847381115
425, -0.9044159799814224, -2.0257444833405316, -1.1700794514836161
426, -0.9052943885326385, -2.0257444833405316, -1.170284967898624
427, -0.9061892777681351, -2.0257444833405316, -1.170619468728546
428, -0.9169359505176544, -2.025744487065822, -1.1714114940259606
429, -0.9071152359247208, -2.0257444833405316, -1.171110014547594
430, -0.9080866128206253, -2.0257444828748703, -1.171783427358605
431, -0.9178245216608047, -2.0257444866001606, -1.1724464688450098
432, -0.9091180115938187, -2.025744482409209, -1.1726670062635094
433, -0.9186886101961136, -2.0257444861344993, -1.1735474853776395
434, -0.9102239608764648, -2.025744485668838, -1.1737874576356262
435, -0.9195377379655838, -2.025744485668838, -1.1747144246473908
436, -0.9114188700914383, -2.0257444852031767, -1.1751719540916383
437, -0.9203813076019287, -2.0257444847375154, -1.1759475250728428
438, -0.9127172976732254, -2.025744484271854, -1.176847439724952
439, -0.9212289154529572, -2.0257444879971445, -1.1772464332170784
440, -0.914133682847023, -2.0257444833405316, -1.1788409762084484
441, -0.9220899641513824, -2.025744487531483, -1.1786114983260632
442, -0.9229740649461746, -2.025744487065822, -1.1800424866378307
443, -0.9156826287508011, -2.025744482409209, -1.1811795039102435
444, -0.9238906055688858, -2.0257444861344993, -1.1815395159646869
445, -0.9221625924110413, -2.025744485668838, -1.1912594884634018
446, -0.924396350979805, -2.025744485668838, -1.182352284900844
447, -0.9248766303062439, -2.025744485668838, -1.1831095023080707
448, -0.925341859459877, -2.0257444852031767, -1.1838277382776141
449, -0.9258026033639908, -2.0257444847375154, -1.18452344276011
450, -0.9262693524360657, -2.0257444847375154, -1.1852131877094507
451, -0.9267526417970657, -2.0257444879971445, -1.1859135460108519
452, -0.9272628575563431, -2.025744487531483, -1.1866407226771116
453, -0.9278106242418289, -2.025744487531483, -1.187411529943347
454, -0.928406372666359, -2.025744487065822, -1.1882421802729368
455, -0.9290606528520584, -2.0257444866001606, -1.1891494821757078
456, -0.929783895611763, -2.0257444861344993, -1.1901497654616833
457, -0.9305866360664368, -2.025744485668838, -1.1912594847381115
458, -1.360471561551094, -2.0241132392548025, -1.1669332920573652
459, -0.874852791428566, -2.024113464402035, -1.3308452367782593
460, -1.3108127862215042, -2.024113230407238, -1.0141002982854843
461, -1.3108127862215042, -2.016618782421574, -1.0141002982854843
462, -1.0048604235053062, -2.0166187840513885, -1.4253006875514984
463, -1.1772055178880692, -2.016619015019387, -0.9146903455257416
464, -1.0048592761158943, -2.0241136932745576, -0.9146906137466431
465, -1.2815732508897781, -2.0241134711541235, -1.0353439897298813
466, -1.2815732657909393, -2.016618784284219, -1.0353439897298813
467, -1.0161770209670067, -2.0166190252639353, -1.3904718160629272
468, -1.2776817828416824, -2.0166185405105352, -1.030602216720581
469, -0.9074311852455139, -2.0243044369854033, -1.1422638725489378
470, -0.9096713215112686, -2.024304436519742, -1.1425841860473156
471, -0.9096713215112686, -2.0257444847375154, -1.1425841879099607
472, -0.9074311852455139, -2.025744481012225, -1.1422638688236475
473, -0.9117383509874344, -2.024304436519742, -1.143109541386366
474, -0.9117383509874344, -2.0257444847375154, -1.143109541386366
475, -0.9136239439249039, -2.0243044360540807, -1.1438327822834253
476, -0.9136239439249039, -2.025744484271854, -1.1438327841460705
477, -0.9153195172548294, -2.0243044360540807, -1.1447471175342798
478, -0.9153195172548294, -2.025744483806193, -1.1447471175342798
479, -0.9168166071176529, -2.0243044355884194, -1.1458455100655556
480, -0.9168166071176529, -2.0257444833405316, -1.1458455119282007
481, -0.9181066900491714, -2.024304434657097, -1.1471208110451698
482, -0.9181066900491714, -2.0257444828748703, -1.1471208110451698
483, -0.919181302189827, -2.024304437916726, -1.1485661081969738
484, -0.919181302189827, -2.0257444861344993, -1.1485661081969738
485, -0.9200318604707718, -2.0243044374510646, -1.1501744780689478
486, -0.9200318604707718, -2.0257444852031767, -1.150174479931593
487, -0.9206499457359314, -2.024304436519742, -1.1519387774169445
488, -0.9206499457359314, -2.025744484271854, -1.1519387774169445
489, -0.9210270345211029, -2.0243044355884194, -1.153852205723524
490, -0.9210270345211029, -2.025744483806193, -1.153852205723524
491, -0.921154648065567, -2.024304434657097, -1.1559074921533465
492, -0.921154648065567, -2.0257444828748703, -1.1559074930846691
493, -0.9210934937000275, -2.0243044341914356, -1.1572990221902728
494, -0.9210934937000275, -2.0257444819435477, -1.1572990221902728
495, -0.9209116250276566, -2.024304433260113, -1.158628205768764
496, -0.9209116250276566, -2.0257444852031767, -1.1586282029747963
497, -0.9206112772226334, -2.024304436519742, -1.1598921781405807
498, -0.9206112772226334, -2.0257444847375154, -1.1598921790719032
499, -0.9201946556568146, -2.024304439779371, -1.1610888056457043
500, -0.9201946407556534, -2.025744484271854, -1.161088801920414
501, -0.9196639806032181, -2.0243044393137097, -1.1622154526412487
502, -0.9196639806032181, -2.025744483806193, -1.1622154493816197
503, -0.9190216362476349, -2.0243044388480484, -1.163269501645118
504, -0.9190216362476349, -2.0257444833405316, -1.163269498385489
505, -0.9182697683572769, -2.024304438382387, -1.1642485675401986
506, -0.9182697683572769, -2.0257444828748703, -1.1642485642805696
507, -0.9174106270074844, -2.024304437916726, -1.1651501478627324
508, -0.9174106270074844, -2.025744482409209, -1.1651501450687647
509, -0.9164465218782425, -2.0243044374510646, -1.1659717387519777
510, -0.9164465218782425, -2.0257444819435477, -1.16597173595801
511, -0.915379598736763, -2.0243044369854033, -1.1667108370456845
512, -0.915379598736763, -2.0257444814778864, -1.1667108337860554
513, -0.914212241768837, -2.0243044369854033, -1.1673649388831109
514, -0.914212241768837, -2.025744481012225, -1.1673649358563125
515, -0.9129465967416763, -2.024304436519742, -1.167931533884257
516, -0.9129465967416763, -2.0257444847375154, -1.1679315343499184
517, -0.9140281826257706, -2.024304436519742, -1.1687024673447013
518, -0.9140281826257706, -2.025744484271854, -1.1687024604761973
519, -0.9150473028421402, -2.0243044360540807, -1.169539435300976
520, -0.9150473177433014, -2.025744487531483, -1.1695394321868662
521, -0.9160133749246597, -2.0243044355884194, -1.1704424452909734
522, -0.9160133749246597, -2.025744487531483, -1.1704424421477597
523, -0.9169359505176544, -2.024304435122758, -1.1714114971691743
524, -0.9169359505176544, -2.025744487065822, -1.1714114940259606
525, -0.9178245216608047, -2.024304434657097, -1.1724464718718082
526, -0.9178245216608047, -2.0257444866001606, -1.1724464688450098
527, -0.9186886101961136, -2.024304437916726, -1.1735474846791476
528, -0.9186886101961136, -2.0257444861344993, -1.1735474853776395
529, -0.9195377379655838, -2.0243044374510646, -1.1747144241817296
530, -0.9195377379655838, -2.025744485668838, -1.1747144246473908
531, -0.9203813225030899, -2.0243044407106936, -1.1759475283324718
532, -0.9203813076019287, -2.0257444847375154, -1.1759475250728428
533, -0.9212289154529572, -2.0243044402450323, -1.1772464322857559
534, -0.9212289154529572, -2.0257444879971445, -1.1772464332170784
535, -0.9220899641513824, -2.0243044393137097, -1.1786114973947406
536, -0.9220899641513824, -2.025744487531483, -1.1786114983260632
537, -0.9229740649461746, -2.0243044388480484, -1.1800424857065082
538, -0.9229740649461746, -2.025744487065822, -1.1800424866378307
539, -0.9238906055688858, -2.024304438382387, -1.1815395159646869
540, -0.9238906055688858, -2.0257444861344993, -1.1815395159646869
541, -0.924396350979805, -2.024304437916726, -1.1823522839695215
542, -0.924396350979805, -2.025744485668838, -1.182352284900844
543, -0.9248766303062439, -2.0243044374510646, -1.1831095023080707
544, -0.9248766303062439, -2.025744485668838, -1.1831095023080707
545, -0.925341859459877, -2.0243044369854033, -1.1838277373462915
546, -0.925341859459877, -2.0257444852031767, -1.1838277382776141
547, -0.9258026033639908, -2.0243044369854033, -1.18452344276011
548, -0.9258026033639908, -2.0257444847375154, -1.18452344276011
549, -0.9262693673372269, -2.0243044402450323, -1.185213191434741
550, -0.9262693524360657, -2.0257444847375154, -1.1852131877094507
551, -0.9267526417970657, -2.024304439779371, -1.1859134249389172
552, -0.9267526417970657, -2.0257444879971445, -1.1859135460108519
553, -0.9272628575563431, -2.024304439779371, -1.1866407226771116
554, -0.9272628575563431, -2.025744487531483, -1.1866407226771116
555, -0.9278106242418289, -2.0243044393137097, -1.187411529943347
556, -0.9278106242418289, -2.025744487531483, -1.187411529943347
557, -0.928406372666359, -2.0243044388480484, -1.1882421802729368
558, -0.928406372666359, -2.025744487065822, -1.1882421802729368
559, -0.9290606528520584, -2.024304438382387, -1.1891494803130627
560, -0.9290606528520584, -2.0257444866001606, -1.1891494821757078
561, -0.929783895611763, -2.024304437916726, -1.1901497654616833
562, -0.929783895611763, -2.0257444861344993, -1.1901497654616833
563, -0.9305866360664368, -2.0243044374510646, -1.1912594847381115
564, -0.9305866360664368, -2.025744485668838, -1.1912594847381115
565, -0.9221625924110413, -2.0243044374510646, -1.1912594884634018
566, -0.9221625924110413, -2.025744485668838, -1.1912594884634018
567, -0.9156826287508011, -2.024304438382387, -1.1811795076355338
568, -0.9156826287508011, -2.025744482409209, -1.1811795039102435
569, -0.914133682847023, -2.0243044355884194, -1.1788409752771258
570, -0.914133682847023, -2.0257444833405316, -1.1788409762084484
571, -0.9127172976732254, -2.024304436519742, -1.1768474392592907
572, -0.9127172976732254, -2.025744484271854, -1.176847439724952
573, -0.9114188700914383, -2.0243044369854033, -1.1751719531603158
574, -0.9114188700914383, -2.0257444852031767, -1.1751719540916383
575, -0.9102239608764648, -2.024304437916726, -1.1737874569371343
576, -0.9102239608764648, -2.025744485668838, -1.1737874576356262
577, -0.9091180115938187, -2.024304438382387, -1.1726670092903078
578, -0.9091180115938187, -2.025744482409209, -1.1726670062635094
579, -0.9080866128206253, -2.024304434657097, -1.1717834268929437
580, -0.9080866128206253, -2.0257444828748703, -1.171783427358605
581, -0.9071152359247208, -2.024304435122758, -1.1711100139655173
582, -0.9071152359247208, -2.0257444833405316, -1.171110014547594
583, -0.9061892777681351, -2.024304435122758, -1.1706194681464694
584, -0.9061892777681351, -2.0257444833405316, -1.170619468728546
585, -0.9052943885326385, -2.0243044355884194, -1.1702849672874436
586, -0.9052943885326385, -2.0257444833405316, -1.170284967898624
587, -0.9044159799814224, -2.0243044355884194, -1.1700794508651597
588, -0.9044159799814224, -2.0257444833405316, -1.1700794514836161
589, -0.9035395681858063, -2.0243044355884194, -1.1699759776056453
590, -0.9035395681858063, -2.025744483806193, -1.1699759782241017
591, -0.9026506245136261, -2.0243044355884194, -1.1699474869965343
592, -0.9026506245136261, -2.025744483806193, -1.1699474876149907
593, -0.8996986448764801, -2.0243044355884194, -1.1699474883571384
594, -0.8996986448764801, -2.025744487065822, -1.1699474852503045
595, -0.8996986299753189, -2.0243044369854033, -1.1912594847381115
596, -0.8996986299753189, -2.0257444852031767, -1.1912594847381115
597, -0.8926426321268082, -2.0243044369854033, -1.1912594866007566
598, -0.8926426321268082, -2.0257444852031767, -1.1912594884634018
599, -0.8926426321268082, -2.0243044327944517, -1.1421555057168007
600, -0.8926426321268082, -2.025744481012225, -1.1421555057168007
601, -0.9050266295671463, -2.024304433260113, -1.142155509442091
602, -0.9050266295671463, -2.025744481012225, -1.142155509442091
603, -0.9042346030473709, -2.024304438382387, -1.1636115121655166
604, -0.9060139805078506, -2.024304438382387, -1.1635325951501727
605, -0.9060139805078506, -2.0257444866001606, -1.163532595615834
606, -0.9042346030473709, -2.0257444828748703, -1.163611509371549
607, -0.907579317688942, -2.0243044388480484, -1.16330442763865
608, -0.907579317688942, -2.0257444866001606, -1.1633044281043112
609, -0.9089416414499283, -2.024304435122758, -1.1629398888908327
610, -0.9089416414499283, -2.0257444828748703, -1.162939889356494
611, -0.9101119786500931, -2.024304435122758, -1.1624514875002205
612, -0.9101119786500931, -2.0257444833405316, -1.1624514884315431
613, -0.911101296544075, -2.0243044355884194, -1.161852102726698
614, -0.911101296544075, -2.025744483806193, -1.1618521036580205
615, -0.9119206219911575, -2.0243044360540807, -1.1611544899642467
616, -0.9119206219911575, -2.025744483806193, -1.1611544899642467
617, -0.9125809818506241, -2.0243044360540807, -1.1603714041411877
618, -0.9125809818506241, -2.025744484271854, -1.1603714041411877
619, -0.9130932688713074, -2.024304436519742, -1.1595154805108905
620, -0.9130932688713074, -2.0257444847375154, -1.1595154805108905
621, -0.9134686142206192, -2.0243044369854033, -1.1585995955392718
622, -0.9134686142206192, -2.0257444852031767, -1.1585995955392718
623, -0.9137179404497147, -2.0243044374510646, -1.157636503688991
624, -0.9137179404497147, -2.025744485668838, -1.157636503688991
625, -0.9138522893190384, -2.024304437916726, -1.1566388411447406
626, -0.9138522893190384, -2.0257444861344993, -1.1566388411447406
627, -0.9138826280832291, -2.024304438382387, -1.1556194815784693
628, -0.9138826280832291, -2.0257444866001606, -1.1556194825097919
629, -0.9138083010911942, -2.0243044388480484, -1.1545055909082294
630, -0.9138083010911942, -2.025744487065822, -1.1545055909082294
631, -0.9136179983615875, -2.0243044393137097, -1.1534701380878687
632, -0.9136179834604263, -2.025744483806193, -1.1534701362252235
633, -0.9133065938949585, -2.0243044360540807, -1.1525166984647512
634, -0.9133065938949585, -2.025744484271854, -1.1525166984647512
635, -0.9128692895174026, -2.0243044327944517, -1.1516488585621119
636, -0.9128692895174026, -2.025744484271854, -1.1516488566994667
637, -0.9123009443283081, -2.024304433260113, -1.1508699469268322
638, -0.9123009443283081, -2.025744481012225, -1.1508699469268322
639, -0.9115966111421585, -2.024304433260113, -1.1501835398375988
640, -0.9115966111421585, -2.0257444852031767, -1.1501835361123085
641, -0.9107512980699539, -2.0243044337257743, -1.1495930962264538
642, -0.9107512980699539, -2.0257444852031767, -1.1495930925011635
643, -0.9097599536180496, -2.0243044374510646, -1.1491021886467934
644, -0.9097599536180496, -2.025744485668838, -1.1491021886467934
645, -0.9086176455020905, -2.024304437916726, -1.1487142834812403
646, -0.9086176455020905, -2.025744485668838, -1.1487142834812403
647, -0.9073192775249481, -2.024304437916726, -1.1484328303486109
648, -0.9073192775249481, -2.025744485668838, -1.1484328303486109
649, -0.905859962105751, -2.024304437916726, -1.1482614073902369
650, -0.905859962105751, -2.025744485668838, -1.148261409252882
651, -0.9042346030473709, -2.024304437916726, -1.1482034716755152
652, -0.9042346030473709, -2.0257444819435477, -1.14820346981287
653, -0.8996986299753189, -2.0243044341914356, -1.14820346981287
654, -0.8996986299753189, -2.0257444819435477, -1.1482034716755152
655, -0.8996986299753189, -2.024304434657097, -1.1636115107685328
656, -0.8996986299753189, -2.0257444828748703, -1.163611511234194
657, -0.953523650765419, -2.0243044337257743, -1.1422846112400293
658, -0.9558449387550354, -2.0243044374510646, -1.142660839483142
659, -0.9558449387550354, -2.0257444852031767, -1.142660839483142
660, -0.953523650765419, -2.0257444819435477, -1.1422846112400293
661, -0.9579297453165054, -2.0243044369854033, -1.1432670168578625
662, -0.9579297453165054, -2.0257444852031767, -1.1432670168578625
663, -0.959781289100647, -2.0243044369854033, -1.144086103886366
664, -0.959781289100647, -2.0257444847375154, -1.144086103886366
665, -0.9614028334617615, -2.024304436519742, -1.1451012883335352
666, -0.9614028334617615, -2.025744484271854, -1.1451012901961803
667, -0.962797611951828, -2.0243044360540807, -1.146295526996255
668, -0.962797611951828, -2.025744483806193, -1.146295526996255
669, -0.9639689475297928, -2.0243044388480484, -1.147651655599475
670, -0.9639689475297928, -2.0257444833405316, -1.1476516518741846
671, -0.9649199396371841, -2.024304438382387, -1.1491528563201427
672, -0.9649199396371841, -2.0257444866001606, -1.149152858182788
673, -0.9656540304422379, -2.0243044374510646, -1.1507819704711437
674, -0.9656540304422379, -2.025744485668838, -1.1507819723337889
675, -0.966174304485321, -2.0243044369854033, -1.152522187680006
676, -0.966174304485321, -2.0257444847375154, -1.152522187680006
677, -0.9664840996265411, -2.0243044360540807, -1.1543563418090343
678, -0.9664840996265411, -2.025744484271854, -1.1543563436716795
679, -0.9665866047143936, -2.024304435122758, -1.1562675051391125
680, -0.9665866047143936, -2.0257444833405316, -1.156267506070435
681, -0.9664780646562576, -2.0243044341914356, -1.1581564964726567
682, -0.9664780646562576, -2.0257444861344993, -1.1581564927473664
683, -0.9661499559879303, -2.024304441176355, -1.159961205907166
684, -0.9661499410867691, -2.0257444852031767, -1.1599612021818757
685, -0.9655988961458206, -2.0243044402450323, -1.1616663755849004
686, -0.9655988961458206, -2.0257444884628057, -1.161666376516223
687, -0.9648212939500809, -2.0243044393137097, -1.1632568663917482
688, -0.9648212939500809, -2.025744487531483, -1.1632568668574095
689, -0.9638137370347977, -2.0243044388480484, -1.164717299863696
690, -0.9638137370347977, -2.025744487065822, -1.1647173007950187
691, -0.9625726342201233, -2.024304438382387, -1.1660325368866324
692, -0.9625726342201233, -2.0257444861344993, -1.1660325373522937
693, -0.9610945582389832, -2.0243044374510646, -1.1671871985308826
694, -0.9610945582389832, -2.025744485668838, -1.1671871992293745
695, -0.9593759328126907, -2.024304441176355, -1.1681661424227059
696, -0.9593759328126907, -2.025744488928467, -1.1681661430047825
697, -0.9574134051799774, -2.0243044407106936, -1.1689541167579591
698, -0.9574133902788162, -2.0257444847375154, -1.1689541136147454
699, -0.9552033245563507, -2.024304436519742, -1.1695358553843107
700, -0.9552033245563507, -2.0257444847375154, -1.1695358559954911
701, -0.9527422338724136, -2.024304436519742, -1.169895987797645
702, -0.9527422338724136, -2.025744484271854, -1.1698959884088254
703, -0.950026661157608, -2.0243044360540807, -1.1700194898749032
704, -0.950026661157608, -2.025744484271854, -1.1700194904933596
705, -0.9426826536655426, -2.024304439779371, -1.1700194895420282
706, -0.9426826536655426, -2.0257444879971445, -1.1700194901604846
707, -0.9426826238632202, -2.024304437916726, -1.1912594866007566
708, -0.9426826238632202, -2.025744485668838, -1.1912594866007566
709, -0.9356266409158707, -2.024304437916726, -1.191259490326047
710, -0.9356266409158707, -2.025744485668838, -1.1912594828754663
711, -0.9356266409158707, -2.0243044337257743, -1.142155509442091
712, -0.9356266409158707, -2.0257444814778864, -1.142155509442091
713, -0.9509626030921936, -2.0243044374510646, -1.1421555131673813
714, -0.9509626030921936, -2.0257444819435477, -1.1421555113047361
715, -0.9506746083498001, -2.0243044393137097, -1.1636835155077279
716, -0.9519487768411636, -2.0243044393137097, -1.1636254601180553
717, -0.9519487768411636, -2.025744487065822, -1.1636254605837166
718, -0.9506746083498001, -2.025744487065822, -1.1636835159733891
719, -0.9531396180391312, -2.0243044393137097, -1.1634528446011245
720, -0.9531396180391312, -2.025744487065822, -1.1634528450667858
721, -0.9542420208454132, -2.0243044393137097, -1.1631682915613055
722, -0.9542420208454132, -2.025744487531483, -1.1631682920269668
723, -0.9552506357431412, -2.0243044360540807, -1.1627741889096797
724, -0.9552506357431412, -2.025744487531483, -1.1627741856500506
725, -0.9561602771282196, -2.0243044360540807, -1.1622730321250856
726, -0.9561602771282196, -2.025744484271854, -1.1622730330564082
727, -0.9569656401872635, -2.024304436519742, -1.1616674484685063
728, -0.9569656401872635, -2.025744484271854, -1.161667449399829
729, -0.957661509513855, -2.024304436519742, -1.1609599413350224
730, -0.957661509513855, -2.0257444847375154, -1.160959942266345
731, -0.9582425951957703, -2.0243044369854033, -1.160152775235474
732, -0.9582425951957703, -2.0257444852031767, -1.160152775235474
733, -0.9587037563323975, -2.0243044374510646, -1.1592486910521984
734, -0.9587037563323975, -2.025744485668838, -1.159248691983521
735, -0.9590396285057068, -2.024304437916726, -1.158250194042921
736, -0.9590396285057068, -2.0257444861344993, -1.1582501949742436
737, -0.959244966506958, -2.024304438382387, -1.157159548252821
738, -0.959244966506958, -2.0257444866001606, -1.1571595491841435
739, -0.959314614534378, -2.0243044388480484, -1.1559794954955578
740, -0.959314614534378, -2.025744487065822, -1.1559794964268804
741, -0.9592726975679398, -2.0243044393137097, -1.1550758890807629
742, -0.9592726975679398, -2.025744487531483, -1.1550758900120854
743, -0.9591409713029861, -2.024304439779371, -1.1541747860610485
744, -0.9591409713029861, -2.0257444879971445, -1.1541747860610485
745, -0.9589107185602188, -2.0243044402450323, -1.15329072996974
746, -0.9589107185602188, -2.0257444879971445, -1.15329072996974
747, -0.9585733115673065, -2.0243044407106936, -1.1524381451308727
748, -0.9585732966661453, -2.0257444847375154, -1.1524381432682276
749, -0.9581198245286942, -2.0243044369854033, -1.1516315713524818
750, -0.9581198245286942, -2.0257444852031767, -1.1516315713524818
751, -0.9575415998697281, -2.0243044374510646, -1.1508854404091835
752, -0.9575415998697281, -2.025744485668838, -1.1508854422718287
753, -0.9568299204111099, -2.024304437916726, -1.1502144113183022
754, -0.9568299204111099, -2.025744485668838, -1.1502144131809473
755, -0.9559759646654129, -2.024304437916726, -1.149632791057229
756, -0.9559759646654129, -2.0257444861344993, -1.149632791057229
757, -0.9549710303544998, -2.024304438382387, -1.1491552386432886
758, -0.9549710303544998, -2.0257444861344993, -1.1491552386432886
759, -0.9538062959909439, -2.024304438382387, -1.1487961802631617
760, -0.9538062959909439, -2.0257444866001606, -1.1487961821258068
761, -0.952473059296608, -2.024304438382387, -1.148570042103529
762, -0.952473059296608, -2.0257444866001606, -1.148570042103529
763, -0.9509626179933548, -2.024304438382387, -1.148491483181715
764, -0.9509626179933548, -2.0257444866001606, -1.148491483181715
765, -0.9426826387643814, -2.024304434657097, -1.148491483181715
766, -0.9426826387643814, -2.025744482409209, -1.1484914850443602
767, -0.9426826536655426, -2.024304435122758, -1.1636835155077279
768, -0.9426826536655426, -2.0257444833405316, -1.1636835159733891
769, -1.0112986117601395, -2.0243044388480484, -1.1912594884634018
770, -1.0112986117601395, -2.0243044393137097, -1.1530275158584118
771, -1.0112986117601395, -2.025744487065822, -1.1530275158584118
772, -1.0112986117601395, -2.025744488928467, -1.1912594866007566
773, -1.0111545994877815, -2.0243044374510646, -1.153027517721057
774, -1.0111545994877815, -2.025744487065822, -1.153027517721057
775, -0.996034637093544, -2.024304439779371, -1.1720354394055903
776, -0.996034637093544, -2.0257444879971445, -1.1720354398712516
777, -0.9948825985193253, -2.024304439779371, -1.1720354398712516
778, -0.9948825985193253, -2.0257444861344993, -1.1720354387070984
779, -0.979762613773346, -2.0243044369854033, -1.153027517721057
780, -0.9797626286745071, -2.0257444866001606, -1.1530275158584118
781, -0.9796186238527298, -2.0243044369854033, -1.153027517721057
782, -0.979618638753891, -2.0257444866001606, -1.153027517721057
783, -0.9796186089515686, -2.0243044402450323, -1.1912594847381115
784, -0.9796186089515686, -2.0257444884628057, -1.1912594866007566
785, -0.972562626004219, -2.024304438382387, -1.1912594866007566
786, -0.972562626004219, -2.0257444861344993, -1.1912594884634018
787, -0.972562626004219, -2.024304437916726, -1.1421555113047361
788, -0.972562626004219, -2.025744485668838, -1.1421555113047361
789, -0.9791865944862366, -2.0243044360540807, -1.142155509442091
790, -0.9791865944862366, -2.025744484271854, -1.142155509442091
791, -0.9954586252570152, -2.024304438382387, -1.162315469700843
792, -0.9954586252570152, -2.0257444866001606, -1.1623154701665044
793, -1.0118026286363602, -2.024304436519742, -1.142155509442091
794, -1.0118026286363602, -2.0257444847375154, -1.142155509442091
795, -1.0183546170592308, -2.024304438382387, -1.1421555131673813
796, -1.0183546170592308, -2.0257444866001606, -1.1421555131673813
797, -1.0183546170592308, -2.0243044407106936, -1.1912594866007566
798, -1.0183546170592308, -2.025744488928467, -1.1912594866007566

Triangles, 892
Triangle:, Side1:, Side2:, Side3:
1, 1, 2, 3
2, 4, 5, 6
3, 7, 8, 9
4, 7, 10, 11
5, 10, 7, 9
6, 12, 13, 14
7, 15, 16, 17
8, 18, 19, 20
9, 21, 22, 23
10, 24, 25, 26
11, 27, 28, 29
12, 30, 31, 32
13, 33, 34, 35
14, 36, 37, 38
15, 39, 40, 41
16, 42, 43, 44
17, 45, 46, 47
18, 48, 49, 50
19, 48, 51, 52
20, 2, 1, 53
21, 54, 55, 56
22, 19, 18, 57
23, 58, 59, 60
24, 61, 62, 63
25, 61, 64, 62
26, 65, 66, 67
27, 68, 69, 70
28, 39, 71, 40
29, 72, 24, 26
30, 28, 27, 73
31, 15, 74, 75
32, 74, 15, 17
33, 31, 30, 76
34, 5, 4, 77
35, 78, 79, 80
36, 13, 80, 78
37, 81, 12, 14
38, 61, 82, 64
39, 83, 84, 85
40, 86, 36, 87
41, 22, 21, 88
42, 89, 26, 25
43, 26, 24, 25
44, 65, 66, 90
45, 65, 90, 91
46, 92, 42, 44
47, 52, 51, 92
48, 51, 44, 92
49, 91, 65, 93
50, 94, 95, 96
51, 90, 65, 66
52, 72, 28, 73
53, 85, 22, 88
54, 84, 97, 83
55, 97, 85, 83
56, 85, 98, 83
57, 99, 100, 101
58, 58, 102, 59
59, 17, 102, 74
60, 74, 102, 75
61, 13, 80, 3
62, 78, 80, 13
63, 88, 98, 85
64, 61, 103, 104
65, 82, 103, 64
66, 105, 106, 23
67, 94, 107, 108
68, 70, 109, 68
69, 110, 111, 112
70, 73, 113, 72
71, 38, 76, 41
72, 7, 11, 114
73, 115, 100, 99
74, 6, 100, 115
75, 65, 116, 117
76, 105, 118, 119
77, 108, 107, 120
78, 116, 107, 117
79, 68, 121, 69
80, 86, 37, 36
81, 87, 37, 86
82, 34, 29, 35
83, 122, 116, 65
84, 117, 90, 65
85, 8, 123, 9
86, 9, 123, 10
87, 10, 123, 11
88, 3, 124, 81
89, 19, 57, 103
90, 122, 107, 116
91, 59, 16, 60
92, 58, 60, 125
93, 50, 112, 111
94, 121, 112, 69
95, 89, 25, 33
96, 25, 24, 33
97, 72, 26, 28
98, 26, 29, 28
99, 37, 31, 38
100, 31, 76, 38
101, 71, 38, 40
102, 38, 41, 40
103, 83, 97, 85
104, 97, 126, 85
105, 89, 35, 26
106, 35, 29, 26
107, 35, 127, 33
108, 127, 89, 33
109, 93, 91, 117
110, 91, 90, 117
111, 17, 16, 102
112, 16, 59, 102
113, 19, 103, 82
114, 103, 64, 82
115, 70, 44, 109
116, 44, 43, 109
117, 46, 91, 47
118, 91, 93, 47
119, 93, 117, 47
120, 117, 107, 47
121, 53, 124, 2
122, 124, 3, 2
123, 49, 44, 50
124, 44, 112, 50
125, 94, 96, 107
126, 96, 47, 107
127, 128, 129, 130
128, 128, 131, 129
129, 131, 132, 129
130, 132, 133, 129
131, 133, 134, 135
132, 133, 136, 134
133, 136, 137, 134
134, 137, 138, 134
135, 128, 139, 131
136, 140, 133, 132
137, 133, 141, 136
138, 142, 138, 137
139, 140, 141, 133
140, 143, 144, 145
141, 144, 146, 145
142, 144, 147, 146
143, 144, 148, 147
144, 144, 149, 148
145, 144, 150, 149
146, 144, 151, 150
147, 144, 152, 151
148, 144, 153, 152
149, 144, 154, 153
150, 154, 155, 153
151, 143, 156, 144
152, 157, 155, 154
153, 158, 155, 157
154, 159, 155, 158
155, 159, 160, 155
156, 161, 160, 159
157, 162, 160, 161
158, 163, 160, 162
159, 163, 164, 160
160, 165, 164, 163
161, 166, 164, 165
162, 167, 164, 166
163, 167, 168, 164
164, 169, 168, 167
165, 170, 168, 169
166, 170, 171, 168
167, 172, 171, 170
168, 173, 171, 172
169, 173, 174, 171
170, 175, 174, 173
171, 175, 176, 174
172, 177, 176, 175
173, 178, 176, 177
174, 178, 179, 176
175, 180, 179, 178
176, 181, 179, 180
177, 181, 182, 179
178, 183, 182, 181
179, 184, 182, 183
180, 185, 182, 184
181, 186, 182, 185
182, 186, 187, 182
183, 188, 187, 186
184, 189, 187, 188
185, 143, 190, 156
186, 190, 189, 156
187, 190, 187, 189
188, 190, 191, 187
189, 190, 192, 191
190, 190, 193, 192
191, 190, 194, 193
192, 190, 195, 194
193, 190, 196, 195
194, 190, 197, 196
195, 143, 198, 190
196, 199, 200, 201
197, 200, 202, 201
198, 200, 203, 202
199, 200, 204, 203
200, 200, 205, 204
201, 200, 206, 205
202, 200, 207, 206
203, 200, 208, 207
204, 200, 209, 208
205, 200, 210, 209
206, 210, 211, 209
207, 199, 212, 200
208, 213, 211, 210
209, 214, 211, 213
210, 215, 211, 214
211, 215, 216, 211
212, 217, 216, 215
213, 218, 216, 217
214, 219, 216, 218
215, 219, 220, 216
216, 221, 220, 219
217, 222, 220, 221
218, 223, 220, 222
219, 223, 224, 220
220, 225, 224, 223
221, 226, 224, 225
222, 226, 227, 224
223, 228, 227, 226
224, 229, 227, 228
225, 229, 230, 227
226, 231, 230, 229
227, 231, 232, 230
228, 233, 232, 231
229, 234, 232, 233
230, 234, 235, 232
231, 236, 235, 234
232, 236, 237, 235
233, 238, 237, 236
234, 238, 239, 237
235, 240, 239, 238
236, 241, 239, 240
237, 241, 242, 239
238, 243, 242, 241
239, 244, 242, 243
240, 244, 245, 242
241, 246, 245, 244
242, 247, 245, 246
243, 199, 248, 212
244, 248, 247, 212
245, 248, 245, 247
246, 248, 249, 245
247, 248, 250, 249
248, 248, 251, 250
249, 248, 252, 251
250, 248, 253, 252
251, 248, 254, 253
252, 248, 255, 254
253, 248, 256, 255
254, 256, 257, 255
255, 257, 258, 255
256, 199, 259, 248
257, 260, 258, 257
258, 261, 258, 260
259, 262, 258, 261
260, 262, 263, 258
261, 264, 263, 262
262, 265, 263, 264
263, 265, 266, 263
264, 267, 266, 265
265, 267, 268, 266
266, 269, 268, 267
267, 269, 270, 268
268, 271, 270, 269
269, 271, 272, 270
270, 273, 272, 271
271, 273, 274, 272
272, 275, 274, 273
273, 275, 276, 274
274, 275, 277, 276
275, 278, 277, 275
276, 278, 279, 277
277, 280, 279, 278
278, 280, 281, 279
279, 280, 282, 281
280, 280, 283, 282
281, 280, 284, 283
282, 280, 285, 284
283, 280, 286, 285
284, 280, 287, 286
285, 280, 288, 287
286, 280, 289, 288
287, 280, 290, 289
288, 280, 291, 290
289, 280, 292, 291
290, 293, 294, 295
291, 296, 294, 293
292, 297, 296, 293
293, 298, 297, 293
294, 299, 298, 300
295, 301, 298, 299
296, 302, 301, 299
297, 303, 302, 299
298, 304, 294, 296
299, 298, 305, 297
300, 306, 298, 301
301, 303, 307, 302
302, 306, 305, 298
303, 308, 309, 310
304, 311, 308, 310
305, 312, 308, 311
306, 313, 308, 312
307, 314, 308, 313
308, 315, 308, 314
309, 316, 308, 315
310, 317, 308, 316
311, 318, 308, 317
312, 319, 308, 318
313, 320, 319, 318
314, 321, 309, 308
315, 320, 322, 319
316, 320, 323, 322
317, 320, 324, 323
318, 325, 324, 320
319, 325, 326, 324
320, 325, 327, 326
321, 325, 328, 327
322, 329, 328, 325
323, 329, 330, 328
324, 329, 331, 330
325, 329, 332, 331
326, 333, 332, 329
327, 333, 334, 332
328, 333, 335, 334
329, 336, 335, 333
330, 336, 337, 335
331, 336, 338, 337
332, 339, 338, 336
333, 339, 340, 338
334, 341, 340, 339
335, 341, 342, 340
336, 341, 343, 342
337, 344, 343, 341
338, 344, 345, 343
339, 344, 346, 345
340, 347, 346, 344
341, 347, 348, 346
342, 347, 349, 348
343, 347, 350, 349
344, 347, 351, 350
345, 352, 351, 347
346, 352, 353, 351
347, 352, 354, 353
348, 355, 309, 321
349, 354, 355, 321
350, 352, 355, 354
351, 356, 355, 352
352, 357, 355, 356
353, 358, 355, 357
354, 359, 355, 358
355, 360, 355, 359
356, 361, 355, 360
357, 362, 355, 361
358, 363, 309, 355
359, 364, 365, 366
360, 367, 364, 366
361, 368, 364, 367
362, 369, 364, 368
363, 370, 364, 369
364, 371, 364, 370
365, 372, 364, 371
366, 373, 364, 372
367, 374, 364, 373
368, 375, 364, 374
369, 376, 375, 374
370, 377, 365, 364
371, 376, 378, 375
372, 376, 379, 378
373, 376, 380, 379
374, 381, 380, 376
375, 381, 382, 380
376, 381, 383, 382
377, 381, 384, 383
378, 385, 384, 381
379, 385, 386, 384
380, 385, 387, 386
381, 385, 388, 387
382, 389, 388, 385
383, 389, 390, 388
384, 389, 391, 390
385, 392, 391, 389
386, 392, 393, 391
387, 392, 394, 393
388, 395, 394, 392
389, 395, 396, 394
390, 397, 396, 395
391, 397, 398, 396
392, 397, 399, 398
393, 400, 399, 397
394, 400, 401, 399
395, 402, 401, 400
396, 402, 403, 401
397, 404, 403, 402
398, 404, 405, 403
399, 404, 406, 405
400, 407, 406, 404
401, 407, 408, 406
402, 407, 409, 408
403, 410, 409, 407
404, 410, 411, 409
405, 410, 412, 411
406, 413, 365, 377
407, 412, 413, 377
408, 410, 413, 412
409, 414, 413, 410
410, 415, 413, 414
411, 416, 413, 415
412, 417, 413, 416
413, 418, 413, 417
414, 419, 413, 418
415, 420, 413, 419
416, 421, 413, 420
417, 422, 421, 420
418, 423, 422, 420
419, 424, 365, 413
420, 423, 425, 422
421, 423, 426, 425
422, 423, 427, 426
423, 428, 427, 423
424, 428, 429, 427
425, 428, 430, 429
426, 431, 430, 428
427, 431, 432, 430
428, 433, 432, 431
429, 433, 434, 432
430, 435, 434, 433
431, 435, 436, 434
432, 437, 436, 435
433, 437, 438, 436
434, 439, 438, 437
435, 439, 440, 438
436, 441, 440, 439
437, 442, 440, 441
438, 442, 443, 440
439, 444, 443, 442
440, 444, 445, 443
441, 446, 445, 444
442, 447, 445, 446
443, 448, 445, 447
444, 449, 445, 448
445, 450, 445, 449
446, 451, 445, 450
447, 452, 445, 451
448, 453, 445, 452
449, 454, 445, 453
450, 455, 445, 454
451, 456, 445, 455
452, 457, 445, 456
453, 58, 458, 7
454, 58, 7, 15
455, 1, 79, 12
456, 1, 12, 459
457, 460, 99, 4
458, 460, 4, 461
459, 61, 104, 18
460, 61, 18, 462
461, 84, 21, 119
462, 84, 119, 463
463, 36, 39, 30
464, 36, 30, 55
465, 24, 464, 27
466, 24, 27, 33
467, 110, 68, 42
468, 110, 42, 48
469, 120, 65, 45
470, 120, 45, 95
471, 458, 123, 8
472, 458, 8, 7
473, 13, 12, 79
474, 13, 79, 78
475, 3, 81, 14
476, 3, 14, 13
477, 7, 114, 16
478, 7, 16, 15
479, 97, 84, 463
480, 97, 463, 126
481, 36, 55, 56
482, 36, 56, 87
483, 85, 126, 23
484, 85, 23, 22
485, 87, 32, 31
486, 87, 31, 37
487, 34, 33, 27
488, 34, 27, 29
489, 39, 36, 38
490, 39, 38, 71
491, 68, 109, 43
492, 68, 43, 42
493, 65, 91, 46
494, 65, 46, 45
495, 110, 48, 50
496, 110, 50, 111
497, 51, 48, 42
498, 51, 42, 92
499, 44, 49, 52
500, 44, 52, 92
501, 99, 460, 465
502, 99, 465, 115
503, 465, 460, 461
504, 465, 461, 466
505, 466, 461, 4
506, 466, 4, 6
507, 1, 3, 80
508, 1, 80, 79
509, 126, 463, 119
510, 126, 119, 118
511, 467, 462, 18
512, 467, 18, 20
513, 120, 95, 94
514, 120, 94, 108
515, 44, 70, 69
516, 44, 69, 112
517, 58, 15, 75
518, 58, 75, 102
519, 465, 466, 6
520, 465, 6, 115
521, 467, 82, 61
522, 467, 61, 462
523, 118, 105, 23
524, 118, 23, 126
525, 53, 1, 459
526, 53, 459, 124
527, 99, 101, 468
528, 99, 468, 4
529, 468, 101, 100
530, 468, 100, 6
531, 30, 32, 54
532, 30, 54, 55
533, 54, 32, 87
534, 54, 87, 56
535, 98, 88, 21
536, 98, 21, 84
537, 21, 23, 106
538, 21, 106, 119
539, 104, 103, 57
540, 104, 57, 18
541, 107, 122, 65
542, 107, 65, 120
543, 72, 113, 464
544, 72, 464, 24
545, 464, 113, 73
546, 464, 73, 27
547, 39, 41, 76
548, 39, 76, 30
549, 11, 123, 125
550, 11, 125, 114
551, 47, 96, 95
552, 47, 95, 45
553, 82, 467, 20
554, 82, 20, 19
555, 58, 125, 123
556, 58, 123, 458
557, 12, 81, 124
558, 12, 124, 459
559, 125, 60, 16
560, 125, 16, 114
561, 112, 121, 68
562, 112, 68, 110
563, 469, 470, 471
564, 469, 471, 472
565, 470, 473, 474
566, 470, 474, 471
567, 473, 475, 476
568, 473, 476, 474
569, 475, 477, 478
570, 475, 478, 476
571, 477, 479, 480
572, 477, 480, 478
573, 479, 481, 482
574, 479, 482, 480
575, 481, 483, 484
576, 481, 484, 482
577, 483, 485, 486
578, 483, 486, 484
579, 485, 487, 488
580, 485, 488, 486
581, 487, 489, 490
582, 487, 490, 488
583, 489, 491, 492
584, 489, 492, 490
585, 491, 493, 494
586, 491, 494, 492
587, 493, 495, 496
588, 493, 496, 494
589, 495, 497, 498
590, 495, 498, 496
591, 497, 499, 500
592, 497, 500, 498
593, 499, 501, 502
594, 499, 502, 500
595, 501, 503, 504
596, 501, 504, 502
597, 503, 505, 506
598, 503, 506, 504
599, 505, 507, 508
600, 505, 508, 506
601, 507, 509, 510
602, 507, 510, 508
603, 509, 511, 512
604, 509, 512, 510
605, 511, 513, 514
606, 511, 514, 512
607, 513, 515, 516
608, 513, 516, 514
609, 515, 517, 518
610, 515, 518, 516
611, 517, 519, 520
612, 517, 520, 518
613, 519, 521, 522
614, 519, 522, 520
615, 521, 523, 524
616, 521, 524, 522
617, 523, 525, 526
618, 523, 526, 524
619, 525, 527, 528
620, 525, 528, 526
621, 527, 529, 530
622, 527, 530, 528
623, 529, 531, 532
624, 529, 532, 530
625, 531, 533, 534
626, 531, 534, 532
627, 533, 535, 536
628, 533, 536, 534
629, 535, 537, 538
630, 535, 538, 536
631, 537, 539, 540
632, 537, 540, 538
633, 539, 541, 542
634, 539, 542, 540
635, 541, 543, 544
636, 541, 544, 542
637, 543, 545, 546
638, 543, 546, 544
639, 545, 547, 548
640, 545, 548, 546
641, 547, 549, 550
642, 547, 550, 548
643, 549, 551, 552
644, 549, 552, 550
645, 551, 553, 554
646, 551, 554, 552
647, 553, 555, 556
648, 553, 556, 554
649, 555, 557, 558
650, 555, 558, 556
651, 557, 559, 560
652, 557, 560, 558
653, 559, 561, 562
654, 559, 562, 560
655, 561, 563, 564
656, 561, 564, 562
657, 563, 565, 566
658, 563, 566, 564
659, 565, 567, 568
660, 565, 568, 566
661, 567, 569, 570
662, 567, 570, 568
663, 569, 571, 572
664, 569, 572, 570
665, 571, 573, 574
666, 571, 574, 572
667, 573, 575, 576
668, 573, 576, 574
669, 575, 577, 578
670, 575, 578, 576
671, 577, 579, 580
672, 577, 580, 578
673, 579, 581, 582
674, 579, 582, 580
675, 581, 583, 584
676, 581, 584, 582
677, 583, 585, 586
678, 583, 586, 584
679, 585, 587, 588
680, 585, 588, 586
681, 587, 589, 590
682, 587, 590, 588
683, 589, 591, 592
684, 589, 592, 590
685, 591, 593, 594
686, 591, 594, 592
687, 593, 595, 596
688, 593, 596, 594
689, 595, 597, 598
690, 595, 598, 596
691, 597, 599, 600
692, 597, 600, 598
693, 599, 601, 602
694, 599, 602, 600
695, 601, 469, 472
696, 601, 472, 602
697, 603, 604, 605
698, 603, 605, 606
699, 604, 607, 608
700, 604, 608, 605
701, 607, 609, 610
702, 607, 610, 608
703, 609, 611, 612
704, 609, 612, 610
705, 611, 613, 614
706, 611, 614, 612
707, 613, 615, 616
708, 613, 616, 614
709, 615, 617, 618
710, 615, 618, 616
711, 617, 619, 620
712, 617, 620, 618
713, 619, 621, 622
714, 619, 622, 620
715, 621, 623, 624
716, 621, 624, 622
717, 623, 625, 626
718, 623, 626, 624
719, 625, 627, 628
720, 625, 628, 626
721, 627, 629, 630
722, 627, 630, 628
723, 629, 631, 632
724, 629, 632, 630
725, 631, 633, 634
726, 631, 634, 632
727, 633, 635, 636
728, 633, 636, 634
729, 635, 637, 638
730, 635, 638, 636
731, 637, 639, 640
732, 637, 640, 638
733, 639, 641, 642
734, 639, 642, 640
735, 641, 643, 644
736, 641, 644, 642
737, 643, 645, 646
738, 643, 646, 644
739, 645, 647, 648
740, 645, 648, 646
741, 647, 649, 650
742, 647, 650, 648
743, 649, 651, 652
744, 649, 652, 650
745, 651, 653, 654
746, 651, 654, 652
747, 653, 655, 656
748, 653, 656, 654
749, 655, 603, 606
750, 655, 606, 656
751, 657, 658, 659
752, 657, 659, 660
753, 658, 661, 662
754, 658, 662, 659
755, 661, 663, 664
756, 661, 664, 662
757, 663, 665, 666
758, 663, 666, 664
759, 665, 667, 668
760, 665, 668, 666
761, 667, 669, 670
762, 667, 670, 668
763, 669, 671, 672
764, 669, 672, 670
765, 671, 673, 674
766, 671, 674, 672
767, 673, 675, 676
768, 673, 676, 674
769, 675, 677, 678
770, 675, 678, 676
771, 677, 679, 680
772, 677, 680, 678
773, 679, 681, 682
774, 679, 682, 680
775, 681, 683, 684
776, 681, 684, 682
777, 683, 685, 686
778, 683, 686, 684
779, 685, 687, 688
780, 685, 688, 686
781, 687, 689, 690
782, 687, 690, 688
783, 689, 691, 692
784, 689, 692, 690
785, 691, 693, 694
786, 691, 694, 692
787, 693, 695, 696
788, 693, 696, 694
789, 695, 697, 698
790, 695, 698, 696
791, 697, 699, 700
792, 697, 700, 698
793, 699, 701, 702
794, 699, 702, 700
795, 701, 703, 704
796, 701, 704, 702
797, 703, 705, 706
798, 703, 706, 704
799, 705, 707, 708
800, 705, 708, 706
801, 707, 709, 710
802, 707, 710, 708
803, 709, 711, 712
804, 709, 712, 710
805, 711, 713, 714
806, 711, 714, 712
807, 713, 657, 660
808, 713, 660, 714
809, 715, 716, 717
810, 715, 717, 718
811, 716, 719, 720
812, 716, 720, 717
813, 719, 721, 722
814, 719, 722, 720
815, 721, 723, 724
816, 721, 724, 722
817, 723, 725, 726
818, 723, 726, 724
819, 725, 727, 728
820, 725, 728, 726
821, 727, 729, 730
822, 727, 730, 728
823, 729, 731, 732
824, 729, 732, 730
825, 731, 733, 734
826, 731, 734, 732
827, 733, 735, 736
828, 733, 736, 734
829, 735, 737, 738
830, 735, 738, 736
831, 737, 739, 740
832, 737, 740, 738
833, 739, 741, 742
834, 739, 742, 740
835, 741, 743, 744
836, 741, 744, 742
837, 743, 745, 746
838, 743, 746, 744
839, 745, 747, 748
840, 745, 748, 746
841, 747, 749, 750
842, 747, 750, 748
843, 749, 751, 752
844, 749, 752, 750
845, 751, 753, 754
846, 751, 754, 752
847, 753, 755, 756
848, 753, 756, 754
849, 755, 757, 758
850, 755, 758, 756
851, 757, 759, 760
852, 757, 760, 758
853, 759, 761, 762
854, 759, 762, 760
855, 761, 763, 764
856, 761, 764, 762
857, 763, 765, 766
858, 763, 766, 764
859, 765, 767, 768
860, 765, 768, 766
861, 767, 715, 718
862, 767, 718, 768
863, 769, 770, 771
864, 769, 771, 772
865, 770, 773, 774
866, 770, 774, 771
867, 773, 775, 776
868, 773, 776, 774
869, 775, 777, 778
870, 775, 778, 776
871, 777, 779, 780
872, 777, 780, 778
873, 779, 781, 782
874, 779, 782, 780
875, 781, 783, 784
876, 781, 784, 782
877, 783, 785, 786
878, 783, 786, 784
879, 785, 787, 788
880, 785, 788, 786
881, 787, 789, 790
882, 787, 790, 788
883, 789, 791, 792
884, 789, 792, 790
885, 791, 793, 794
886, 791, 794, 792
887, 793, 795, 796
888, 793, 796, 794
889, 795, 797, 798
890, 795, 798, 796
891, 797, 769, 772
892, 797, 772, 798

Colors, 892
Triangle:, Red:, Green:, Blue:
1, 204, 204, 204
2, 204, 204, 204
3, 204, 204, 204
4, 204, 204, 204
5, 204, 204, 204
6, 204, 204, 204
7, 204, 204, 204
8, 204, 204, 204
9, 204, 204, 204
10, 204, 204, 204
11, 204, 204, 204
12, 204, 204, 204
13, 204, 204, 204
14, 204, 204, 204
15, 204, 204, 204
16, 204, 204, 204
17, 204, 204, 204
18, 204, 204, 204
19, 204, 204, 204
20, 204, 204, 204
21, 204, 204, 204
22, 204, 204, 204
23, 204, 204, 204
24, 204, 204, 204
25, 204, 204, 204
26, 204, 204, 204
27, 204, 204, 204
28, 204, 204, 204
29, 204, 204, 204
30, 204, 204, 204
31, 204, 204, 204
32, 204, 204, 204
33, 204, 204, 204
34, 204, 204, 204
35, 204, 204, 204
36, 204, 204, 204
37, 204, 204, 204
38, 204, 204, 204
39, 204, 204, 204
40, 204, 204, 204
41, 204, 204, 204
42, 204, 204, 204
43, 204, 204, 204
44, 204, 204, 204
45, 204, 204, 204
46, 204, 204, 204
47, 204, 204, 204
48, 204, 204, 204
49, 204, 204, 204
50, 204, 204, 204
51, 204, 204, 204
52, 204, 204, 204
53, 204, 204, 204
54, 204, 204, 204
55, 204, 204, 204
56, 204, 204, 204
57, 204, 204, 204
58, 204, 204, 204
59, 204, 204, 204
60, 204, 204, 204
61, 204, 204, 204
62, 204, 204, 204
63, 204, 204, 204
64, 204, 204, 204
65, 204, 204, 204
66, 204, 204, 204
67, 204, 204, 204
68, 204, 204, 204
69, 204, 204, 204
70, 204, 204, 204
71, 204, 204, 204
72, 204, 204, 204
73, 204, 204, 204
74, 204, 204, 204
75, 204, 204, 204
76, 204, 204, 204
77, 204, 204, 204
78, 204, 204, 204
79, 204, 204, 204
80, 204, 204, 204
81, 204, 204, 204
82, 204, 204, 204
83, 204, 204, 204
84, 204, 204, 204
85, 204, 204, 204
86, 204, 204, 204
87, 204, 204, 204
88, 204, 204, 204
89, 204, 204, 204
90, 204, 204, 204
91, 204, 204, 204
92, 204, 204, 204
93, 204, 204, 204
94, 204, 204, 204
95, 204, 204, 204
96, 204, 204, 204
97, 204, 204, 204
98, 204, 204, 204
99, 204, 204, 204
100, 204, 204, 204
101, 204, 204, 204
102, 204, 204, 204
103, 204, 204, 204
104, 204, 204, 204
105, 204, 204, 204
106, 204, 204, 204
107, 204, 204, 204
108, 204, 204, 204
109, 204, 204, 204
110, 204, 204, 204
111, 204, 204, 204
112, 204, 204, 204
113, 204, 204, 204
114, 204, 204, 204
115, 204, 204, 204
116, 204, 204, 204
117, 204, 204, 204
118, 204, 204, 204
119, 204, 204, 204
120, 204, 204, 204
121, 204, 204, 204
122, 204, 204, 204
123, 204, 204, 204
124, 204, 204, 204
125, 204, 204, 204
126, 204, 204, 204
127, 204, 204, 204
128, 204, 204, 204
129, 204, 204, 204
130, 204, 204, 204
131, 204, 204, 204
132, 204, 204, 204
133, 204, 204, 204
134, 204, 204, 204
135, 204, 204, 204
136, 204, 204, 204
137, 204, 204, 204
138, 204, 204, 204
139, 204, 204, 204
140, 204, 204, 204
141, 204, 204, 204
142, 204, 204, 204
143, 204, 204, 204
144, 204, 204, 204
145, 204, 204, 204
146, 204, 204, 204
147, 204, 204, 204
148, 204, 204, 204
149, 204, 204, 204
150, 204, 204, 204
151, 204, 204, 204
152, 204, 204, 204
153, 204, 204, 204
154, 204, 204, 204
155, 204, 204, 204
156, 204, 204, 204
157, 204, 204, 204
158, 204, 204, 204
159, 204, 204, 204
160, 204, 204, 204
161, 204, 204, 204
162, 204, 204, 204
163, 204, 204, 204
164, 204, 204, 204
165, 204, 204, 204
166, 204, 204, 204
167, 204, 204, 204
168, 204, 204, 204
169, 204, 204, 204
170, 204, 204, 204
171, 204, 204, 204
172, 204, 204, 204
173, 204, 204, 204
174, 204, 204, 204
175, 204, 204, 204
176, 204, 204, 204
177, 204, 204, 204
178, 204, 204, 204
179, 204, 204, 204
180, 204, 204, 204
181, 204, 204, 204
182, 204, 204, 204
183, 204, 204, 204
184, 204, 204, 204
185, 204, 204, 204
186, 204, 204, 204
187, 204, 204, 204
188, 204, 204, 204
189, 204, 204, 204
190, 204, 204, 204
191, 204, 204, 204
192, 204, 204, 204
193, 204, 204, 204
194, 204, 204, 204
195, 204, 204, 204
196, 204, 204, 204
197, 204, 204, 204
198, 204, 204, 204
199, 204, 204, 204
200, 204, 204, 204
201, 204, 204, 204
202, 204, 204, 204
203, 204, 204, 204
204, 204, 204, 204
205, 204, 204, 204
206, 204, 204, 204
207, 204, 204, 204
208, 204, 204, 204
209, 204, 204, 204
210, 204, 204, 204
211, 204, 204, 204
212, 204, 204, 204
213, 204, 204, 204
214, 204, 204, 204
215, 204, 204, 204
216, 204, 204, 204
217, 204, 204, 204
218, 204, 204, 204
219, 204, 204, 204
220, 204, 204, 204
221, 204, 204, 204
222, 204, 204, 204
223, 204, 204, 204
224, 204, 204, 204
225, 204, 204, 204
226, 204, 204, 204
227, 204, 204, 204
228, 204, 204, 204
229, 204, 204, 204
230, 204, 204, 204
231, 204, 204, 204
232, 204, 204, 204
233, 204, 204, 204
234, 204, 204, 204
235, 204, 204, 204
236, 204, 204, 204
237, 204, 204, 204
238, 204, 204, 204
239, 204, 204, 204
240, 204, 204, 204
241, 204, 204, 204
242, 204, 204, 204
243, 204, 204, 204
244, 204, 204, 204
245, 204, 204, 204
246, 204, 204, 204
247, 204, 204, 204
248, 204, 204, 204
249, 204, 204, 204
250, 204, 204, 204
251, 204, 204, 204
252, 204, 204, 204
253, 204, 204, 204
254, 204, 204, 204
255, 204, 204, 204
256, 204, 204, 204
257, 204, 204, 204
258, 204, 204, 204
259, 204, 204, 204
260, 204, 204, 204
261, 204, 204, 204
262, 204, 204, 204
263, 204, 204, 204
264, 204, 204, 204
265, 204, 204, 204
266, 204, 204, 204
267, 204, 204, 204
268, 204, 204, 204
269, 204, 204, 204
270, 204, 204, 204
271, 204, 204, 204
272, 204, 204, 204
273, 204, 204, 204
274, 204, 204, 204
275, 204, 204, 204
276, 204, 204, 204
277, 204, 204, 204
278, 204, 204, 204
279, 204, 204, 204
280, 204, 204, 204
281, 204, 204, 204
282, 204, 204, 204
283, 204, 204, 204
284, 204, 204, 204
285, 204, 204, 204
286, 204, 204, 204
287, 204, 204, 204
288, 204, 204, 204
289, 204, 204, 204
290, 204, 204, 204
291, 204, 204, 204
292, 204, 204, 204
293, 204, 204, 204
294, 204, 204, 204
295, 204, 204, 204
296, 204, 204, 204
297, 204, 204, 204
298, 204, 204, 204
299, 204, 204, 204
300, 204, 204, 204
301, 204, 204, 204
302, 204, 204, 204
303, 204, 204, 204
304, 204, 204, 204
305, 204, 204, 204
306, 204, 204, 204
307, 204, 204, 204
308, 204, 204, 204
309, 204, 204, 204
310, 204, 204, 204
311, 204, 204, 204
312, 204, 204, 204
313, 204, 204, 204
314, 204, 204, 204
315, 204, 204, 204
316, 204, 204, 204
317, 204, 204, 204
318, 204, 204, 204
319, 204, 204, 204
320, 204, 204, 204
321, 204, 204, 204
322, 204, 204, 204
323, 204, 204, 204
324, 204, 204, 204
325, 204, 204, 204
326, 204, 204, 204
327, 204, 204, 204
328, 204, 204, 204
329, 204, 204, 204
330, 204, 204, 204
331, 204, 204, 204
332, 204, 204, 204
333, 204, 204, 204
334, 204, 204, 204
335, 204, 204, 204
336, 204, 204, 204
337, 204, 204, 204
338, 204, 204, 204
339, 204, 204, 204
340, 204, 204, 204
341, 204, 204, 204
342, 204, 204, 204
343, 204, 204, 204
344, 204, 204, 204
345, 204, 204, 204
346, 204, 204, 204
347, 204, 204, 204
348, 204, 204, 204
349, 204, 204, 204
350, 204, 204, 204
351, 204, 204, 204
352, 204, 204, 204
353, 204, 204, 204
354, 204, 204, 204
355, 204, 204, 204
356, 204, 204, 204
357, 204, 204, 204
358, 204, 204, 204
359, 204, 204, 204
360, 204, 204, 204
361, 204, 204, 204
362, 204, 204, 204
363, 204, 204, 204
364, 204, 204, 204
365, 204, 204, 204
366, 204, 204, 204
367, 204, 204, 204
368, 204, 204, 204
369, 204, 204, 204
370, 204, 204, 204
371, 204, 204, 204
372, 204, 204, 204
373, 204, 204, 204
374, 204, 204, 204
375, 204, 204, 204
376, 204, 204, 204
377, 204, 204, 204
378, 204, 204, 204
379, 204, 204, 204
380, 204, 204, 204
381, 204, 204, 204
382, 204, 204, 204
383, 204, 204, 204
384, 204, 204, 204
385, 204, 204, 204
386, 204, 204, 204
387, 204, 204, 204
388, 204, 204, 204
389, 204, 204, 204
390, 204, 204, 204
391, 204, 204, 204
392, 204, 204, 204
393, 204, 204, 204
394, 204, 204, 204
395, 204, 204, 204
396, 204, 204, 204
397, 204, 204, 204
398, 204, 204, 204
399, 204, 204, 204
400, 204, 204, 204
401, 204, 204, 204
402, 204, 204, 204
403, 204, 204, 204
404, 204, 204, 204
405, 204, 204, 204
406, 204, 204, 204
407, 204, 204, 204
408, 204, 204, 204
409, 204, 204, 204
410, 204, 204, 204
411, 204, 204, 204
412, 204, 204, 204
413, 204, 204, 204
414, 204, 204, 204
415, 204, 204, 204
416, 204, 204, 204
417, 204, 204, 204
418, 204, 204, 204
419, 204, 204, 204
420, 204, 204, 204
421, 204, 204, 204
422, 204, 204, 204
423, 204, 204, 204
424, 204, 204, 204
425, 204, 204, 204
426, 204, 204, 204
427, 204, 204, 204
428, 204, 204, 204
429, 204, 204, 204
430, 204, 204, 204
431, 204, 204, 204
432, 204, 204, 204
433, 204, 204, 204
434, 204, 204, 204
435, 204, 204, 204
436, 204, 204, 204
437, 204, 204, 204
438, 204, 204, 204
439, 204, 204, 204
440, 204, 204, 204
441, 204, 204, 204
442, 204, 204, 204
443, 204, 204, 204
444, 204, 204, 204
445, 204, 204, 204
446, 204, 204, 204
447, 204, 204, 204
448, 204, 204, 204
449, 204, 204, 204
450, 204, 204, 204
451, 204, 204, 204
452, 204, 204, 204
453, 204, 204, 204
454, 204, 204, 204
455, 204, 204, 204
456, 204, 204, 204
457, 204, 204, 204
458, 204, 204, 204
459, 204, 204, 204
460, 204, 204, 204
461, 204, 204, 204
462, 204, 204, 204
463, 204, 204, 204
464, 204, 204, 204
465, 204, 204, 204
466, 204, 204, 204
467, 204, 204, 204
468, 204, 204, 204
469, 204, 204, 204
470, 204, 204, 204
471, 204, 204, 204
472, 204, 204, 204
473, 204, 204, 204
474, 204, 204, 204
475, 204, 204, 204
476, 204, 204, 204
477, 204, 204, 204
478, 204, 204, 204
479, 204, 204, 204
480, 204, 204, 204
481, 204, 204, 204
482, 204, 204, 204
483, 204, 204, 204
484, 204, 204, 204
485, 204, 204, 204
486, 204, 204, 204
487, 204, 204, 204
488, 204, 204, 204
489, 204, 204, 204
490, 204, 204, 204
491, 204, 204, 204
492, 204, 204, 204
493, 204, 204, 204
494, 204, 204, 204
495, 204, 204, 204
496, 204, 204, 204
497, 204, 204, 204
498, 204, 204, 204
499, 204, 204, 204
500, 204, 204, 204
501, 204, 204, 204
502, 204, 204, 204
503, 204, 204, 204
504, 204, 204, 204
505, 204, 204, 204
506, 204, 204, 204
507, 204, 204, 204
508, 204, 204, 204
509, 204, 204, 204
510, 204, 204, 204
511, 204, 204, 204
512, 204, 204, 204
513, 204, 204, 204
514, 204, 204, 204
515, 204, 204, 204
516, 204, 204, 204
517, 204, 204, 204
518, 204, 204, 204
519, 204, 204, 204
520, 204, 204, 204
521, 204, 204, 204
522, 204, 204, 204
523, 204, 204, 204
524, 204, 204, 204
525, 204, 204, 204
526, 204, 204, 204
527, 204, 204, 204
528, 204, 204, 204
529, 204, 204, 204
530, 204, 204, 204
531, 204, 204, 204
532, 204, 204, 204
533, 204, 204, 204
534, 204, 204, 204
535, 204, 204, 204
536, 204, 204, 204
537, 204, 204, 204
538, 204, 204, 204
539, 204, 204, 204
540, 204, 204, 204
541, 204, 204, 204
542, 204, 204, 204
543, 204, 204, 204
544, 204, 204, 204
545, 204, 204, 204
546, 204, 204, 204
547, 204, 204, 204
548, 204, 204, 204
549, 204, 204, 204
550, 204, 204, 204
551, 204, 204, 204
552, 204, 204, 204
553, 204, 204, 204
554, 204, 204, 204
555, 204, 204, 204
556, 204, 204, 204
557, 204, 204, 204
558, 204, 204, 204
559, 204, 204, 204
560, 204, 204, 204
561, 204, 204, 204
562, 204, 204, 204
563, 204, 204, 204
564, 204, 204, 204
565, 204, 204, 204
566, 204, 204, 204
567, 204, 204, 204
568, 204, 204, 204
569, 204, 204, 204
570, 204, 204, 204
571, 204, 204, 204
572, 204, 204, 204
573, 204, 204, 204
574, 204, 204, 204
575, 204, 204, 204
576, 204, 204, 204
577, 204, 204, 204
578, 204, 204, 204
579, 204, 204, 204
580, 204, 204, 204
581, 204, 204, 204
582, 204, 204, 204
583, 204, 204, 204
584, 204, 204, 204
585, 204, 204, 204
586, 204, 204, 204
587, 204, 204, 204
588, 204, 204, 204
589, 204, 204, 204
590, 204, 204, 204
591, 204, 204, 204
592, 204, 204, 204
593, 204, 204, 204
594, 204, 204, 204
595, 204, 204, 204
596, 204, 204, 204
597, 204, 204, 204
598, 204, 204, 204
599, 204, 204, 204
600, 204, 204, 204
601, 204, 204, 204
602, 204, 204, 204
603, 204, 204, 204
604, 204, 204, 204
605, 204, 204, 204
606, 204, 204, 204
607, 204, 204, 204
608, 204, 204, 204
609, 204, 204, 204
610, 204, 204, 204
611, 204, 204, 204
612, 204, 204, 204
613, 204, 204, 204
614, 204, 204, 204
615, 204, 204, 204
616, 204, 204, 204
617, 204, 204, 204
618, 204, 204, 204
619, 204, 204, 204
620, 204, 204, 204
621, 204, 204, 204
622, 204, 204, 204
623, 204, 204, 204
624, 204, 204, 204
625, 204, 204, 204
626, 204, 204, 204
627, 204, 204, 204
628, 204, 204, 204
629, 204, 204, 204
630, 204, 204, 204
631, 204, 204, 204
632, 204, 204, 204
633, 204, 204, 204
634, 204, 204, 204
635, 204, 204, 204
636, 204, 204, 204
637, 204, 204, 204
638, 204, 204, 204
639, 204, 204, 204
640, 204, 204, 204
641, 204, 204, 204
642, 204, 204, 204
643, 204, 204, 204
644, 204, 204, 204
645, 204, 204, 204
646, 204, 204, 204
647, 204, 204, 204
648, 204, 204, 204
649, 204, 204, 204
650, 204, 204, 204
651, 204, 204, 204
652, 204, 204, 204
653, 204, 204, 204
654, 204, 204, 204
655, 204, 204, 204
656, 204, 204, 204
657, 204, 204, 204
658, 204, 204, 204
659, 204, 204, 204
660, 204, 204, 204
661, 204, 204, 204
662, 204, 204, 204
663, 204, 204, 204
664, 204, 204, 204
665, 204, 204, 204
666, 204, 204, 204
667, 204, 204, 204
668, 204, 204, 204
669, 204, 204, 204
670, 204, 204, 204
671, 204, 204, 204
672, 204, 204, 204
673, 204, 204, 204
674, 204, 204, 204
675, 204, 204, 204
676, 204, 204, 204
677, 204, 204, 204
678, 204, 204, 204
679, 204, 204, 204
680, 204, 204, 204
681, 204, 204, 204
682, 204, 204, 204
683, 204, 204, 204
684, 204, 204, 204
685, 204, 204, 204
686, 204, 204, 204
687, 204, 204, 204
688, 204, 204, 204
689, 204, 204, 204
690, 204, 204, 204
691, 204, 204, 204
692, 204, 204, 204
693, 204, 204, 204
694, 204, 204, 204
695, 204, 204, 204
696, 204, 204, 204
697, 204, 204, 204
698, 204, 204, 204
699, 204, 204, 204
700, 204, 204, 204
701, 204, 204, 204
702, 204, 204, 204
703, 204, 204, 204
704, 204, 204, 204
705, 204, 204, 204
706, 204, 204, 204
707, 204, 204, 204
708, 204, 204, 204
709, 204, 204, 204
710, 204, 204, 204
711, 204, 204, 204
712, 204, 204, 204
713, 204, 204, 204
714, 204, 204, 204
715, 204, 204, 204
716, 204, 204, 204
717, 204, 204, 204
718, 204, 204, 204
719, 204, 204, 204
720, 204, 204, 204
721, 204, 204, 204
722, 204, 204, 204
723, 204, 204, 204
724, 204, 204, 204
725, 204, 204, 204
726, 204, 204, 204
727, 204, 204, 204
728, 204, 204, 204
729, 204, 204, 204
730, 204, 204, 204
731, 204, 204, 204
732, 204, 204, 204
733, 204, 204, 204
734, 204, 204, 204
735, 204, 204, 204
736, 204, 204, 204
737, 204, 204, 204
738, 204, 204, 204
739, 204, 204, 204
740, 204, 204, 204
741, 204, 204, 204
742, 204, 204, 204
743, 204, 204, 204
744, 204, 204, 204
745, 204, 204, 204
746, 204, 204, 204
747, 204, 204, 204
748, 204, 204, 204
749, 204, 204, 204
750, 204, 204, 204
751, 204, 204, 204
752, 204, 204, 204
753, 204, 204, 204
754, 204, 204, 204
755, 204, 204, 204
756, 204, 204, 204
757, 204, 204, 204
758, 204, 204, 204
759, 204, 204, 204
760, 204, 204, 204
761, 204, 204, 204
762, 204, 204, 204
763, 204, 204, 204
764, 204, 204, 204
765, 204, 204, 204
766, 204, 204, 204
767, 204, 204, 204
768, 204, 204, 204
769, 204, 204, 204
770, 204, 204, 204
771, 204, 204, 204
772, 204, 204, 204
773, 204, 204, 204
774, 204, 204, 204
775, 204, 204, 204
776, 204, 204, 204
777, 204, 204, 204
778, 204, 204, 204
779, 204, 204, 204
780, 204, 204, 204
781, 204, 204, 204
782, 204, 204, 204
783, 204, 204, 204
784, 204, 204, 204
785, 204, 204, 204
786, 204, 204, 204
787, 204, 204, 204
788, 204, 204, 204
789, 204, 204, 204
790, 204, 204, 204
791, 204, 204, 204
792, 204, 204, 204
793, 204, 204, 204
794, 204, 204, 204
795, 204, 204, 204
796, 204, 204, 204
797, 204, 204, 204
798, 204, 204, 204
799, 204, 204, 204
800, 204, 204, 204
801, 204, 204, 204
802, 204, 204, 204
803, 204, 204, 204
804, 204, 204, 204
805, 204, 204, 204
806, 204, 204, 204
807, 204, 204, 204
808, 204, 204, 204
809, 204, 204, 204
810, 204, 204, 204
811, 204, 204, 204
812, 204, 204, 204
813, 204, 204, 204
814, 204, 204, 204
815, 204, 204, 204
816, 204, 204, 204
817, 204, 204, 204
818, 204, 204, 204
819, 204, 204, 204
820, 204, 204, 204
821, 204, 204, 204
822, 204, 204, 204
823, 204, 204, 204
824, 204, 204, 204
825, 204, 204, 204
826, 204, 204, 204
827, 204, 204, 204
828, 204, 204, 204
829, 204, 204, 204
830, 204, 204, 204
831, 204, 204, 204
832, 204, 204, 204
833, 204, 204, 204
834, 204, 204, 204
835, 204, 204, 204
836, 204, 204, 204
837, 204, 204, 204
838, 204, 204, 204
839, 204, 204, 204
840, 204, 204, 204
841, 204, 204, 204
842, 204, 204, 204
843, 204, 204, 204
844, 204, 204, 204
845, 204, 204, 204
846, 204, 204, 204
847, 204, 204, 204
848, 204, 204, 204
849, 204, 204, 204
850, 204, 204, 204
851, 204, 204, 204
852, 204, 204, 204
853, 204, 204, 204
854, 204, 204, 204
855, 204, 204, 204
856, 204, 204, 204
857, 204, 204, 204
858, 204, 204, 204
859, 204, 204, 204
860, 204, 204, 204
861, 204, 204, 204
862, 204, 204, 204
863, 204, 204, 204
864, 204, 204, 204
865, 204, 204, 204
866, 204, 204, 204
867, 204, 204, 204
868, 204, 204, 204
869, 204, 204, 204
870, 204, 204, 204
871, 204, 204, 204
872, 204, 204, 204
873, 204, 204, 204
874, 204, 204, 204
875, 204, 204, 204
876, 204, 204, 204
877, 204, 204, 204
878, 204, 204, 204
879, 204, 204, 204
880, 204, 204, 204
881, 204, 204, 204
882, 204, 204, 204
883, 204, 204, 204
884, 204, 204, 204
885, 204, 204, 204
886, 204, 204, 204
887, 204, 204, 204
888, 204, 204, 204
889, 204, 204, 204
890, 204, 204, 204
891, 204, 204, 204
892, 204, 204, 204
