Objects, 1
Object:, First Vertice:, Vertices:, First Triangle:, Triangles:
Plane.001, 1, 8, 1, 12

Vertices, 8
Vertice:, X:, Y:, Z:
1, -0.005595163442194462, -1.8678467869758606, -1.0546722412109375
2, 0.02092677727341652, -1.4036083966493607, -1.0546722412109375
3, -0.04539297893643379, -1.4036083668470383, -1.0546722412109375
4, -0.01887119235470891, -1.8678466826677322, -1.0546722412109375
5, -0.01887119235470891, -1.8678466826677322, -1.0377585887908936
6, -0.04539297893643379, -1.4036083668470383, -1.0377585887908936
7, 0.02092677727341652, -1.4036083966493607, -1.0377585887908936
8, -0.005595163442194462, -1.8678467869758606, -1.0377585887908936

Triangles, 12
Triangle:, Side1:, Side2:, Side3:
1, 4, 1, 2
2, 4, 2, 3
3, 3, 2, 7
4, 3, 7, 6
5, 4, 3, 6
6, 4, 6, 5
7, 1, 4, 5
8, 1, 5, 8
9, 2, 1, 8
10, 2, 8, 7
11, 7, 8, 5
12, 7, 5, 6

Colors, 12
Triangle:, Red:, Green:, Blue:
1, 204, 204, 204
2, 204, 204, 204
3, 204, 204, 204
4, 204, 204, 204
5, 204, 204, 204
6, 204, 204, 204
7, 204, 204, 204
8, 204, 204, 204
9, 204, 204, 204
10, 204, 204, 204
11, 204, 204, 204
12, 204, 204, 204
