Objects, 1
Object:, First Vertice:, Vertices:, First Triangle:, Triangles:
Plane.006, 1, 5, 1, 10

Vertices, 5
Vertice:, X:, Y:, Z:
1, -0.015981197357177734, -2.015711188316345, -0.8801171779632568
2, -0.028650343418121338, -2.015711188316345, -0.8801172971725464
3, -0.022435486316680908, -2.0218268632888794, -0.5921673774719238
4, -0.028650343418121338, -2.021424889564514, -0.8801819086074829
5, -0.01598113775253296, -2.021424889564514, -0.8801819086074829

Triangles, 6
Triangle:, Side1:, Side2:, Side3:
1, 1, 3, 2
2, 3, 1, 5
3, 1, 2, 4
4, 1, 4, 5
5, 2, 3, 4
6, 3, 5, 4

Colors, 6
Triangle:, Red:, Green:, Blue:
1, 38, 34, 204
2, 38, 34, 204
3, 38, 34, 204
4, 38, 34, 204
5, 38, 34, 204
6, 38, 34, 204
