Objects, 1
Object:, First Vertice:, Vertices:, First Triangle:, Triangles:
Plane.007, 1, 138, 1, 332

Vertices, 138
Vertice:, X:, Y:, Z:
1, 0.6284339427947998, -2.032698631286621, -0.995728075504303
2, 0.6284341216087341, -2.032698631286621, -1.4622880220413208
3, 0.161903977394104, -2.027419328689575, -1.4622881412506104
4, 0.16190393269062042, -2.027419328689575, -0.9957281351089478
5, 0.3951689302921295, -2.0300590991973877, -0.9724001288414001
6, 0.4452274441719055, -2.030625581741333, -0.9773308038711548
7, 0.4933622479438782, -2.031170129776001, -0.991933286190033
8, 0.5377236008644104, -2.031672239303589, -1.0156463384628296
9, 0.5766066312789917, -2.0321121215820312, -1.0475589036941528
10, 0.608517050743103, -2.03247332572937, -1.0864442586898804
11, 0.632228672504425, -2.0327417850494385, -1.1308084726333618
12, 0.6468302607536316, -2.032907009124756, -1.1789462566375732
13, 0.6517606377601624, -2.0329627990722656, -1.2290080785751343
14, 0.6468303203582764, -2.0329067707061768, -1.2790697813034058
15, 0.6322287917137146, -2.0327415466308594, -1.3272075653076172
16, 0.6085171699523926, -2.03247332572937, -1.3715718984603882
17, 0.5766067504882812, -2.0321121215820312, -1.4104572534561157
18, 0.5377237200737, -2.031672239303589, -1.442369818687439
19, 0.4933624267578125, -2.031170129776001, -1.46608304977417
20, 0.44522756338119507, -2.030625581741333, -1.4806854724884033
21, 0.3951689898967743, -2.0300590991973877, -1.4856162071228027
22, 0.3451104164123535, -2.0294926166534424, -1.4806854724884033
23, 0.29697564244270325, -2.0289478302001953, -1.46608304977417
24, 0.2526143193244934, -2.0284459590911865, -1.442369818687439
25, 0.2137313038110733, -2.028005838394165, -1.4104573726654053
26, 0.1818208396434784, -2.0276448726654053, -1.3715717792510986
27, 0.15810923278331757, -2.027376413345337, -1.3272075653076172
28, 0.14350773394107819, -2.0272111892700195, -1.2790696620941162
29, 0.138577401638031, -2.0271553993225098, -1.2290079593658447
30, 0.14350777864456177, -2.0272111892700195, -1.1789461374282837
31, 0.15810935199260712, -2.027376413345337, -1.1308083534240723
32, 0.18182100355625153, -2.0276448726654053, -1.0864441394805908
33, 0.2137315273284912, -2.028005838394165, -1.0475587844848633
34, 0.2526145577430725, -2.0284459590911865, -1.01564621925354
35, 0.2969759404659271, -2.0289478302001953, -0.9919331073760986
36, 0.34511077404022217, -2.0294926166534424, -0.9773306846618652
37, 0.3951690196990967, -2.0300590991973877, -1.2290080785751343
38, 0.3949021100997925, -2.0536458492279053, -1.2290080785751343
39, 0.34484386444091797, -2.053079605102539, -0.97733074426651
40, 0.29670900106430054, -2.052534818649292, -0.9919331073760986
41, 0.2523476481437683, -2.052032709121704, -1.01564621925354
42, 0.213464617729187, -2.0515928268432617, -1.0475587844848633
43, 0.18155409395694733, -2.051231622695923, -1.0864441394805908
44, 0.15784244239330292, -2.0509634017944336, -1.1308083534240723
45, 0.14324086904525757, -2.050798177719116, -1.1789461374282837
46, 0.1383104920387268, -2.0507423877716064, -1.2290079593658447
47, 0.143240824341774, -2.050798177719116, -1.2790696620941162
48, 0.15784230828285217, -2.0509634017944336, -1.3272075653076172
49, 0.181553915143013, -2.051231622695923, -1.3715717792510986
50, 0.2134643942117691, -2.0515928268432617, -1.4104573726654053
51, 0.2523474097251892, -2.052032709121704, -1.442369818687439
52, 0.29670873284339905, -2.052534818649292, -1.46608304977417
53, 0.3448435068130493, -2.05307936668396, -1.4806854724884033
54, 0.3949020802974701, -2.0536458492279053, -1.4856162071228027
55, 0.4449606239795685, -2.0542123317718506, -1.4806854724884033
56, 0.4930955171585083, -2.0547571182250977, -1.46608304977417
57, 0.5374568104743958, -2.0552592277526855, -1.442369818687439
58, 0.576339840888977, -2.055699110031128, -1.4104572534561157
59, 0.6082502603530884, -2.056060314178467, -1.3715718984603882
60, 0.6319618821144104, -2.056328535079956, -1.3272075653076172
61, 0.6465634107589722, -2.0564937591552734, -1.2790697813034058
62, 0.6514937281608582, -2.056549549102783, -1.2290080785751343
63, 0.6465633511543274, -2.0564937591552734, -1.1789462566375732
64, 0.6319617629051208, -2.056328535079956, -1.1308084726333618
65, 0.6082501411437988, -2.056060314178467, -1.0864442586898804
66, 0.5763397216796875, -2.055699110031128, -1.0475589036941528
67, 0.5374566912651062, -2.0552592277526855, -1.0156463384628296
68, 0.49309536814689636, -2.0547571182250977, -0.9919332265853882
69, 0.4449605345726013, -2.0542123317718506, -0.9773308038711548
70, 0.39490199089050293, -2.0536460876464844, -0.9724001288414001
71, 0.16163702309131622, -2.051006317138672, -0.995728075504303
72, 0.1616370677947998, -2.051006317138672, -1.4622881412506104
73, 0.6281672120094299, -2.0562856197357178, -1.4622880220413208
74, 0.6281670331954956, -2.0562856197357178, -0.995728075504303
75, 0.3450601398944855, -2.033966064453125, -0.97733074426651
76, 0.3951182961463928, -2.0345325469970703, -0.9724001288414001
77, 0.29692530632019043, -2.033421277999878, -0.9919331073760986
78, 0.2525639235973358, -2.032919406890869, -1.01564621925354
79, 0.2136809080839157, -2.0324792861938477, -1.0475587844848633
80, 0.18177038431167603, -2.032118082046509, -1.0864441394805908
81, 0.15805873274803162, -2.0318498611450195, -1.1308083534240723
82, 0.14345715939998627, -2.031684637069702, -1.1789461374282837
83, 0.1385267823934555, -2.0316288471221924, -1.2290079593658447
84, 0.14345711469650269, -2.031684637069702, -1.2790696620941162
85, 0.15805861353874207, -2.0318498611450195, -1.3272075653076172
86, 0.1817702054977417, -2.032118082046509, -1.3715717792510986
87, 0.2136806845664978, -2.0324792861938477, -1.4104573726654053
88, 0.2525636851787567, -2.03291916847229, -1.442369818687439
89, 0.29692500829696655, -2.033421277999878, -1.46608304977417
90, 0.3450598120689392, -2.033966064453125, -1.4806854724884033
91, 0.39511838555336, -2.0345325469970703, -1.4856162071228027
92, 0.4451769292354584, -2.0350987911224365, -1.4806853532791138
93, 0.4933118224143982, -2.0356435775756836, -1.46608304977417
94, 0.5376731157302856, -2.0361456871032715, -1.442369818687439
95, 0.5765561461448669, -2.036585569381714, -1.4104572534561157
96, 0.6084665656089783, -2.0369467735290527, -1.3715718984603882
97, 0.6321781873703003, -2.037214994430542, -1.3272075653076172
98, 0.6467797160148621, -2.0373802185058594, -1.2790697813034058
99, 0.6517099738121033, -2.037436008453369, -1.2290080785751343
100, 0.6467795968055725, -2.0373802185058594, -1.1789462566375732
101, 0.6321780681610107, -2.037214994430542, -1.1308084726333618
102, 0.6084664463996887, -2.0369467735290527, -1.0864442586898804
103, 0.5765560269355774, -2.036585569381714, -1.0475589036941528
104, 0.5376729965209961, -2.0361456871032715, -1.0156463384628296
105, 0.49331164360046387, -2.0356435775756836, -0.9919332265853882
106, 0.4451768100261688, -2.0350990295410156, -0.9773308038711548
107, 0.34488487243652344, -2.049454689025879, -0.9773306846618652
108, 0.3949430286884308, -2.050020933151245, -0.9724001288414001
109, 0.2967500388622284, -2.048909902572632, -0.9919331073760986
110, 0.2523886561393738, -2.048407793045044, -1.01564621925354
111, 0.21350564062595367, -2.0479679107666016, -1.0475587844848633
112, 0.181595116853714, -2.0476067066192627, -1.0864441394805908
113, 0.15788346529006958, -2.0473384857177734, -1.1308083534240723
114, 0.14328189194202423, -2.047173261642456, -1.1789461374282837
115, 0.13835151493549347, -2.0471174716949463, -1.2290079593658447
116, 0.14328184723854065, -2.047173261642456, -1.2790696620941162
117, 0.15788333117961884, -2.0473384857177734, -1.3272075653076172
118, 0.18159493803977966, -2.0476067066192627, -1.3715717792510986
119, 0.21350540220737457, -2.0479679107666016, -1.4104573726654053
120, 0.2523884177207947, -2.048407793045044, -1.442369818687439
121, 0.2967497408390045, -2.048909902572632, -1.46608304977417
122, 0.3448845446109772, -2.0494544506073, -1.4806854724884033
123, 0.39494308829307556, -2.050020933151245, -1.4856162071228027
124, 0.44500166177749634, -2.0505874156951904, -1.4806854724884033
125, 0.49313652515411377, -2.0511322021484375, -1.4660831689834595
126, 0.5374978184700012, -2.0516343116760254, -1.442369818687439
127, 0.5763808488845825, -2.0520741939544678, -1.4104572534561157
128, 0.6082912683486938, -2.0524353981018066, -1.3715718984603882
129, 0.6320028901100159, -2.052703619003296, -1.3272075653076172
130, 0.6466044187545776, -2.0528688430786133, -1.2790697813034058
131, 0.6515347361564636, -2.052924633026123, -1.2290080785751343
132, 0.6466043591499329, -2.0528688430786133, -1.1789462566375732
133, 0.6320027709007263, -2.052703619003296, -1.1308084726333618
134, 0.6082911491394043, -2.0524353981018066, -1.0864442586898804
135, 0.576380729675293, -2.0520741939544678, -1.0475589036941528
136, 0.5374976992607117, -2.0516343116760254, -1.0156463384628296
137, 0.49313637614250183, -2.0511322021484375, -0.991933286190033
138, 0.4450015425682068, -2.0505876541137695, -0.9773308038711548

Triangles, 268
Triangle:, Side1:, Side2:, Side3:
1, 1, 4, 3
2, 1, 3, 2
3, 36, 5, 37
4, 36, 35, 37
5, 35, 34, 37
6, 34, 33, 37
7, 33, 32, 37
8, 32, 31, 37
9, 31, 30, 37
10, 30, 29, 37
11, 29, 28, 37
12, 28, 27, 37
13, 27, 26, 37
14, 26, 25, 37
15, 25, 24, 37
16, 24, 23, 37
17, 23, 22, 37
18, 22, 21, 37
19, 21, 20, 37
20, 20, 19, 37
21, 19, 18, 37
22, 18, 17, 37
23, 17, 16, 37
24, 16, 15, 37
25, 15, 14, 37
26, 14, 13, 37
27, 13, 12, 37
28, 12, 11, 37
29, 11, 10, 37
30, 10, 9, 37
31, 9, 8, 37
32, 8, 7, 37
33, 7, 6, 37
34, 6, 5, 37
35, 3, 4, 71
36, 3, 71, 72
37, 4, 1, 74
38, 4, 74, 71
39, 1, 2, 73
40, 1, 73, 74
41, 2, 3, 72
42, 2, 72, 73
43, 72, 71, 74
44, 72, 74, 73
45, 38, 70, 39
46, 38, 40, 39
47, 38, 41, 40
48, 38, 42, 41
49, 38, 43, 42
50, 38, 44, 43
51, 38, 45, 44
52, 38, 46, 45
53, 38, 47, 46
54, 38, 48, 47
55, 38, 49, 48
56, 38, 50, 49
57, 38, 51, 50
58, 38, 52, 51
59, 38, 53, 52
60, 38, 54, 53
61, 38, 55, 54
62, 38, 56, 55
63, 38, 57, 56
64, 38, 58, 57
65, 38, 59, 58
66, 38, 60, 59
67, 38, 61, 60
68, 38, 62, 61
69, 38, 63, 62
70, 38, 64, 63
71, 38, 65, 64
72, 38, 66, 65
73, 38, 67, 66
74, 38, 68, 67
75, 38, 69, 68
76, 38, 70, 69
77, 36, 75, 76
78, 36, 76, 5
79, 36, 75, 77
80, 36, 77, 35
81, 35, 77, 78
82, 35, 78, 34
83, 34, 78, 79
84, 34, 79, 33
85, 33, 79, 80
86, 33, 80, 32
87, 32, 80, 81
88, 32, 81, 31
89, 31, 81, 82
90, 31, 82, 30
91, 30, 82, 83
92, 30, 83, 29
93, 29, 83, 84
94, 29, 84, 28
95, 28, 84, 85
96, 28, 85, 27
97, 27, 85, 86
98, 27, 86, 26
99, 26, 86, 87
100, 26, 87, 25
101, 25, 87, 88
102, 25, 88, 24
103, 24, 88, 89
104, 24, 89, 23
105, 23, 89, 90
106, 23, 90, 22
107, 22, 90, 91
108, 22, 91, 21
109, 21, 91, 92
110, 21, 92, 20
111, 20, 92, 93
112, 20, 93, 19
113, 19, 93, 94
114, 19, 94, 18
115, 18, 94, 95
116, 18, 95, 17
117, 17, 95, 96
118, 17, 96, 16
119, 16, 96, 97
120, 16, 97, 15
121, 15, 97, 98
122, 15, 98, 14
123, 14, 98, 99
124, 14, 99, 13
125, 13, 99, 100
126, 13, 100, 12
127, 12, 100, 101
128, 12, 101, 11
129, 11, 101, 102
130, 11, 102, 10
131, 10, 102, 103
132, 10, 103, 9
133, 9, 103, 104
134, 9, 104, 8
135, 8, 104, 105
136, 8, 105, 7
137, 7, 105, 106
138, 7, 106, 6
139, 6, 106, 76
140, 6, 76, 5
141, 75, 107, 108
142, 75, 108, 76
143, 107, 39, 70
144, 107, 70, 108
145, 75, 107, 109
146, 75, 109, 77
147, 107, 39, 40
148, 107, 40, 109
149, 77, 109, 110
150, 77, 110, 78
151, 109, 40, 41
152, 109, 41, 110
153, 78, 110, 111
154, 78, 111, 79
155, 110, 41, 42
156, 110, 42, 111
157, 79, 111, 112
158, 79, 112, 80
159, 111, 42, 43
160, 111, 43, 112
161, 80, 112, 113
162, 80, 113, 81
163, 112, 43, 44
164, 112, 44, 113
165, 81, 113, 114
166, 81, 114, 82
167, 113, 44, 45
168, 113, 45, 114
169, 82, 114, 115
170, 82, 115, 83
171, 114, 45, 46
172, 114, 46, 115
173, 83, 115, 116
174, 83, 116, 84
175, 115, 46, 47
176, 115, 47, 116
177, 84, 116, 117
178, 84, 117, 85
179, 116, 47, 48
180, 116, 48, 117
181, 85, 117, 118
182, 85, 118, 86
183, 117, 48, 49
184, 117, 49, 118
185, 86, 118, 119
186, 86, 119, 87
187, 118, 49, 50
188, 118, 50, 119
189, 87, 119, 120
190, 87, 120, 88
191, 119, 50, 51
192, 119, 51, 120
193, 88, 120, 121
194, 88, 121, 89
195, 120, 51, 52
196, 120, 52, 121
197, 89, 121, 122
198, 89, 122, 90
199, 121, 52, 53
200, 121, 53, 122
201, 90, 122, 123
202, 90, 123, 91
203, 122, 53, 54
204, 122, 54, 123
205, 91, 123, 124
206, 91, 124, 92
207, 123, 54, 55
208, 123, 55, 124
209, 92, 124, 125
210, 92, 125, 93
211, 124, 55, 56
212, 124, 56, 125
213, 93, 125, 126
214, 93, 126, 94
215, 125, 56, 57
216, 125, 57, 126
217, 94, 126, 127
218, 94, 127, 95
219, 126, 57, 58
220, 126, 58, 127
221, 95, 127, 128
222, 95, 128, 96
223, 127, 58, 59
224, 127, 59, 128
225, 96, 128, 129
226, 96, 129, 97
227, 128, 59, 60
228, 128, 60, 129
229, 97, 129, 130
230, 97, 130, 98
231, 129, 60, 61
232, 129, 61, 130
233, 98, 130, 131
234, 98, 131, 99
235, 130, 61, 62
236, 130, 62, 131
237, 99, 131, 132
238, 99, 132, 100
239, 131, 62, 63
240, 131, 63, 132
241, 100, 132, 133
242, 100, 133, 101
243, 132, 63, 64
244, 132, 64, 133
245, 101, 133, 134
246, 101, 134, 102
247, 133, 64, 65
248, 133, 65, 134
249, 102, 134, 135
250, 102, 135, 103
251, 134, 65, 66
252, 134, 66, 135
253, 103, 135, 136
254, 103, 136, 104
255, 135, 66, 67
256, 135, 67, 136
257, 104, 136, 137
258, 104, 137, 105
259, 136, 67, 68
260, 136, 68, 137
261, 105, 137, 138
262, 105, 138, 106
263, 137, 68, 69
264, 137, 69, 138
265, 106, 138, 108
266, 106, 108, 76
267, 138, 69, 70
268, 138, 70, 108

Colors, 268
Triangle:, Red:, Green:, Blue:
1, 1, 1, 1
2, 1, 1, 1
3, 1, 1, 1
4, 1, 1, 1
5, 1, 1, 1
6, 1, 1, 1
7, 1, 1, 1
8, 1, 1, 1
9, 1, 1, 1
10, 1, 1, 1
11, 1, 1, 1
12, 1, 1, 1
13, 1, 1, 1
14, 1, 1, 1
15, 1, 1, 1
16, 1, 1, 1
17, 1, 1, 1
18, 1, 1, 1
19, 1, 1, 1
20, 1, 1, 1
21, 1, 1, 1
22, 1, 1, 1
23, 1, 1, 1
24, 1, 1, 1
25, 1, 1, 1
26, 1, 1, 1
27, 1, 1, 1
28, 1, 1, 1
29, 1, 1, 1
30, 1, 1, 1
31, 1, 1, 1
32, 1, 1, 1
33, 1, 1, 1
34, 1, 1, 1
35, 1, 1, 1
36, 1, 1, 1
37, 1, 1, 1
38, 1, 1, 1
39, 1, 1, 1
40, 1, 1, 1
41, 1, 1, 1
42, 1, 1, 1
43, 1, 1, 1
44, 1, 1, 1
45, 1, 1, 1
46, 1, 1, 1
47, 1, 1, 1
48, 1, 1, 1
49, 1, 1, 1
50, 1, 1, 1
51, 1, 1, 1
52, 1, 1, 1
53, 1, 1, 1
54, 1, 1, 1
55, 1, 1, 1
56, 1, 1, 1
57, 1, 1, 1
58, 1, 1, 1
59, 1, 1, 1
60, 1, 1, 1
61, 1, 1, 1
62, 1, 1, 1
63, 1, 1, 1
64, 1, 1, 1
65, 1, 1, 1
66, 1, 1, 1
67, 1, 1, 1
68, 1, 1, 1
69, 1, 1, 1
70, 1, 1, 1
71, 1, 1, 1
72, 1, 1, 1
73, 1, 1, 1
74, 1, 1, 1
75, 1, 1, 1
76, 1, 1, 1
77, 1, 1, 1
78, 1, 1, 1
79, 1, 1, 1
80, 1, 1, 1
81, 1, 1, 1
82, 1, 1, 1
83, 1, 1, 1
84, 1, 1, 1
85, 1, 1, 1
86, 1, 1, 1
87, 1, 1, 1
88, 1, 1, 1
89, 1, 1, 1
90, 1, 1, 1
91, 1, 1, 1
92, 1, 1, 1
93, 1, 1, 1
94, 1, 1, 1
95, 1, 1, 1
96, 1, 1, 1
97, 1, 1, 1
98, 1, 1, 1
99, 1, 1, 1
100, 1, 1, 1
101, 1, 1, 1
102, 1, 1, 1
103, 1, 1, 1
104, 1, 1, 1
105, 1, 1, 1
106, 1, 1, 1
107, 1, 1, 1
108, 1, 1, 1
109, 1, 1, 1
110, 1, 1, 1
111, 1, 1, 1
112, 1, 1, 1
113, 1, 1, 1
114, 1, 1, 1
115, 1, 1, 1
116, 1, 1, 1
117, 1, 1, 1
118, 1, 1, 1
119, 1, 1, 1
120, 1, 1, 1
121, 1, 1, 1
122, 1, 1, 1
123, 1, 1, 1
124, 1, 1, 1
125, 1, 1, 1
126, 1, 1, 1
127, 1, 1, 1
128, 1, 1, 1
129, 1, 1, 1
130, 1, 1, 1
131, 1, 1, 1
132, 1, 1, 1
133, 1, 1, 1
134, 1, 1, 1
135, 1, 1, 1
136, 1, 1, 1
137, 1, 1, 1
138, 1, 1, 1
139, 1, 1, 1
140, 1, 1, 1
141, 1, 1, 1
142, 1, 1, 1
143, 1, 1, 1
144, 1, 1, 1
145, 1, 1, 1
146, 1, 1, 1
147, 1, 1, 1
148, 1, 1, 1
149, 1, 1, 1
150, 1, 1, 1
151, 1, 1, 1
152, 1, 1, 1
153, 1, 1, 1
154, 1, 1, 1
155, 1, 1, 1
156, 1, 1, 1
157, 1, 1, 1
158, 1, 1, 1
159, 1, 1, 1
160, 1, 1, 1
161, 1, 1, 1
162, 1, 1, 1
163, 1, 1, 1
164, 1, 1, 1
165, 1, 1, 1
166, 1, 1, 1
167, 1, 1, 1
168, 1, 1, 1
169, 1, 1, 1
170, 1, 1, 1
171, 1, 1, 1
172, 1, 1, 1
173, 1, 1, 1
174, 1, 1, 1
175, 1, 1, 1
176, 1, 1, 1
177, 1, 1, 1
178, 1, 1, 1
179, 1, 1, 1
180, 1, 1, 1
181, 1, 1, 1
182, 1, 1, 1
183, 1, 1, 1
184, 1, 1, 1
185, 1, 1, 1
186, 1, 1, 1
187, 1, 1, 1
188, 1, 1, 1
189, 1, 1, 1
190, 1, 1, 1
191, 1, 1, 1
192, 1, 1, 1
193, 1, 1, 1
194, 1, 1, 1
195, 1, 1, 1
196, 1, 1, 1
197, 1, 1, 1
198, 1, 1, 1
199, 1, 1, 1
200, 1, 1, 1
201, 1, 1, 1
202, 1, 1, 1
203, 1, 1, 1
204, 1, 1, 1
205, 1, 1, 1
206, 1, 1, 1
207, 1, 1, 1
208, 1, 1, 1
209, 1, 1, 1
210, 1, 1, 1
211, 1, 1, 1
212, 1, 1, 1
213, 1, 1, 1
214, 1, 1, 1
215, 1, 1, 1
216, 1, 1, 1
217, 1, 1, 1
218, 1, 1, 1
219, 1, 1, 1
220, 1, 1, 1
221, 1, 1, 1
222, 1, 1, 1
223, 1, 1, 1
224, 1, 1, 1
225, 1, 1, 1
226, 1, 1, 1
227, 1, 1, 1
228, 1, 1, 1
229, 1, 1, 1
230, 1, 1, 1
231, 1, 1, 1
232, 1, 1, 1
233, 1, 1, 1
234, 1, 1, 1
235, 1, 1, 1
236, 1, 1, 1
237, 1, 1, 1
238, 1, 1, 1
239, 1, 1, 1
240, 1, 1, 1
241, 1, 1, 1
242, 1, 1, 1
243, 1, 1, 1
244, 1, 1, 1
245, 1, 1, 1
246, 1, 1, 1
247, 1, 1, 1
248, 1, 1, 1
249, 1, 1, 1
250, 1, 1, 1
251, 1, 1, 1
252, 1, 1, 1
253, 1, 1, 1
254, 1, 1, 1
255, 1, 1, 1
256, 1, 1, 1
257, 1, 1, 1
258, 1, 1, 1
259, 1, 1, 1
260, 1, 1, 1
261, 1, 1, 1
262, 1, 1, 1
263, 1, 1, 1
264, 1, 1, 1
265, 1, 1, 1
266, 1, 1, 1
267, 1, 1, 1
268, 1, 1, 1
