Objects, 1
Object:, First Vertice:, Vertices:, First Triangle:, Triangles:
Plane.003, 1, 5, 1, 10

Vertices, 5
Vertice:, X:, Y:, Z:
1, -0.028598308563232422, -2.015711188316345, -0.8417484760284424
2, -0.01592719554901123, -2.015711188316345, -0.8417484760284424
3, -0.022262752056121826, -2.0218268632888794, -1.1296985149383545
4, -0.015927255153656006, -2.021424889564514, -0.8416837453842163
5, -0.028598308563232422, -2.021424889564514, -0.8416837453842163

Triangles, 6
Triangle:, Side1:, Side2:, Side3:
1, 1, 3, 2
2, 3, 1, 5
3, 1, 2, 4
4, 1, 4, 5
5, 2, 3, 4
6, 3, 5, 4

Colors, 6
Triangle:, Red:, Green:, Blue:
1, 204, 204, 204
2, 204, 204, 204
3, 204, 204, 204
4, 204, 204, 204
5, 204, 204, 204
6, 204, 204, 204
