Objects, 1
Object:, First Vertice:, Vertices:, First Triangle:, Triangles:
Sphere.002, 1, 215, 1, 486

Vertices, 215
Vertice:, X:, Y:, Z:
1, 0.20278861559927464, -2.02635055501014, -1.468447936931625
2, 0.20372614078223705, -2.0263611637055874, -1.4735322864726186
3, 0.22906675095146056, -2.0266479225829244, -1.466229779296036
4, 0.20286070927977562, -2.0263513699173927, -1.4632783636916429
5, 0.20394005998969078, -2.026363584212959, -1.458222239278257
6, 0.2059849128127098, -2.0263867238536477, -1.4534737821668386
7, 0.20891689881682396, -2.026419903151691, -1.4492155890911818
8, 0.21262313053011894, -2.026461842469871, -1.4456111565232277
9, 0.21696135681122541, -2.026510934345424, -1.442799186334014
10, 0.22176471259444952, -2.0265652891248465, -1.4408875461667776
11, 0.22684872685931623, -2.0266228215768933, -1.4399498421698809
12, 0.23201797902584076, -2.026681317947805, -1.440022062510252
13, 0.23707377910614014, -2.0267385290935636, -1.4411014784127474
14, 0.24182193167507648, -2.026792259886861, -1.443146463483572
15, 0.2460798528045416, -2.0268404446542263, -1.4460786376148462
16, 0.24968405440449715, -2.0268812300637364, -1.4497851058840752
17, 0.2524958439171314, -2.026913048699498, -1.4541236087679863
18, 0.2544073611497879, -2.026934679597616, -1.45892727188766
19, 0.255345007404685, -2.0269452910870314, -1.4640116116497666
20, 0.2552727907896042, -2.026944473385811, -1.4691811942029744
21, 0.254193440079689, -2.0269322590902448, -1.4742373190820217
22, 0.25214858725667, -2.026909119449556, -1.4789857752621174
23, 0.24921660125255585, -2.0268759401515126, -1.4832439683377743
24, 0.245510371401906, -2.0268340008333325, -1.4868484009057283
25, 0.24117214512079954, -2.0267849089577794, -1.4896603748202324
26, 0.23636878933757544, -2.0267305532470345, -1.4915720112621784
27, 0.23128477483987808, -2.026673022657633, -1.4925097171217203
28, 0.22611552313901484, -2.0266145262867212, -1.4924374967813492
29, 0.22105972282588482, -2.02655731420964, -1.4913580808788538
30, 0.2163115693256259, -2.0265035834163427, -1.489313093945384
31, 0.21205364912748337, -2.0264553986489773, -1.486380921676755
32, 0.2084494475275278, -2.026414613239467, -1.482674453407526
33, 0.20563765428960323, -2.0263827946037054, -1.4783359505236149
34, 0.22490629833191633, -2.009526116773486, -1.4697023543994874
35, 0.22510096081532538, -2.0095283202826977, -1.469902578741312
36, 0.2251946241594851, -2.0097505301237106, -1.4710419829934835
37, 0.22507308633066714, -2.0095070227980614, -1.4695695005357265
38, 0.2239581746980548, -2.0111399590969086, -1.4757912047207355
39, 0.22564074443653226, -2.011158999055624, -1.4765159199014306
40, 0.22570409486070275, -2.0115408524870872, -1.477317612618208
41, 0.22537472285330296, -2.010273665189743, -1.4732457171194255
42, 0.2335148872807622, -2.009623533114791, -1.4698225799947977
43, 0.2334854775108397, -2.0096232015639544, -1.4698511431924999
44, 0.2334806751459837, -2.0096187368035316, -1.4697936496231705
45, 0.23285251576453447, -2.0096160378307104, -1.4619745672680438
46, 0.23281873506493866, -2.009615655988455, -1.461951338686049
47, 0.23265543300658464, -2.010057294741273, -1.4600759311579168
48, 0.23282363754697144, -2.009611302986741, -1.4620088315568864
49, 0.23143031657673419, -2.0174130629748106, -1.4461712762713432
50, 0.23141363519243896, -2.0172794703394175, -1.446332762017846
51, 0.2313984609209001, -2.017412703484297, -1.4461708571761847
52, 0.23181642731651664, -2.0138670336455107, -1.4506471017375588
53, 0.22396767232567072, -2.011140065267682, -1.4566927617415786
54, 0.2224303730763495, -2.0111226681619883, -1.4576892703771591
55, 0.21932348795235157, -2.0137256626039743, -1.4538308717310429
56, 0.22438586922362447, -2.0095202289521694, -1.4635361270047724
57, 0.2245442192070186, -2.009522018954158, -1.4633061040658504
58, 0.22457256820052862, -2.0095013584941626, -1.4636391832027584
59, 0.2264665423426777, -2.021682918071747, -1.4898160640150309
60, 0.22638601483777165, -2.0173559822142124, -1.4861757885664701
61, 0.2264852887019515, -2.0189989618957043, -1.4875721279531717
62, 0.22674341849051416, -2.0190018825232983, -1.4876271449029446
63, 0.2322779295500368, -2.0112341046333313, -1.4557614717632532
64, 0.2325582387857139, -2.0112372767180204, -1.4558213148266077
65, 0.23234307998791337, -2.0110173895955086, -1.4565042471513152
66, 0.23139566066674888, -2.0174474827945232, -1.4461423456668854
67, 0.23139554425142705, -2.0174489114433527, -1.4461411572992802
68, 0.23476028023287654, -2.0174507461488247, -1.4856258686631918
69, 0.23472894541919231, -2.0174503922462463, -1.485631624236703
70, 0.23471679026260972, -2.0173168517649174, -1.4854697175323963
71, 0.23649127315729856, -2.013919936493039, -1.4803196592256427
72, 0.2343913223594427, -2.0138961728662252, -1.4811553778126836
73, 0.23425583401694894, -2.0112564880400896, -1.4759350251406431
74, 0.2339895204640925, -2.011253474280238, -1.4760410087183118
75, 0.23392929043620825, -2.0110353399068117, -1.475298235192895
76, 0.2336387438699603, -2.0100684221833944, -1.4717265502549708
77, 0.22425366006791592, -2.0102609787136316, -1.4599629659205675
78, 0.22482383344322443, -2.00941526517272, -1.4666043413453735
79, 0.22444555116817355, -2.0097420513629913, -1.4621667005121708
80, 0.23337258817628026, -2.009536089375615, -1.468502079602331
81, 0.2317786489147693, -2.021743029356003, -1.4426434952765703
82, 0.23129829159006476, -2.0186585783958435, -1.445151187479496
83, 0.23126656422391534, -2.019053066149354, -1.4448282066732645
84, 0.2219321569427848, -2.0137551818042994, -1.4521399019286036
85, 0.22350086644291878, -2.0137729328125715, -1.4515155535191298
86, 0.2238956969231367, -2.0115203876048326, -1.4558910699561238
87, 0.22604785044677556, -2.013801757246256, -1.481693129055202
88, 0.233153959736228, -2.0094556473195553, -1.4659012411430012
89, 0.23321922169998288, -2.009463895112276, -1.4666754938662052
90, 0.22439669026061893, -2.013783071190119, -1.4813405713066459
91, 0.22371093416586518, -2.0095125902444124, -1.4666981771588326
92, 0.223908971529454, -2.009514831006527, -1.467771797440946
93, 0.218745157122612, -2.0110809672623873, -1.4692545922007412
94, 0.21835674904286861, -2.011076571419835, -1.4671485760482028
95, 0.21397325210273266, -2.0136651191860437, -1.4706211499869823
96, 0.2134094387292862, -2.0136587396264076, -1.4675636627944186
97, 0.20977669768035412, -2.017168026417494, -1.4718188755214214
98, 0.2090591210871935, -2.0171599071472883, -1.4679274852387607
99, 0.20631669089198112, -2.0214548986405134, -1.4728018743917346
100, 0.20547280833125114, -2.0214453507214785, -1.4682260765694082
101, 0.20803692564368248, -2.021474365144968, -1.4771250858902931
102, 0.21123970486223698, -2.0171845834702253, -1.475495409220457
103, 0.2151227369904518, -2.013678126037121, -1.4735098057426512
104, 0.21953694242984056, -2.0110899284482002, -1.4712443710304797
105, 0.22431255131959915, -2.009519398212433, -1.468786196084693
106, 0.22070159949362278, -2.011103106662631, -1.4730414096266031
107, 0.21681359875947237, -2.013697260990739, -1.476118640974164
108, 0.21339174453169107, -2.0172089375555515, -1.4788160156458616
109, 0.21056757867336273, -2.0215030033141375, -1.481029604561627
110, 0.21381116285920143, -2.021539708599448, -1.4843653831630945
111, 0.216150245629251, -2.0172401536256075, -1.4816528353840113
112, 0.21898092981427908, -2.013721786439419, -1.4783476190641522
113, 0.2221945426426828, -2.0111200008541346, -1.4745766147971153
114, 0.2215415113605559, -2.0137507617473602, -1.4801108092069626
115, 0.21940912399441004, -2.017277030274272, -1.4838969875127077
116, 0.2176432153210044, -2.0215830728411674, -1.487004155293107
117, 0.22191642643883824, -2.0216314289718866, -1.4888446982949972
118, 0.22304325737059116, -2.017318155616522, -1.4854621272534132
119, 0.23111876309849322, -2.0217355638742447, -1.489881083369255
120, 0.23569426778703928, -2.021787339821458, -1.4890371430665255
121, 0.24001720361411572, -2.021836258471012, -1.4873167965561152
122, 0.2384365787729621, -2.0174923483282328, -1.4841627646237612
123, 0.23605275712907314, -2.0112768225371838, -1.4747702926397324
124, 0.23909994214773178, -2.013949455693364, -1.4786286894232035
125, 0.24175697192549706, -2.017529923468828, -1.4820105880498886
126, 0.24392147175967693, -2.021880440413952, -1.4847859870642424
127, 0.24725703708827496, -2.021918186917901, -1.4815421905368567
128, 0.24459361098706722, -2.017562022432685, -1.479251909069717
129, 0.2413287777453661, -2.01397467777133, -1.4764612205326557
130, 0.23758786357939243, -2.0112941935658455, -1.4732772530987859
131, 0.23413402354344726, -2.009630538523197, -1.4689234346151352
132, 0.23880237620323896, -2.0113079380244017, -1.4715135088190436
133, 0.2430918551981449, -2.0139946304261684, -1.4739004727452993
134, 0.24683761782944202, -2.0175874158740044, -1.475992824882269
135, 0.24989563785493374, -2.021948045119643, -1.477709892205894
136, 0.25173606537282467, -2.0219688722863793, -1.4734364082105458
137, 0.2484026588499546, -2.017605124041438, -1.4723584572784603
138, 0.24432153906673193, -2.014008544385433, -1.4710451127029955
139, 0.2396493637934327, -2.0113175231963396, -1.4695466663688421
140, 0.2345658177509904, -2.0096354261040688, -1.4679207096341997
141, 0.2347936681471765, -2.0096380040049553, -1.4668530113995075
142, 0.2400964479893446, -2.011322582140565, -1.4674523131689057
143, 0.24497060663998127, -2.0140158906579018, -1.4680046387948096
144, 0.24922876246273518, -2.017614472657442, -1.4684886974282563
145, 0.2527073696255684, -2.021979863755405, -1.4688860019668937
146, 0.25277238339185715, -2.021980599500239, -1.4642334829550236
147, 0.24928396567702293, -2.0176150985062122, -1.464532075333409
148, 0.2450139932334423, -2.014016380533576, -1.4648958976613358
149, 0.24012638069689274, -2.011322921141982, -1.4653109853388742
150, 0.23480895906686783, -2.009638177230954, -1.4657613845192827
151, 0.23461092123761773, -2.0096359364688396, -1.4646877641789615
152, 0.23973797261714935, -2.01131852529943, -1.4632049691863358
153, 0.2444501779973507, -2.01401000097394, -1.4618384116329253
154, 0.24856639094650745, -2.0176069773733616, -1.460640684235841
155, 0.25192850083112717, -2.0219710478559136, -1.4596576858311892
156, 0.25020826421678066, -2.0219515822827816, -1.455334473401308
157, 0.24710338190197945, -2.0175904221832752, -1.4569641510024667
158, 0.24330069217830896, -2.0139969922602177, -1.4589497549459338
159, 0.23894618824124336, -2.011309565976262, -1.4612151901237667
160, 0.23420734191313386, -2.0096313692629337, -1.4636733655352145
161, 0.2336135944351554, -2.0096246507018805, -1.4627572072204202
162, 0.237781529314816, -2.011296385899186, -1.459418152924627
163, 0.24160983134061098, -2.0139778591692448, -1.4563409201800823
164, 0.24495134130120277, -2.017566069960594, -1.4536435445770621
165, 0.2476776149123907, -2.021922944113612, -1.4514299547299743
166, 0.24443402793258429, -2.0218862406909466, -1.4480941779911518
167, 0.24219284020364285, -2.017534853890538, -1.45080672390759
168, 0.23944250121712685, -2.0139533318579197, -1.4541119411587715
169, 0.2362885857000947, -2.0112794898450375, -1.457882946357131
170, 0.23452495550736785, -2.0112595334649086, -1.4566683564335108
171, 0.23688191827386618, -2.0139243565499783, -1.4523487519472837
172, 0.23893396276980639, -2.0174979753792286, -1.4485625736415386
173, 0.24060197547078133, -2.0218428764492273, -1.4454554058611393
174, 0.23632876435294747, -2.021794520318508, -1.443614860996604
175, 0.2352998279966414, -2.017456851899624, -1.4469974339008331
176, 0.23402673937380314, -2.0138920452445745, -1.4511189889162779
177, 0.22712642815895379, -2.02169038541615, -1.4425784777849913
178, 0.22255092347040772, -2.0216386076062918, -1.4434224143624306
179, 0.21822798717767, -2.0215896889567375, -1.4451427608728409
180, 0.21658611483871937, -2.0172450840473175, -1.4504489731043577
181, 0.21990650705993176, -2.017282659187913, -1.44829679466784
182, 0.21432371903210878, -2.0215455070137978, -1.447673574090004
183, 0.21098815463483334, -2.0215077605098486, -1.4509173687547445
184, 0.21374947484582663, -2.017212985083461, -1.4532076511532068
185, 0.21709465235471725, -2.0137004386633635, -1.455998339690268
186, 0.22089526522904634, -2.0111052971333265, -1.4591823085211217
187, 0.2196807535365224, -2.0110915526747704, -1.4609460523352027
188, 0.21533157490193844, -2.013680489733815, -1.4585590874776244
189, 0.21150546707212925, -2.0171875916421413, -1.4564667362719774
190, 0.20834955386817455, -2.0214779023081064, -1.4547496670857072
191, 0.20650912448763847, -2.021457076072693, -1.4590231510810554
192, 0.20994042791426182, -2.0171698797494173, -1.4601011029444635
193, 0.21410189103335142, -2.0136665757745504, -1.4614144484512508
194, 0.21883376687765121, -2.0110819693654776, -1.4629128950182348
195, 0.2239540759474039, -2.009515343233943, -1.4645388519857079
196, 0.2237262250855565, -2.0095127634704113, -1.4656065503368154
197, 0.21838668175041676, -2.0110769122838974, -1.4650072482181713
198, 0.2134528225287795, -2.013659229502082, -1.4644549217773601
199, 0.2091143261641264, -2.0171605311334133, -1.4639708625618368
200, 0.2055378220975399, -2.0214460846036673, -1.4635735577903688
201, 0.22489823680371046, -2.0094246938824654, -1.467487047193572
202, 0.22474923636764288, -2.0094230081886053, -1.4657216359046288
203, 0.2249785610474646, -2.0094531401991844, -1.4684424500446767
204, 0.23482368793338537, -2.019093319773674, -1.486974272876978
205, 0.23328967858105898, -2.009488895535469, -1.4675135357538238
206, 0.23308852780610323, -2.0094624161720276, -1.465126988128759
207, 0.23301752377301455, -2.0094858147203922, -1.464288946473971
208, 0.2329335669055581, -2.009531121701002, -1.463300401577726
209, 0.22319118725135922, -2.0189616847783327, -1.4455390479415655
210, 0.22294593043625355, -2.018958907574415, -1.4456365518271923
211, 0.22447160724550486, -2.0096839293837547, -1.462467588018626
212, 0.22466828860342503, -2.009449629113078, -1.464766232529655
213, 0.230963880661875, -2.0190496426075697, -1.487686138600111
214, 0.2273420519195497, -2.019008655101061, -1.4447734225541353
215, 0.2230823584832251, -2.017318597063422, -1.447032891213894

Triangles, 424
Triangle:, Side1:, Side2:, Side3:
1, 1, 2, 3
2, 4, 1, 3
3, 5, 4, 3
4, 6, 5, 3
5, 7, 6, 3
6, 8, 7, 3
7, 9, 8, 3
8, 10, 9, 3
9, 11, 10, 3
10, 12, 11, 3
11, 13, 12, 3
12, 14, 13, 3
13, 15, 14, 3
14, 16, 15, 3
15, 17, 16, 3
16, 18, 17, 3
17, 19, 18, 3
18, 20, 19, 3
19, 21, 20, 3
20, 22, 21, 3
21, 23, 22, 3
22, 24, 23, 3
23, 25, 24, 3
24, 26, 25, 3
25, 27, 26, 3
26, 28, 27, 3
27, 29, 28, 3
28, 30, 29, 3
29, 31, 30, 3
30, 32, 31, 3
31, 33, 32, 3
32, 2, 33, 3
33, 34, 35, 36
34, 35, 34, 37
35, 38, 39, 40
36, 39, 38, 41
37, 42, 43, 44
38, 45, 46, 47
39, 46, 45, 48
40, 49, 50, 51
41, 52, 50, 49
42, 53, 54, 55
43, 56, 57, 58
44, 59, 60, 61
45, 62, 59, 61
46, 63, 64, 65
47, 49, 66, 67
48, 49, 51, 66
49, 68, 69, 70
50, 71, 70, 72
51, 73, 74, 75
52, 42, 76, 43
53, 53, 77, 54
54, 78, 79, 77
55, 76, 75, 74
56, 70, 80, 44
57, 81, 82, 83
58, 84, 85, 86
59, 86, 85, 78
60, 36, 87, 41
61, 88, 89, 70
62, 90, 40, 87
63, 91, 92, 93
64, 91, 93, 94
65, 94, 93, 95
66, 94, 95, 96
67, 96, 95, 97
68, 96, 97, 98
69, 98, 97, 99
70, 98, 99, 100
71, 2, 1, 100
72, 2, 100, 99
73, 99, 101, 33
74, 99, 33, 2
75, 97, 102, 101
76, 97, 101, 99
77, 95, 103, 102
78, 95, 102, 97
79, 93, 104, 103
80, 93, 103, 95
81, 92, 105, 104
82, 92, 104, 93
83, 105, 34, 106
84, 105, 106, 104
85, 104, 106, 107
86, 104, 107, 103
87, 103, 107, 108
88, 103, 108, 102
89, 102, 108, 109
90, 102, 109, 101
91, 101, 109, 32
92, 101, 32, 33
93, 109, 110, 31
94, 109, 31, 32
95, 108, 111, 110
96, 108, 110, 109
97, 107, 112, 111
98, 107, 111, 108
99, 106, 113, 112
100, 106, 112, 107
101, 34, 36, 113
102, 34, 113, 106
103, 113, 38, 114
104, 113, 114, 112
105, 112, 114, 115
106, 112, 115, 111
107, 111, 115, 116
108, 111, 116, 110
109, 110, 116, 30
110, 110, 30, 31
111, 116, 117, 29
112, 116, 29, 30
113, 115, 118, 117
114, 115, 117, 116
115, 114, 90, 118
116, 114, 118, 115
117, 38, 40, 90
118, 38, 90, 114
119, 118, 60, 59
120, 118, 59, 117
121, 117, 59, 28
122, 117, 28, 29
123, 59, 119, 27
124, 59, 27, 28
125, 119, 120, 26
126, 119, 26, 27
127, 120, 121, 25
128, 120, 25, 26
129, 68, 122, 121
130, 68, 121, 120
131, 73, 123, 124
132, 73, 124, 71
133, 71, 124, 125
134, 71, 125, 122
135, 122, 125, 126
136, 122, 126, 121
137, 121, 126, 24
138, 121, 24, 25
139, 126, 127, 23
140, 126, 23, 24
141, 125, 128, 127
142, 125, 127, 126
143, 124, 129, 128
144, 124, 128, 125
145, 123, 130, 129
146, 123, 129, 124
147, 42, 131, 132
148, 42, 132, 130
149, 130, 132, 133
150, 130, 133, 129
151, 129, 133, 134
152, 129, 134, 128
153, 128, 134, 135
154, 128, 135, 127
155, 127, 135, 22
156, 127, 22, 23
157, 135, 136, 21
158, 135, 21, 22
159, 134, 137, 136
160, 134, 136, 135
161, 133, 138, 137
162, 133, 137, 134
163, 132, 139, 138
164, 132, 138, 133
165, 131, 140, 139
166, 131, 139, 132
167, 140, 141, 142
168, 140, 142, 139
169, 139, 142, 143
170, 139, 143, 138
171, 138, 143, 144
172, 138, 144, 137
173, 137, 144, 145
174, 137, 145, 136
175, 136, 145, 20
176, 136, 20, 21
177, 145, 146, 19
178, 145, 19, 20
179, 144, 147, 146
180, 144, 146, 145
181, 143, 148, 147
182, 143, 147, 144
183, 142, 149, 148
184, 142, 148, 143
185, 141, 150, 149
186, 141, 149, 142
187, 150, 151, 152
188, 150, 152, 149
189, 149, 152, 153
190, 149, 153, 148
191, 148, 153, 154
192, 148, 154, 147
193, 147, 154, 155
194, 147, 155, 146
195, 146, 155, 18
196, 146, 18, 19
197, 155, 156, 17
198, 155, 17, 18
199, 154, 157, 156
200, 154, 156, 155
201, 153, 158, 157
202, 153, 157, 154
203, 152, 159, 158
204, 152, 158, 153
205, 151, 160, 159
206, 151, 159, 152
207, 160, 161, 162
208, 160, 162, 159
209, 159, 162, 163
210, 159, 163, 158
211, 158, 163, 164
212, 158, 164, 157
213, 157, 164, 165
214, 157, 165, 156
215, 156, 165, 16
216, 156, 16, 17
217, 165, 166, 15
218, 165, 15, 16
219, 164, 167, 166
220, 164, 166, 165
221, 163, 168, 167
222, 163, 167, 164
223, 162, 169, 168
224, 162, 168, 163
225, 161, 45, 169
226, 161, 169, 162
227, 45, 47, 170
228, 45, 170, 169
229, 169, 170, 171
230, 169, 171, 168
231, 168, 171, 172
232, 168, 172, 167
233, 167, 172, 173
234, 167, 173, 166
235, 166, 173, 14
236, 166, 14, 15
237, 173, 174, 13
238, 173, 13, 14
239, 172, 175, 174
240, 172, 174, 173
241, 171, 176, 175
242, 171, 175, 172
243, 170, 64, 176
244, 170, 176, 171
245, 176, 52, 49
246, 176, 49, 175
247, 175, 49, 81
248, 175, 81, 174
249, 174, 81, 12
250, 174, 12, 13
251, 81, 177, 11
252, 81, 11, 12
253, 177, 178, 10
254, 177, 10, 11
255, 178, 179, 9
256, 178, 9, 10
257, 84, 55, 180
258, 84, 180, 181
259, 181, 180, 182
260, 181, 182, 179
261, 179, 182, 8
262, 179, 8, 9
263, 182, 183, 7
264, 182, 7, 8
265, 180, 184, 183
266, 180, 183, 182
267, 55, 185, 184
268, 55, 184, 180
269, 54, 186, 185
270, 54, 185, 55
271, 186, 187, 188
272, 186, 188, 185
273, 185, 188, 189
274, 185, 189, 184
275, 184, 189, 190
276, 184, 190, 183
277, 183, 190, 6
278, 183, 6, 7
279, 190, 191, 5
280, 190, 5, 6
281, 189, 192, 191
282, 189, 191, 190
283, 188, 193, 192
284, 188, 192, 189
285, 187, 194, 193
286, 187, 193, 188
287, 56, 195, 194
288, 56, 194, 187
289, 195, 196, 197
290, 195, 197, 194
291, 194, 197, 198
292, 194, 198, 193
293, 193, 198, 199
294, 193, 199, 192
295, 192, 199, 200
296, 192, 200, 191
297, 191, 200, 4
298, 191, 4, 5
299, 1, 4, 200
300, 1, 200, 100
301, 199, 98, 100
302, 199, 100, 200
303, 198, 96, 98
304, 198, 98, 199
305, 197, 94, 96
306, 197, 96, 198
307, 196, 91, 94
308, 196, 94, 197
309, 91, 78, 201
310, 91, 201, 92
311, 78, 91, 196
312, 78, 196, 202
313, 105, 92, 201
314, 105, 201, 203
315, 105, 203, 37
316, 105, 37, 34
317, 38, 113, 36
318, 38, 36, 41
319, 37, 87, 36
320, 37, 36, 35
321, 41, 87, 40
322, 41, 40, 39
323, 69, 68, 120
324, 69, 120, 204
325, 122, 68, 70
326, 122, 70, 71
327, 123, 73, 75
328, 123, 75, 76
329, 130, 123, 76
330, 130, 76, 42
331, 131, 42, 44
332, 131, 44, 80
333, 140, 131, 80
334, 140, 80, 205
335, 141, 140, 205
336, 141, 205, 89
337, 151, 150, 88
338, 151, 88, 206
339, 151, 206, 207
340, 151, 207, 160
341, 161, 160, 207
342, 161, 207, 208
343, 88, 52, 207
344, 88, 207, 206
345, 161, 208, 48
346, 161, 48, 45
347, 64, 170, 47
348, 64, 47, 65
349, 48, 52, 47
350, 48, 47, 46
351, 178, 209, 210
352, 178, 210, 179
353, 55, 84, 86
354, 55, 86, 53
355, 186, 54, 77
356, 186, 77, 79
357, 187, 186, 79
358, 187, 79, 211
359, 57, 56, 187
360, 57, 187, 211
361, 195, 56, 58
362, 195, 58, 212
363, 79, 78, 58
364, 79, 58, 57
365, 196, 195, 212
366, 196, 212, 202
367, 78, 202, 212
368, 78, 212, 58
369, 60, 78, 210
370, 60, 210, 61
371, 205, 80, 70
372, 205, 70, 89
373, 49, 67, 82
374, 49, 82, 81
375, 51, 69, 82
376, 51, 82, 66
377, 90, 87, 60
378, 90, 60, 118
379, 59, 62, 213
380, 59, 213, 119
381, 61, 210, 213
382, 61, 213, 62
383, 69, 51, 50
384, 69, 50, 52
385, 213, 204, 120
386, 213, 120, 119
387, 71, 72, 74
388, 71, 74, 73
389, 70, 76, 74
390, 70, 74, 72
391, 76, 70, 44
392, 76, 44, 43
393, 141, 89, 88
394, 141, 88, 150
395, 69, 52, 88
396, 69, 88, 70
397, 64, 63, 52
398, 64, 52, 176
399, 214, 209, 178
400, 214, 178, 177
401, 179, 210, 215
402, 179, 215, 181
403, 78, 85, 215
404, 78, 215, 210
405, 181, 215, 85
406, 181, 85, 84
407, 78, 77, 53
408, 78, 53, 86
409, 203, 60, 87
410, 203, 87, 37
411, 52, 48, 208
412, 52, 208, 207
413, 204, 83, 82
414, 204, 82, 69
415, 81, 83, 214
416, 81, 214, 177
417, 209, 214, 213
418, 209, 213, 210
419, 60, 203, 201
420, 60, 201, 78
421, 52, 63, 65
422, 52, 65, 47
423, 213, 214, 83
424, 213, 83, 204

Colors, 424
Triangle:, Red:, Green:, Blue:
1, 58, 1, 2
2, 58, 1, 2
3, 58, 1, 2
4, 58, 1, 2
5, 58, 1, 2
6, 58, 1, 2
7, 58, 1, 2
8, 58, 1, 2
9, 58, 1, 2
10, 58, 1, 2
11, 58, 1, 2
12, 58, 1, 2
13, 58, 1, 2
14, 58, 1, 2
15, 58, 1, 2
16, 58, 1, 2
17, 58, 1, 2
18, 58, 1, 2
19, 58, 1, 2
20, 58, 1, 2
21, 58, 1, 2
22, 58, 1, 2
23, 58, 1, 2
24, 58, 1, 2
25, 58, 1, 2
26, 58, 1, 2
27, 58, 1, 2
28, 58, 1, 2
29, 58, 1, 2
30, 58, 1, 2
31, 58, 1, 2
32, 58, 1, 2
33, 58, 1, 2
34, 58, 1, 2
35, 58, 1, 2
36, 58, 1, 2
37, 58, 1, 2
38, 58, 1, 2
39, 58, 1, 2
40, 58, 1, 2
41, 58, 1, 2
42, 58, 1, 2
43, 58, 1, 2
44, 58, 1, 2
45, 58, 1, 2
46, 58, 1, 2
47, 58, 1, 2
48, 58, 1, 2
49, 58, 1, 2
50, 58, 1, 2
51, 58, 1, 2
52, 58, 1, 2
53, 58, 1, 2
54, 58, 1, 2
55, 58, 1, 2
56, 58, 1, 2
57, 58, 1, 2
58, 58, 1, 2
59, 58, 1, 2
60, 58, 1, 2
61, 58, 1, 2
62, 58, 1, 2
63, 58, 1, 2
64, 58, 1, 2
65, 58, 1, 2
66, 58, 1, 2
67, 58, 1, 2
68, 58, 1, 2
69, 58, 1, 2
70, 58, 1, 2
71, 58, 1, 2
72, 58, 1, 2
73, 58, 1, 2
74, 58, 1, 2
75, 58, 1, 2
76, 58, 1, 2
77, 58, 1, 2
78, 58, 1, 2
79, 58, 1, 2
80, 58, 1, 2
81, 58, 1, 2
82, 58, 1, 2
83, 58, 1, 2
84, 58, 1, 2
85, 58, 1, 2
86, 58, 1, 2
87, 58, 1, 2
88, 58, 1, 2
89, 58, 1, 2
90, 58, 1, 2
91, 58, 1, 2
92, 58, 1, 2
93, 58, 1, 2
94, 58, 1, 2
95, 58, 1, 2
96, 58, 1, 2
97, 58, 1, 2
98, 58, 1, 2
99, 58, 1, 2
100, 58, 1, 2
101, 58, 1, 2
102, 58, 1, 2
103, 58, 1, 2
104, 58, 1, 2
105, 58, 1, 2
106, 58, 1, 2
107, 58, 1, 2
108, 58, 1, 2
109, 58, 1, 2
110, 58, 1, 2
111, 58, 1, 2
112, 58, 1, 2
113, 58, 1, 2
114, 58, 1, 2
115, 58, 1, 2
116, 58, 1, 2
117, 58, 1, 2
118, 58, 1, 2
119, 58, 1, 2
120, 58, 1, 2
121, 58, 1, 2
122, 58, 1, 2
123, 58, 1, 2
124, 58, 1, 2
125, 58, 1, 2
126, 58, 1, 2
127, 58, 1, 2
128, 58, 1, 2
129, 58, 1, 2
130, 58, 1, 2
131, 58, 1, 2
132, 58, 1, 2
133, 58, 1, 2
134, 58, 1, 2
135, 58, 1, 2
136, 58, 1, 2
137, 58, 1, 2
138, 58, 1, 2
139, 58, 1, 2
140, 58, 1, 2
141, 58, 1, 2
142, 58, 1, 2
143, 58, 1, 2
144, 58, 1, 2
145, 58, 1, 2
146, 58, 1, 2
147, 58, 1, 2
148, 58, 1, 2
149, 58, 1, 2
150, 58, 1, 2
151, 58, 1, 2
152, 58, 1, 2
153, 58, 1, 2
154, 58, 1, 2
155, 58, 1, 2
156, 58, 1, 2
157, 58, 1, 2
158, 58, 1, 2
159, 58, 1, 2
160, 58, 1, 2
161, 58, 1, 2
162, 58, 1, 2
163, 58, 1, 2
164, 58, 1, 2
165, 58, 1, 2
166, 58, 1, 2
167, 58, 1, 2
168, 58, 1, 2
169, 58, 1, 2
170, 58, 1, 2
171, 58, 1, 2
172, 58, 1, 2
173, 58, 1, 2
174, 58, 1, 2
175, 58, 1, 2
176, 58, 1, 2
177, 58, 1, 2
178, 58, 1, 2
179, 58, 1, 2
180, 58, 1, 2
181, 58, 1, 2
182, 58, 1, 2
183, 58, 1, 2
184, 58, 1, 2
185, 58, 1, 2
186, 58, 1, 2
187, 58, 1, 2
188, 58, 1, 2
189, 58, 1, 2
190, 58, 1, 2
191, 58, 1, 2
192, 58, 1, 2
193, 58, 1, 2
194, 58, 1, 2
195, 58, 1, 2
196, 58, 1, 2
197, 58, 1, 2
198, 58, 1, 2
199, 58, 1, 2
200, 58, 1, 2
201, 58, 1, 2
202, 58, 1, 2
203, 58, 1, 2
204, 58, 1, 2
205, 58, 1, 2
206, 58, 1, 2
207, 58, 1, 2
208, 58, 1, 2
209, 58, 1, 2
210, 58, 1, 2
211, 58, 1, 2
212, 58, 1, 2
213, 58, 1, 2
214, 58, 1, 2
215, 58, 1, 2
216, 58, 1, 2
217, 58, 1, 2
218, 58, 1, 2
219, 58, 1, 2
220, 58, 1, 2
221, 58, 1, 2
222, 58, 1, 2
223, 58, 1, 2
224, 58, 1, 2
225, 58, 1, 2
226, 58, 1, 2
227, 58, 1, 2
228, 58, 1, 2
229, 58, 1, 2
230, 58, 1, 2
231, 58, 1, 2
232, 58, 1, 2
233, 58, 1, 2
234, 58, 1, 2
235, 58, 1, 2
236, 58, 1, 2
237, 58, 1, 2
238, 58, 1, 2
239, 58, 1, 2
240, 58, 1, 2
241, 58, 1, 2
242, 58, 1, 2
243, 58, 1, 2
244, 58, 1, 2
245, 58, 1, 2
246, 58, 1, 2
247, 58, 1, 2
248, 58, 1, 2
249, 58, 1, 2
250, 58, 1, 2
251, 58, 1, 2
252, 58, 1, 2
253, 58, 1, 2
254, 58, 1, 2
255, 58, 1, 2
256, 58, 1, 2
257, 58, 1, 2
258, 58, 1, 2
259, 58, 1, 2
260, 58, 1, 2
261, 58, 1, 2
262, 58, 1, 2
263, 58, 1, 2
264, 58, 1, 2
265, 58, 1, 2
266, 58, 1, 2
267, 58, 1, 2
268, 58, 1, 2
269, 58, 1, 2
270, 58, 1, 2
271, 58, 1, 2
272, 58, 1, 2
273, 58, 1, 2
274, 58, 1, 2
275, 58, 1, 2
276, 58, 1, 2
277, 58, 1, 2
278, 58, 1, 2
279, 58, 1, 2
280, 58, 1, 2
281, 58, 1, 2
282, 58, 1, 2
283, 58, 1, 2
284, 58, 1, 2
285, 58, 1, 2
286, 58, 1, 2
287, 58, 1, 2
288, 58, 1, 2
289, 58, 1, 2
290, 58, 1, 2
291, 58, 1, 2
292, 58, 1, 2
293, 58, 1, 2
294, 58, 1, 2
295, 58, 1, 2
296, 58, 1, 2
297, 58, 1, 2
298, 58, 1, 2
299, 58, 1, 2
300, 58, 1, 2
301, 58, 1, 2
302, 58, 1, 2
303, 58, 1, 2
304, 58, 1, 2
305, 58, 1, 2
306, 58, 1, 2
307, 58, 1, 2
308, 58, 1, 2
309, 58, 1, 2
310, 58, 1, 2
311, 58, 1, 2
312, 58, 1, 2
313, 58, 1, 2
314, 58, 1, 2
315, 58, 1, 2
316, 58, 1, 2
317, 58, 1, 2
318, 58, 1, 2
319, 58, 1, 2
320, 58, 1, 2
321, 58, 1, 2
322, 58, 1, 2
323, 58, 1, 2
324, 58, 1, 2
325, 58, 1, 2
326, 58, 1, 2
327, 58, 1, 2
328, 58, 1, 2
329, 58, 1, 2
330, 58, 1, 2
331, 58, 1, 2
332, 58, 1, 2
333, 58, 1, 2
334, 58, 1, 2
335, 58, 1, 2
336, 58, 1, 2
337, 58, 1, 2
338, 58, 1, 2
339, 58, 1, 2
340, 58, 1, 2
341, 58, 1, 2
342, 58, 1, 2
343, 58, 1, 2
344, 58, 1, 2
345, 58, 1, 2
346, 58, 1, 2
347, 58, 1, 2
348, 58, 1, 2
349, 58, 1, 2
350, 58, 1, 2
351, 58, 1, 2
352, 58, 1, 2
353, 58, 1, 2
354, 58, 1, 2
355, 58, 1, 2
356, 58, 1, 2
357, 58, 1, 2
358, 58, 1, 2
359, 58, 1, 2
360, 58, 1, 2
361, 58, 1, 2
362, 58, 1, 2
363, 58, 1, 2
364, 58, 1, 2
365, 58, 1, 2
366, 58, 1, 2
367, 58, 1, 2
368, 58, 1, 2
369, 58, 1, 2
370, 58, 1, 2
371, 58, 1, 2
372, 58, 1, 2
373, 58, 1, 2
374, 58, 1, 2
375, 58, 1, 2
376, 58, 1, 2
377, 58, 1, 2
378, 58, 1, 2
379, 58, 1, 2
380, 58, 1, 2
381, 58, 1, 2
382, 58, 1, 2
383, 58, 1, 2
384, 58, 1, 2
385, 58, 1, 2
386, 58, 1, 2
387, 58, 1, 2
388, 58, 1, 2
389, 58, 1, 2
390, 58, 1, 2
391, 58, 1, 2
392, 58, 1, 2
393, 58, 1, 2
394, 58, 1, 2
395, 58, 1, 2
396, 58, 1, 2
397, 58, 1, 2
398, 58, 1, 2
399, 58, 1, 2
400, 58, 1, 2
401, 58, 1, 2
402, 58, 1, 2
403, 58, 1, 2
404, 58, 1, 2
405, 58, 1, 2
406, 58, 1, 2
407, 58, 1, 2
408, 58, 1, 2
409, 58, 1, 2
410, 58, 1, 2
411, 58, 1, 2
412, 58, 1, 2
413, 58, 1, 2
414, 58, 1, 2
415, 58, 1, 2
416, 58, 1, 2
417, 58, 1, 2
418, 58, 1, 2
419, 58, 1, 2
420, 58, 1, 2
421, 58, 1, 2
422, 58, 1, 2
423, 58, 1, 2
424, 58, 1, 2
