Objects, 1
Object:, First Vertice:, Vertices:, First Triangle:, Triangles:
Sphere.007, 1, 215, 1, 486

Vertices, 215
Vertice:, X:, Y:, Z:
1, -0.2662945091724396, -2.1151199527084827, -1.3669547848403454
2, -0.270736463367939, -2.1151875723153353, -1.3729289937764406
3, -0.23818444764530966, -2.1154089458286762, -1.3924897040124051
4, -0.2607725467532873, -2.1150634363293648, -1.3619616460055113
5, -0.25438240356743336, -2.115020202472806, -1.3581418879330158
6, -0.24736981373280287, -2.1149919033050537, -1.3556419350206852
7, -0.24000419373624027, -2.114979635924101, -1.3545581959187984
8, -0.23256864910945296, -2.1149838604032993, -1.3549319468438625
9, -0.2253489475697279, -2.115004427731037, -1.356749203056097
10, -0.21862248331308365, -2.115040535107255, -1.3599397763609886
11, -0.21264777705073357, -2.1150908023118973, -1.36438131891191
12, -0.20765443332493305, -2.115153295919299, -1.369903054088354
13, -0.2038344293832779, -2.115225613117218, -1.3762927874922752
14, -0.20133431628346443, -2.1153049748390913, -1.3833049247041345
15, -0.200250506401062, -2.115388333797455, -1.3906700751977041
16, -0.2006242834031582, -2.115472484380007, -1.3981051412411034
17, -0.20244165509939194, -2.115554193034768, -1.4053243808448315
18, -0.20563243329524994, -2.1156303202733397, -1.4120504148304462
19, -0.2100742608308792, -2.1156979417428374, -1.4180247373878956
20, -0.21559634804725647, -2.115754454396665, -1.4230177626013756
21, -0.22198649682104588, -2.115797690115869, -1.426837518811226
22, -0.22899908106774092, -2.115825987420976, -1.4293374717235565
23, -0.23636470246128738, -2.115838256664574, -1.4304212145507336
24, -0.2438002466224134, -2.115834029391408, -1.4300474599003792
25, -0.25101994816213846, -2.1158134639263153, -1.428230207413435
26, -0.2577464133501053, -2.1157773565500975, -1.4250396341085434
27, -0.26372111961245537, -2.115727089345455, -1.4205980896949768
28, -0.2687144633382559, -2.1156645957380533, -1.4150763545185328
29, -0.27253446727991104, -2.1155922785401344, -1.4086866211146116
30, -0.2750345803797245, -2.115512916818261, -1.4016744829714298
31, -0.2761183902621269, -2.1154295578598976, -1.3943093318957835
32, -0.27574460953474045, -2.1153454072773457, -1.386874265037477
33, -0.2739272452890873, -2.1152636986225843, -1.379655024036765
34, -0.2461158838123083, -2.0908110700547695, -1.391582208336331
35, -0.24613611120730639, -2.0908156149089336, -1.3919838118890766
36, -0.24724328983575106, -2.091147817671299, -1.393198887060862
37, -0.24581245332956314, -2.09078136831522, -1.391627901175525
38, -0.2534483056515455, -2.0932066328823566, -1.396545919124037
39, -0.2525624092668295, -2.0932347550988197, -1.3990308092907071
40, -0.25334142707288265, -2.093793224543333, -1.3998820683918893
41, -0.24938469659537077, -2.0919247828423977, -1.3955474570393562
42, -0.2378001936012879, -2.0909151397645473, -1.4007777562364936
43, -0.23785915499320254, -2.0909151062369347, -1.4007747527211905
44, -0.2378032873966731, -2.0909080617129803, -1.400713331066072
45, -0.2301741437986493, -2.0908201336860657, -1.3923837117035873
46, -0.23018277809023857, -2.090819474309683, -1.3923253134735205
47, -0.22836041171103716, -2.091435305774212, -1.390312196686864
48, -0.23023864440619946, -2.0908138155937195, -1.392386877843819
49, -0.2148178070783615, -2.101878272369504, -1.3753535710275173
50, -0.2150059323757887, -2.1016877703368664, -1.3754949141293764
51, -0.2148486040532589, -2.101877886801958, -1.375319568440318
52, -0.21919825300574303, -2.096820153295994, -1.3801651112735271
53, -0.23329990357160568, -2.092994775623083, -1.3778284387663007
54, -0.23585834121331573, -2.0929874889552593, -1.3771845260635018
55, -0.23480736115016043, -2.0967063941061497, -1.3701133821159601
56, -0.24012405308894813, -2.090736422687769, -1.3849869593977928
57, -0.2397262038430199, -2.090735759586096, -1.3849283838644624
58, -0.2400498619535938, -2.090709578245878, -1.3852849784307182
59, -0.2656607162207365, -2.1085326969623566, -1.412897527217865
60, -0.26194906793534756, -2.102262072265148, -1.4092619232833385
61, -0.26330591365695, -2.1046429444104433, -1.410728657618165
62, -0.2631107773631811, -2.104646634310484, -1.4110547974705696
63, -0.22416797652840614, -2.093083616346121, -1.3856783080846071
64, -0.2239561816677451, -2.0930876284837723, -1.386032570619136
65, -0.22488974407315254, -2.092779517173767, -1.3864763043820858
66, -0.21482090093195438, -2.101927664130926, -1.3752885088324547
67, -0.214819747954607, -2.1019297093153, -1.375287214294076
68, -0.2531565176323056, -2.102355908602476, -1.417553247883916
69, -0.2531933169811964, -2.1023555994033813, -1.417525852099061
70, -0.2530359895899892, -2.1021615620702505, -1.417354853823781
71, -0.24590298999100924, -2.097205273807049, -1.414190910756588
72, -0.24884367361664772, -2.097189489752054, -1.4127960242331028
73, -0.24350102106109262, -2.0933311209082603, -1.4075457081198692
74, -0.24387395335361362, -2.09332912042737, -1.4073688089847565
75, -0.24315218720585108, -2.0930070392787457, -1.4065779000520706
76, -0.23968152096495032, -2.091576348990202, -1.4027734166011214
77, -0.23647761752363294, -2.0917639806866646, -1.3813405483961105
78, -0.24293115735054016, -2.090617425739765, -1.3884578894358128
79, -0.23861902512726374, -2.091040376573801, -1.3837061012163758
80, -0.23654824681580067, -2.0907751843333244, -1.399333226494491
81, -0.21070818975567818, -2.108072539791465, -1.3722427431493998
82, -0.21385777555406094, -2.1036610081791878, -1.3742086365818977
83, -0.21354392729699612, -2.1042256020009518, -1.3738567475229502
84, -0.23046592436730862, -2.0967187620699406, -1.3712060675024986
85, -0.22826911881566048, -2.096730552613735, -1.3722480311989784
86, -0.23252088390290737, -2.093533832579851, -1.3769647562876344
87, -0.2575931902974844, -2.0970958843827248, -1.4045252343639731
88, -0.23402096703648567, -2.0906314440071583, -1.3965527028776705
89, -0.23477332131005824, -2.0906516276299953, -1.3973807017318904
90, -0.2588407192379236, -2.0970722660422325, -1.4024383956566453
91, -0.24412030959501863, -2.090763460844755, -1.3873758828267455
92, -0.2450582142919302, -2.090777739882469, -1.3886374775320292
93, -0.25166794285178185, -2.09307187050581, -1.3846391988918185
94, -0.24982808623462915, -2.0930438600480556, -1.38216451741755
95, -0.2577595077455044, -2.0968288965523243, -1.3809357797726989
96, -0.25508835539221764, -2.0967882350087166, -1.377343143336475
97, -0.2630986701697111, -2.1019045040011406, -1.377669527195394
98, -0.25969897024333477, -2.101852750405669, -1.3730970434844494
99, -0.2674804609268904, -2.108103387057781, -1.3749660160392523
100, -0.2634829320013523, -2.1080425307154655, -1.369589228183031
101, -0.27035219967365265, -2.1081718988716602, -1.381019227206707
102, -0.26554075442254543, -2.1019627694040537, -1.3828173782676458
103, -0.2596782576292753, -2.096874676644802, -1.3849804494529963
104, -0.252989636734128, -2.093103401362896, -1.3874252582900226
105, -0.24573209416121244, -2.090793814510107, -1.3900577442254871
106, -0.2537424098700285, -2.0931372456252575, -1.3904155124910176
107, -0.26077101193368435, -2.0969238094985485, -1.3893216070719063
108, -0.2669317852705717, -2.1020253095775843, -1.3883427903056145
109, -0.2719876542687416, -2.108245436102152, -1.3875164506025612
110, -0.27232419699430466, -2.1083211675286293, -1.3942077616229653
111, -0.2672179080545902, -2.1020897161215544, -1.3940333164064214
112, -0.2609959375113249, -2.096974413841963, -1.393792718066834
113, -0.2538971323519945, -2.09317210316658, -1.3934951901901513
114, -0.2603440321981907, -2.097024541348219, -1.398221766576171
115, -0.26638835296034813, -2.102153515443206, -1.3996703308075666
116, -0.27134864777326584, -2.1083961874246597, -1.4008361343294382
117, -0.2690987344831228, -2.108467612415552, -1.4071469837799668
118, -0.264474768191576, -2.1022142581641674, -1.4050372214987874
119, -0.2611668314784765, -2.1085889395326376, -1.4178669955581427
120, -0.25578969717025757, -2.108634177595377, -1.4218642637133598
121, -0.2497360985726118, -2.1086666770279408, -1.4247358180582523
122, -0.24800833594053984, -2.1023835446685553, -1.4199951775372028
123, -0.24051057640463114, -2.093339640647173, -1.4082984328269958
124, -0.24156155390664935, -2.0972176380455494, -1.4152835961431265
125, -0.24248257279396057, -2.1023992858827114, -1.421386120840907
126, -0.24323846120387316, -2.1086851824074984, -1.426371168345213
127, -0.23654671804979444, -2.1086889877915382, -1.4267076924443245
128, -0.2367916771909222, -2.1024025212973356, -1.4216722249984741
129, -0.23709015699569136, -2.0972201824188232, -1.4155085068196058
130, -0.23743069916963577, -2.093341391533613, -1.4084531459957361
131, -0.23624486674088985, -2.09091255068779, -1.400548948906362
132, -0.23437977628782392, -2.093336310237646, -1.4080043490976095
133, -0.23266082582995296, -2.097212802618742, -1.4148566406220198
134, -0.23115430492907763, -2.102393129840493, -1.420842720195651
135, -0.22991792019456625, -2.1086779460310936, -1.4257322065532207
136, -0.22360666934400797, -2.1086524799466133, -1.423482432961464
137, -0.2257870677858591, -2.1023714672774076, -1.418929260224104
138, -0.22844392340630293, -2.097195789217949, -1.4133534282445908
139, -0.23147511994466186, -2.093324586749077, -1.4069688450545073
140, -0.23476404300890863, -2.090906575322151, -1.4000210198573768
141, -0.23341471469029784, -2.0908974446356297, -1.3992143254727125
142, -0.22882819268852472, -2.093306679278612, -1.4053866164758801
143, -0.22460123617202044, -2.097169790416956, -1.4110564459115267
144, -0.2208962868899107, -2.1023383773863316, -1.4160057809203863
145, -0.2178557552397251, -2.1086135674268007, -1.4200446382164955
146, -0.21288596838712692, -2.108562707901001, -1.4155510421842337
147, -0.21666993759572506, -2.102295123040676, -1.4121842179447412
148, -0.2212805561721325, -2.097135804593563, -1.4080538339912891
149, -0.226540831848979, -2.0932832695543766, -1.4033184433355927
150, -0.23224861081689596, -2.0908855125308037, -1.398160025011748
151, -0.2313107056543231, -2.0908712334930897, -1.3968984289094806
152, -0.2247009752318263, -2.0932552628219128, -1.4008437599986792
153, -0.21860940754413605, -2.0970951430499554, -1.4044611966237426
154, -0.21327023766934872, -2.10224337130785, -1.4076117370277643
155, -0.20888843946158886, -2.10850184969604, -1.4101742543280125
156, -0.20601670444011688, -2.108433336019516, -1.4041210412979126
157, -0.2108281534165144, -2.102185105904937, -1.4024638831615448
158, -0.21669065579771996, -2.0970493629574776, -1.4004165269434452
159, -0.22337928134948015, -2.0932237282395363, -1.398057700600475
160, -0.23063682578504086, -2.090855158865452, -1.3954781638458371
161, -0.23025303706526756, -2.0908379033207893, -1.3939536995021626
162, -0.22262650728225708, -2.0931898839771748, -1.3950674480292946
163, -0.21559790335595608, -2.097000230103731, -1.39607536746189
164, -0.20943712443113327, -2.1021225694566965, -1.3969384734518826
165, -0.20438124984502792, -2.1083598006516695, -1.3976238211616874
166, -0.20404470339417458, -2.108284069225192, -1.3909325065324083
167, -0.20915099792182446, -2.1020581629127264, -1.3912479443242773
168, -0.2153729759156704, -2.0969496220350266, -1.391604259435553
169, -0.22247178480029106, -2.0931550301611423, -1.3919877684966195
170, -0.22292061150074005, -2.093120500445366, -1.3889370409306139
171, -0.21602488309144974, -2.09689949080348, -1.3871752093546093
172, -0.2099805548787117, -2.101994363591075, -1.3856109315529466
173, -0.2050202563405037, -2.1082090493291616, -1.3843041341751814
174, -0.2072701696306467, -2.108137622475624, -1.377993286587298
175, -0.21189414151012897, -2.1019336227327585, -1.3802440408617258
176, -0.2175281923264265, -2.096851769834757, -1.3829585807397962
177, -0.2152020689100027, -2.1080162953585386, -1.3672732710838318
178, -0.2205792050808668, -2.1079710572957993, -1.3632760029286146
179, -0.22663280367851257, -2.1079385615885258, -1.3604044504463673
180, -0.2338863369077444, -2.1017485931515694, -1.3638951424509287
181, -0.22836057282984257, -2.1017643325030804, -1.3652860838919878
182, -0.23313044384121895, -2.107920054346323, -1.3587691001594067
183, -0.23982218420132995, -2.107916248962283, -1.358432576060295
184, -0.23957723041530699, -2.101745357736945, -1.3636090345680714
185, -0.23927875654771924, -2.096703849732876, -1.3698884695768356
186, -0.2389382176916115, -2.0929857417941093, -1.3770298128947616
187, -0.2419891415629536, -2.0929908230900764, -1.3774786107242107
188, -0.24370808945968747, -2.0967112332582474, -1.3705403339117765
189, -0.2452146029099822, -2.1017547473311424, -1.3644385412335396
190, -0.2464509829878807, -2.1079272907227278, -1.3594080656766891
191, -0.25276223476976156, -2.107952756807208, -1.3616578355431557
192, -0.2505818409845233, -2.101776408031583, -1.3663520012050867
193, -0.24792498908936977, -2.0967282503843307, -1.3720435500144958
194, -0.24489379720762372, -2.0930025428533554, -1.3785141138359904
195, -0.24160487577319145, -2.0907423980534077, -1.3855148875154555
196, -0.24295420618727803, -2.090751528739929, -1.386321582365781
197, -0.24754072539508343, -2.09302045032382, -1.380096341483295
198, -0.25176767725497484, -2.0967542491853237, -1.3743405304849148
199, -0.255472619086504, -2.1018094960600138, -1.3692754823714495
200, -0.25851314701139927, -2.1079916674643755, -1.365095630288124
201, -0.24378889752551913, -2.0906404703855515, -1.389401868917048
202, -0.24207341740839183, -2.090619098395109, -1.3875136282294989
203, -0.24471727944910526, -2.0906916856765747, -1.3904232970671728
204, -0.2544979900121689, -2.1047358214855194, -1.4189351592212915
205, -0.2355876606889069, -2.09069661796093, -1.3982766564004123
206, -0.2332686115987599, -2.0906328819692135, -1.3957244569901377
207, -0.23245427198708057, -2.0906575806438923, -1.394827714189887
208, -0.23149368586018682, -2.0907122157514095, -1.393769636633806
209, -0.22221304662525654, -2.1041371189057827, -1.3660383895039558
210, -0.22255638800561428, -2.10413527302444, -1.365875381976366
211, -0.23891140246996656, -2.0909599103033543, -1.3840288752689958
212, -0.241145035950467, -2.090647179633379, -1.3864913042634726
213, -0.25903396867215633, -2.104697657749057, -1.4155630767345428
214, -0.2173349391669035, -2.1041781585663557, -1.3696646746248007
215, -0.22391323745250702, -2.101788207888603, -1.3673956282436848

Triangles, 424
Triangle:, Side1:, Side2:, Side3:
1, 1, 2, 3
2, 4, 1, 3
3, 5, 4, 3
4, 6, 5, 3
5, 7, 6, 3
6, 8, 7, 3
7, 9, 8, 3
8, 10, 9, 3
9, 11, 10, 3
10, 12, 11, 3
11, 13, 12, 3
12, 14, 13, 3
13, 15, 14, 3
14, 16, 15, 3
15, 17, 16, 3
16, 18, 17, 3
17, 19, 18, 3
18, 20, 19, 3
19, 21, 20, 3
20, 22, 21, 3
21, 23, 22, 3
22, 24, 23, 3
23, 25, 24, 3
24, 26, 25, 3
25, 27, 26, 3
26, 28, 27, 3
27, 29, 28, 3
28, 30, 29, 3
29, 31, 30, 3
30, 32, 31, 3
31, 33, 32, 3
32, 2, 33, 3
33, 34, 35, 36
34, 35, 34, 37
35, 38, 39, 40
36, 39, 38, 41
37, 42, 43, 44
38, 45, 46, 47
39, 46, 45, 48
40, 49, 50, 51
41, 52, 50, 49
42, 53, 54, 55
43, 56, 57, 58
44, 59, 60, 61
45, 62, 59, 61
46, 63, 64, 65
47, 49, 66, 67
48, 49, 51, 66
49, 68, 69, 70
50, 71, 70, 72
51, 73, 74, 75
52, 42, 76, 43
53, 53, 77, 54
54, 78, 79, 77
55, 76, 75, 74
56, 70, 80, 44
57, 81, 82, 83
58, 84, 85, 86
59, 86, 85, 78
60, 36, 87, 41
61, 88, 89, 70
62, 90, 40, 87
63, 91, 92, 93
64, 91, 93, 94
65, 94, 93, 95
66, 94, 95, 96
67, 96, 95, 97
68, 96, 97, 98
69, 98, 97, 99
70, 98, 99, 100
71, 2, 1, 100
72, 2, 100, 99
73, 99, 101, 33
74, 99, 33, 2
75, 97, 102, 101
76, 97, 101, 99
77, 95, 103, 102
78, 95, 102, 97
79, 93, 104, 103
80, 93, 103, 95
81, 92, 105, 104
82, 92, 104, 93
83, 105, 34, 106
84, 105, 106, 104
85, 104, 106, 107
86, 104, 107, 103
87, 103, 107, 108
88, 103, 108, 102
89, 102, 108, 109
90, 102, 109, 101
91, 101, 109, 32
92, 101, 32, 33
93, 109, 110, 31
94, 109, 31, 32
95, 108, 111, 110
96, 108, 110, 109
97, 107, 112, 111
98, 107, 111, 108
99, 106, 113, 112
100, 106, 112, 107
101, 34, 36, 113
102, 34, 113, 106
103, 113, 38, 114
104, 113, 114, 112
105, 112, 114, 115
106, 112, 115, 111
107, 111, 115, 116
108, 111, 116, 110
109, 110, 116, 30
110, 110, 30, 31
111, 116, 117, 29
112, 116, 29, 30
113, 115, 118, 117
114, 115, 117, 116
115, 114, 90, 118
116, 114, 118, 115
117, 38, 40, 90
118, 38, 90, 114
119, 118, 60, 59
120, 118, 59, 117
121, 117, 59, 28
122, 117, 28, 29
123, 59, 119, 27
124, 59, 27, 28
125, 119, 120, 26
126, 119, 26, 27
127, 120, 121, 25
128, 120, 25, 26
129, 68, 122, 121
130, 68, 121, 120
131, 73, 123, 124
132, 73, 124, 71
133, 71, 124, 125
134, 71, 125, 122
135, 122, 125, 126
136, 122, 126, 121
137, 121, 126, 24
138, 121, 24, 25
139, 126, 127, 23
140, 126, 23, 24
141, 125, 128, 127
142, 125, 127, 126
143, 124, 129, 128
144, 124, 128, 125
145, 123, 130, 129
146, 123, 129, 124
147, 42, 131, 132
148, 42, 132, 130
149, 130, 132, 133
150, 130, 133, 129
151, 129, 133, 134
152, 129, 134, 128
153, 128, 134, 135
154, 128, 135, 127
155, 127, 135, 22
156, 127, 22, 23
157, 135, 136, 21
158, 135, 21, 22
159, 134, 137, 136
160, 134, 136, 135
161, 133, 138, 137
162, 133, 137, 134
163, 132, 139, 138
164, 132, 138, 133
165, 131, 140, 139
166, 131, 139, 132
167, 140, 141, 142
168, 140, 142, 139
169, 139, 142, 143
170, 139, 143, 138
171, 138, 143, 144
172, 138, 144, 137
173, 137, 144, 145
174, 137, 145, 136
175, 136, 145, 20
176, 136, 20, 21
177, 145, 146, 19
178, 145, 19, 20
179, 144, 147, 146
180, 144, 146, 145
181, 143, 148, 147
182, 143, 147, 144
183, 142, 149, 148
184, 142, 148, 143
185, 141, 150, 149
186, 141, 149, 142
187, 150, 151, 152
188, 150, 152, 149
189, 149, 152, 153
190, 149, 153, 148
191, 148, 153, 154
192, 148, 154, 147
193, 147, 154, 155
194, 147, 155, 146
195, 146, 155, 18
196, 146, 18, 19
197, 155, 156, 17
198, 155, 17, 18
199, 154, 157, 156
200, 154, 156, 155
201, 153, 158, 157
202, 153, 157, 154
203, 152, 159, 158
204, 152, 158, 153
205, 151, 160, 159
206, 151, 159, 152
207, 160, 161, 162
208, 160, 162, 159
209, 159, 162, 163
210, 159, 163, 158
211, 158, 163, 164
212, 158, 164, 157
213, 157, 164, 165
214, 157, 165, 156
215, 156, 165, 16
216, 156, 16, 17
217, 165, 166, 15
218, 165, 15, 16
219, 164, 167, 166
220, 164, 166, 165
221, 163, 168, 167
222, 163, 167, 164
223, 162, 169, 168
224, 162, 168, 163
225, 161, 45, 169
226, 161, 169, 162
227, 45, 47, 170
228, 45, 170, 169
229, 169, 170, 171
230, 169, 171, 168
231, 168, 171, 172
232, 168, 172, 167
233, 167, 172, 173
234, 167, 173, 166
235, 166, 173, 14
236, 166, 14, 15
237, 173, 174, 13
238, 173, 13, 14
239, 172, 175, 174
240, 172, 174, 173
241, 171, 176, 175
242, 171, 175, 172
243, 170, 64, 176
244, 170, 176, 171
245, 176, 52, 49
246, 176, 49, 175
247, 175, 49, 81
248, 175, 81, 174
249, 174, 81, 12
250, 174, 12, 13
251, 81, 177, 11
252, 81, 11, 12
253, 177, 178, 10
254, 177, 10, 11
255, 178, 179, 9
256, 178, 9, 10
257, 84, 55, 180
258, 84, 180, 181
259, 181, 180, 182
260, 181, 182, 179
261, 179, 182, 8
262, 179, 8, 9
263, 182, 183, 7
264, 182, 7, 8
265, 180, 184, 183
266, 180, 183, 182
267, 55, 185, 184
268, 55, 184, 180
269, 54, 186, 185
270, 54, 185, 55
271, 186, 187, 188
272, 186, 188, 185
273, 185, 188, 189
274, 185, 189, 184
275, 184, 189, 190
276, 184, 190, 183
277, 183, 190, 6
278, 183, 6, 7
279, 190, 191, 5
280, 190, 5, 6
281, 189, 192, 191
282, 189, 191, 190
283, 188, 193, 192
284, 188, 192, 189
285, 187, 194, 193
286, 187, 193, 188
287, 56, 195, 194
288, 56, 194, 187
289, 195, 196, 197
290, 195, 197, 194
291, 194, 197, 198
292, 194, 198, 193
293, 193, 198, 199
294, 193, 199, 192
295, 192, 199, 200
296, 192, 200, 191
297, 191, 200, 4
298, 191, 4, 5
299, 1, 4, 200
300, 1, 200, 100
301, 199, 98, 100
302, 199, 100, 200
303, 198, 96, 98
304, 198, 98, 199
305, 197, 94, 96
306, 197, 96, 198
307, 196, 91, 94
308, 196, 94, 197
309, 91, 78, 201
310, 91, 201, 92
311, 78, 91, 196
312, 78, 196, 202
313, 105, 92, 201
314, 105, 201, 203
315, 105, 203, 37
316, 105, 37, 34
317, 38, 113, 36
318, 38, 36, 41
319, 37, 87, 36
320, 37, 36, 35
321, 41, 87, 40
322, 41, 40, 39
323, 69, 68, 120
324, 69, 120, 204
325, 122, 68, 70
326, 122, 70, 71
327, 123, 73, 75
328, 123, 75, 76
329, 130, 123, 76
330, 130, 76, 42
331, 131, 42, 44
332, 131, 44, 80
333, 140, 131, 80
334, 140, 80, 205
335, 141, 140, 205
336, 141, 205, 89
337, 151, 150, 88
338, 151, 88, 206
339, 151, 206, 207
340, 151, 207, 160
341, 161, 160, 207
342, 161, 207, 208
343, 88, 52, 207
344, 88, 207, 206
345, 161, 208, 48
346, 161, 48, 45
347, 64, 170, 47
348, 64, 47, 65
349, 48, 52, 47
350, 48, 47, 46
351, 178, 209, 210
352, 178, 210, 179
353, 55, 84, 86
354, 55, 86, 53
355, 186, 54, 77
356, 186, 77, 79
357, 187, 186, 79
358, 187, 79, 211
359, 57, 56, 187
360, 57, 187, 211
361, 195, 56, 58
362, 195, 58, 212
363, 79, 78, 58
364, 79, 58, 57
365, 196, 195, 212
366, 196, 212, 202
367, 78, 202, 212
368, 78, 212, 58
369, 60, 78, 210
370, 60, 210, 61
371, 205, 80, 70
372, 205, 70, 89
373, 49, 67, 82
374, 49, 82, 81
375, 51, 69, 82
376, 51, 82, 66
377, 90, 87, 60
378, 90, 60, 118
379, 59, 62, 213
380, 59, 213, 119
381, 61, 210, 213
382, 61, 213, 62
383, 69, 51, 50
384, 69, 50, 52
385, 213, 204, 120
386, 213, 120, 119
387, 71, 72, 74
388, 71, 74, 73
389, 70, 76, 74
390, 70, 74, 72
391, 76, 70, 44
392, 76, 44, 43
393, 141, 89, 88
394, 141, 88, 150
395, 69, 52, 88
396, 69, 88, 70
397, 64, 63, 52
398, 64, 52, 176
399, 214, 209, 178
400, 214, 178, 177
401, 179, 210, 215
402, 179, 215, 181
403, 78, 85, 215
404, 78, 215, 210
405, 181, 215, 85
406, 181, 85, 84
407, 78, 77, 53
408, 78, 53, 86
409, 203, 60, 87
410, 203, 87, 37
411, 52, 48, 208
412, 52, 208, 207
413, 204, 83, 82
414, 204, 82, 69
415, 81, 83, 214
416, 81, 214, 177
417, 209, 214, 213
418, 209, 213, 210
419, 60, 203, 201
420, 60, 201, 78
421, 52, 63, 65
422, 52, 65, 47
423, 213, 214, 83
424, 213, 83, 204

Colors, 424
Triangle:, Red:, Green:, Blue:
1, 58, 1, 2
2, 58, 1, 2
3, 58, 1, 2
4, 58, 1, 2
5, 58, 1, 2
6, 58, 1, 2
7, 58, 1, 2
8, 58, 1, 2
9, 58, 1, 2
10, 58, 1, 2
11, 58, 1, 2
12, 58, 1, 2
13, 58, 1, 2
14, 58, 1, 2
15, 58, 1, 2
16, 58, 1, 2
17, 58, 1, 2
18, 58, 1, 2
19, 58, 1, 2
20, 58, 1, 2
21, 58, 1, 2
22, 58, 1, 2
23, 58, 1, 2
24, 58, 1, 2
25, 58, 1, 2
26, 58, 1, 2
27, 58, 1, 2
28, 58, 1, 2
29, 58, 1, 2
30, 58, 1, 2
31, 58, 1, 2
32, 58, 1, 2
33, 58, 1, 2
34, 58, 1, 2
35, 58, 1, 2
36, 58, 1, 2
37, 58, 1, 2
38, 58, 1, 2
39, 58, 1, 2
40, 58, 1, 2
41, 58, 1, 2
42, 58, 1, 2
43, 58, 1, 2
44, 58, 1, 2
45, 58, 1, 2
46, 58, 1, 2
47, 58, 1, 2
48, 58, 1, 2
49, 58, 1, 2
50, 58, 1, 2
51, 58, 1, 2
52, 58, 1, 2
53, 58, 1, 2
54, 58, 1, 2
55, 58, 1, 2
56, 58, 1, 2
57, 58, 1, 2
58, 58, 1, 2
59, 58, 1, 2
60, 58, 1, 2
61, 58, 1, 2
62, 58, 1, 2
63, 58, 1, 2
64, 58, 1, 2
65, 58, 1, 2
66, 58, 1, 2
67, 58, 1, 2
68, 58, 1, 2
69, 58, 1, 2
70, 58, 1, 2
71, 58, 1, 2
72, 58, 1, 2
73, 58, 1, 2
74, 58, 1, 2
75, 58, 1, 2
76, 58, 1, 2
77, 58, 1, 2
78, 58, 1, 2
79, 58, 1, 2
80, 58, 1, 2
81, 58, 1, 2
82, 58, 1, 2
83, 58, 1, 2
84, 58, 1, 2
85, 58, 1, 2
86, 58, 1, 2
87, 58, 1, 2
88, 58, 1, 2
89, 58, 1, 2
90, 58, 1, 2
91, 58, 1, 2
92, 58, 1, 2
93, 58, 1, 2
94, 58, 1, 2
95, 58, 1, 2
96, 58, 1, 2
97, 58, 1, 2
98, 58, 1, 2
99, 58, 1, 2
100, 58, 1, 2
101, 58, 1, 2
102, 58, 1, 2
103, 58, 1, 2
104, 58, 1, 2
105, 58, 1, 2
106, 58, 1, 2
107, 58, 1, 2
108, 58, 1, 2
109, 58, 1, 2
110, 58, 1, 2
111, 58, 1, 2
112, 58, 1, 2
113, 58, 1, 2
114, 58, 1, 2
115, 58, 1, 2
116, 58, 1, 2
117, 58, 1, 2
118, 58, 1, 2
119, 58, 1, 2
120, 58, 1, 2
121, 58, 1, 2
122, 58, 1, 2
123, 58, 1, 2
124, 58, 1, 2
125, 58, 1, 2
126, 58, 1, 2
127, 58, 1, 2
128, 58, 1, 2
129, 58, 1, 2
130, 58, 1, 2
131, 58, 1, 2
132, 58, 1, 2
133, 58, 1, 2
134, 58, 1, 2
135, 58, 1, 2
136, 58, 1, 2
137, 58, 1, 2
138, 58, 1, 2
139, 58, 1, 2
140, 58, 1, 2
141, 58, 1, 2
142, 58, 1, 2
143, 58, 1, 2
144, 58, 1, 2
145, 58, 1, 2
146, 58, 1, 2
147, 58, 1, 2
148, 58, 1, 2
149, 58, 1, 2
150, 58, 1, 2
151, 58, 1, 2
152, 58, 1, 2
153, 58, 1, 2
154, 58, 1, 2
155, 58, 1, 2
156, 58, 1, 2
157, 58, 1, 2
158, 58, 1, 2
159, 58, 1, 2
160, 58, 1, 2
161, 58, 1, 2
162, 58, 1, 2
163, 58, 1, 2
164, 58, 1, 2
165, 58, 1, 2
166, 58, 1, 2
167, 58, 1, 2
168, 58, 1, 2
169, 58, 1, 2
170, 58, 1, 2
171, 58, 1, 2
172, 58, 1, 2
173, 58, 1, 2
174, 58, 1, 2
175, 58, 1, 2
176, 58, 1, 2
177, 58, 1, 2
178, 58, 1, 2
179, 58, 1, 2
180, 58, 1, 2
181, 58, 1, 2
182, 58, 1, 2
183, 58, 1, 2
184, 58, 1, 2
185, 58, 1, 2
186, 58, 1, 2
187, 58, 1, 2
188, 58, 1, 2
189, 58, 1, 2
190, 58, 1, 2
191, 58, 1, 2
192, 58, 1, 2
193, 58, 1, 2
194, 58, 1, 2
195, 58, 1, 2
196, 58, 1, 2
197, 58, 1, 2
198, 58, 1, 2
199, 58, 1, 2
200, 58, 1, 2
201, 58, 1, 2
202, 58, 1, 2
203, 58, 1, 2
204, 58, 1, 2
205, 58, 1, 2
206, 58, 1, 2
207, 58, 1, 2
208, 58, 1, 2
209, 58, 1, 2
210, 58, 1, 2
211, 58, 1, 2
212, 58, 1, 2
213, 58, 1, 2
214, 58, 1, 2
215, 58, 1, 2
216, 58, 1, 2
217, 58, 1, 2
218, 58, 1, 2
219, 58, 1, 2
220, 58, 1, 2
221, 58, 1, 2
222, 58, 1, 2
223, 58, 1, 2
224, 58, 1, 2
225, 58, 1, 2
226, 58, 1, 2
227, 58, 1, 2
228, 58, 1, 2
229, 58, 1, 2
230, 58, 1, 2
231, 58, 1, 2
232, 58, 1, 2
233, 58, 1, 2
234, 58, 1, 2
235, 58, 1, 2
236, 58, 1, 2
237, 58, 1, 2
238, 58, 1, 2
239, 58, 1, 2
240, 58, 1, 2
241, 58, 1, 2
242, 58, 1, 2
243, 58, 1, 2
244, 58, 1, 2
245, 58, 1, 2
246, 58, 1, 2
247, 58, 1, 2
248, 58, 1, 2
249, 58, 1, 2
250, 58, 1, 2
251, 58, 1, 2
252, 58, 1, 2
253, 58, 1, 2
254, 58, 1, 2
255, 58, 1, 2
256, 58, 1, 2
257, 58, 1, 2
258, 58, 1, 2
259, 58, 1, 2
260, 58, 1, 2
261, 58, 1, 2
262, 58, 1, 2
263, 58, 1, 2
264, 58, 1, 2
265, 58, 1, 2
266, 58, 1, 2
267, 58, 1, 2
268, 58, 1, 2
269, 58, 1, 2
270, 58, 1, 2
271, 58, 1, 2
272, 58, 1, 2
273, 58, 1, 2
274, 58, 1, 2
275, 58, 1, 2
276, 58, 1, 2
277, 58, 1, 2
278, 58, 1, 2
279, 58, 1, 2
280, 58, 1, 2
281, 58, 1, 2
282, 58, 1, 2
283, 58, 1, 2
284, 58, 1, 2
285, 58, 1, 2
286, 58, 1, 2
287, 58, 1, 2
288, 58, 1, 2
289, 58, 1, 2
290, 58, 1, 2
291, 58, 1, 2
292, 58, 1, 2
293, 58, 1, 2
294, 58, 1, 2
295, 58, 1, 2
296, 58, 1, 2
297, 58, 1, 2
298, 58, 1, 2
299, 58, 1, 2
300, 58, 1, 2
301, 58, 1, 2
302, 58, 1, 2
303, 58, 1, 2
304, 58, 1, 2
305, 58, 1, 2
306, 58, 1, 2
307, 58, 1, 2
308, 58, 1, 2
309, 58, 1, 2
310, 58, 1, 2
311, 58, 1, 2
312, 58, 1, 2
313, 58, 1, 2
314, 58, 1, 2
315, 58, 1, 2
316, 58, 1, 2
317, 58, 1, 2
318, 58, 1, 2
319, 58, 1, 2
320, 58, 1, 2
321, 58, 1, 2
322, 58, 1, 2
323, 58, 1, 2
324, 58, 1, 2
325, 58, 1, 2
326, 58, 1, 2
327, 58, 1, 2
328, 58, 1, 2
329, 58, 1, 2
330, 58, 1, 2
331, 58, 1, 2
332, 58, 1, 2
333, 58, 1, 2
334, 58, 1, 2
335, 58, 1, 2
336, 58, 1, 2
337, 58, 1, 2
338, 58, 1, 2
339, 58, 1, 2
340, 58, 1, 2
341, 58, 1, 2
342, 58, 1, 2
343, 58, 1, 2
344, 58, 1, 2
345, 58, 1, 2
346, 58, 1, 2
347, 58, 1, 2
348, 58, 1, 2
349, 58, 1, 2
350, 58, 1, 2
351, 58, 1, 2
352, 58, 1, 2
353, 58, 1, 2
354, 58, 1, 2
355, 58, 1, 2
356, 58, 1, 2
357, 58, 1, 2
358, 58, 1, 2
359, 58, 1, 2
360, 58, 1, 2
361, 58, 1, 2
362, 58, 1, 2
363, 58, 1, 2
364, 58, 1, 2
365, 58, 1, 2
366, 58, 1, 2
367, 58, 1, 2
368, 58, 1, 2
369, 58, 1, 2
370, 58, 1, 2
371, 58, 1, 2
372, 58, 1, 2
373, 58, 1, 2
374, 58, 1, 2
375, 58, 1, 2
376, 58, 1, 2
377, 58, 1, 2
378, 58, 1, 2
379, 58, 1, 2
380, 58, 1, 2
381, 58, 1, 2
382, 58, 1, 2
383, 58, 1, 2
384, 58, 1, 2
385, 58, 1, 2
386, 58, 1, 2
387, 58, 1, 2
388, 58, 1, 2
389, 58, 1, 2
390, 58, 1, 2
391, 58, 1, 2
392, 58, 1, 2
393, 58, 1, 2
394, 58, 1, 2
395, 58, 1, 2
396, 58, 1, 2
397, 58, 1, 2
398, 58, 1, 2
399, 58, 1, 2
400, 58, 1, 2
401, 58, 1, 2
402, 58, 1, 2
403, 58, 1, 2
404, 58, 1, 2
405, 58, 1, 2
406, 58, 1, 2
407, 58, 1, 2
408, 58, 1, 2
409, 58, 1, 2
410, 58, 1, 2
411, 58, 1, 2
412, 58, 1, 2
413, 58, 1, 2
414, 58, 1, 2
415, 58, 1, 2
416, 58, 1, 2
417, 58, 1, 2
418, 58, 1, 2
419, 58, 1, 2
420, 58, 1, 2
421, 58, 1, 2
422, 58, 1, 2
423, 58, 1, 2
424, 58, 1, 2
