Objects, 1
Object:, First Vertice:, Vertices:, First Triangle:, Triangles:
Sphere.004, 1, 215, 1, 486

Vertices, 215
Vertice:, X:, Y:, Z:
1, -0.650340735912323, -2.038423776626587, -1.3876898288726807
2, -0.6547233462333679, -2.038376808166504, -1.3835476636886597
3, -0.6735609769821167, -2.038652181625366, -1.4078655242919922
4, -0.6468505263328552, -2.0384795665740967, -1.3926072120666504
5, -0.6443868279457092, -2.038541793823242, -1.3981108665466309
6, -0.6430441737174988, -2.0386083126068115, -1.403989553451538
7, -0.6428744196891785, -2.0386765003204346, -1.4100171327590942
8, -0.6438838839530945, -2.038743734359741, -1.4159622192382812
9, -0.6460338234901428, -2.0388076305389404, -1.4215959310531616
10, -0.6492415070533752, -2.038865327835083, -1.4267021417617798
11, -0.6533838510513306, -2.038914918899536, -1.4310842752456665
12, -0.6583015322685242, -2.038954496383667, -1.4345742464065552
13, -0.6638056635856628, -2.038982391357422, -1.4370378255844116
14, -0.6696847081184387, -2.0389974117279053, -1.4383803606033325
15, -0.6757127046585083, -2.038999557495117, -1.4385499954223633
16, -0.6816580295562744, -2.0389881134033203, -1.4375407695770264
17, -0.687292218208313, -2.038963794708252, -1.435390830039978
18, -0.6923986077308655, -2.0389273166656494, -1.4321833848953247
19, -0.6967812180519104, -2.0388805866241455, -1.4280414581298828
20, -0.7002714276313782, -2.0388247966766357, -1.4231239557266235
21, -0.7027350068092346, -2.0387625694274902, -1.417620062828064
22, -0.7040776014328003, -2.038696050643921, -1.4117414951324463
23, -0.7042473554611206, -2.038627862930298, -1.4057137966156006
24, -0.7032379508018494, -2.038560390472412, -1.3997689485549927
25, -0.7010880708694458, -2.038496732711792, -1.3941352367401123
26, -0.6978803873062134, -2.0384390354156494, -1.3890290260314941
27, -0.6937381029129028, -2.0383894443511963, -1.3846467733383179
28, -0.6888203024864197, -2.0383498668670654, -1.3811568021774292
29, -0.6833161115646362, -2.0383219718933105, -1.3786933422088623
30, -0.6774371862411499, -2.038306713104248, -1.3773508071899414
31, -0.6714090704917908, -2.0383048057556152, -1.3771809339523315
32, -0.6654638051986694, -2.038316249847412, -1.378190279006958
33, -0.6598296165466309, -2.0383405685424805, -1.3803400993347168
34, -0.6718510985374451, -2.018667697906494, -1.4018244743347168
35, -0.6721723079681396, -2.018666982650757, -1.401769995689392
36, -0.6730471253395081, -2.018913507461548, -1.4007604122161865
37, -0.6719165444374084, -2.018646001815796, -1.402064561843872
38, -0.6751664876937866, -2.0204901695251465, -1.3954298496246338
39, -0.6772499084472656, -2.0204954147338867, -1.3959054946899414
40, -0.6778653860092163, -2.0209319591522217, -1.395192265510559
41, -0.6747391819953918, -2.0194993019104004, -1.3988064527511597
42, -0.6800408959388733, -2.018733501434326, -1.4076366424560547
43, -0.6800327897071838, -2.018732786178589, -1.407589316368103
44, -0.6799886226654053, -2.018728494644165, -1.4076403379440308
45, -0.6740153431892395, -2.0188119411468506, -1.4145704507827759
46, -0.6739675402641296, -2.0188119411468506, -1.4145690202713013
47, -0.6725276112556458, -2.019347906112671, -1.4162200689315796
48, -0.6740116477012634, -2.018806219100952, -1.4145182371139526
49, -0.6618819832801819, -2.0280818939208984, -1.4284298419952393
50, -0.6619759202003479, -2.0279245376586914, -1.4282668828964233
51, -0.6618516445159912, -2.0280816555023193, -1.428408145904541
52, -0.6652883887290955, -2.0238962173461914, -1.4245002269744873
53, -0.6620301604270935, -2.020693778991699, -1.4134197235107422
54, -0.6612682938575745, -2.0206711292266846, -1.4114232063293457
55, -0.6557148694992065, -2.0237650871276855, -1.4129035472869873
56, -0.6671168804168701, -2.0187292098999023, -1.407272458076477
57, -0.6671077013015747, -2.018733024597168, -1.4075981378555298
58, -0.6673634052276611, -2.018705368041992, -1.4073041677474976
59, -0.6872939467430115, -2.032623767852783, -1.3838934898376465
60, -0.6846665143966675, -2.027616262435913, -1.38728928565979
61, -0.6857385635375977, -2.02951717376709, -1.3860338926315308
62, -0.6860194802284241, -2.0295186042785645, -1.3861596584320068
63, -0.6692150235176086, -2.020768404006958, -1.4200164079666138
64, -0.6695202589035034, -2.0207698345184326, -1.420153021812439
65, -0.6697853803634644, -2.020507574081421, -1.419363021850586
66, -0.6618297100067139, -2.0281224250793457, -1.4284329414367676
67, -0.6618288159370422, -2.0281243324279785, -1.428433895111084
68, -0.6921742558479309, -2.0276873111724854, -1.3935710191726685
69, -0.6921486854553223, -2.0276870727539062, -1.3935439586639404
70, -0.6920243501663208, -2.0275332927703857, -1.3936887979507446
71, -0.6901143789291382, -2.0236165523529053, -1.3997780084609985
72, -0.688711941242218, -2.0235912799835205, -1.3975456953048706
73, -0.684963047504425, -2.02056884765625, -1.402382254600525
74, -0.6847851872444153, -2.0205655097961426, -1.4020991325378418
75, -0.6842149496078491, -2.020319700241089, -1.402758240699768
76, -0.681472659111023, -2.0192315578460693, -1.4059265851974487
77, -0.6645409464836121, -2.01963210105896, -1.4105421304702759
78, -0.6696400046348572, -2.018571615219116, -1.4046854972839355
79, -0.6662328839302063, -2.0190024375915527, -1.4086018800735474
80, -0.6789969801902771, -2.018646240234375, -1.4087824821472168
81, -0.6598278284072876, -2.033167839050293, -1.431967854499817
82, -0.6610687375068665, -2.0295462608337402, -1.4292925596237183
83, -0.660820722579956, -2.0300099849700928, -1.4295728206634521
84, -0.65700763463974, -2.023803472518921, -1.416291356086731
85, -0.6580551862716675, -2.02382230758667, -1.4179589748382568
86, -0.661414623260498, -2.021146297454834, -1.4141229391098022
87, -0.6812247633934021, -2.0235204696655273, -1.391296625137329
88, -0.6770001649856567, -2.0185813903808594, -1.4110814332962036
89, -0.6775946021080017, -2.018582344055176, -1.4103971719741821
90, -0.6794272065162659, -2.0235114097595215, -1.3904920816421509
91, -0.668657660484314, -2.018690347671509, -1.4038305282592773
92, -0.6695830821990967, -2.0186803340911865, -1.4029558897018433
93, -0.6657581329345703, -2.0205190181732178, -1.3979966640472412
94, -0.6639428734779358, -2.020538568496704, -1.3997124433517456
95, -0.6622329950332642, -2.0235445499420166, -1.3934111595153809
96, -0.6595975756645203, -2.0235726833343506, -1.3959020376205444
97, -0.6591432690620422, -2.027639865875244, -1.3893756866455078
98, -0.6557889580726624, -2.0276758670806885, -1.3925459384918213
99, -0.6566075682640076, -2.0326483249664307, -1.3860450983047485
100, -0.6526632905006409, -2.0326902866363525, -1.389772891998291
101, -0.6612030863761902, -2.0326154232025146, -1.3831583261489868
102, -0.663051426410675, -2.0276122093200684, -1.3869208097457886
103, -0.6653038263320923, -2.0235226154327393, -1.3914823532104492
104, -0.6678733825683594, -2.0205039978027344, -1.3966680765151978
105, -0.670661449432373, -2.0186727046966553, -1.4022785425186157
106, -0.6702070236206055, -2.020493984222412, -1.3957775831222534
107, -0.6686917543411255, -2.023508071899414, -1.3901896476745605
108, -0.6673636436462402, -2.0275936126708984, -1.3852753639221191
109, -0.6662737131118774, -2.0325937271118164, -1.3812236785888672
110, -0.6716243028640747, -2.032583236694336, -1.3803153038024902
111, -0.6719140410423279, -2.0275847911834717, -1.38450288772583
112, -0.672266960144043, -2.02350115776062, -1.389582633972168
113, -0.6726697087287903, -2.02048921585083, -1.3953596353530884
114, -0.6758919358253479, -2.0235023498535156, -1.389684796333313
115, -0.6765276193618774, -2.0275862216949463, -1.3846328258514404
116, -0.6770492792129517, -2.0325851440429688, -1.3804682493209839
117, -0.6823403835296631, -2.0325987339019775, -1.3816763162612915
118, -0.681027352809906, -2.0275979042053223, -1.3856604099273682
119, -0.6917198300361633, -2.0326592922210693, -1.3870344161987305
120, -0.6954478621482849, -2.0327041149139404, -1.3909783363342285
121, -0.698334813117981, -2.0327560901641846, -1.3955737352371216
122, -0.6946292519569397, -2.0277316570281982, -1.3974789381027222
123, -0.6858536601066589, -2.020595073699951, -1.4047157764434814
124, -0.6914070248603821, -2.0236549377441406, -1.4031656980514526
125, -0.6962748765945435, -2.027780532836914, -1.401790976524353
126, -0.7002696394920349, -2.032813549041748, -1.400644063949585
127, -0.7011780738830566, -2.0328738689422607, -1.405994176864624
128, -0.6970474123954773, -2.02783203125, -1.4063409566879272
129, -0.692014217376709, -2.023695468902588, -1.4067407846450806
130, -0.6862716674804688, -2.020623207092285, -1.4071781635284424
131, -0.6800050139427185, -2.0187478065490723, -1.4089093208312988
132, -0.6862014532089233, -2.020651340484619, -1.409674882888794
133, -0.6919119954109192, -2.0237362384796143, -1.4103654623031616
134, -0.6969174742698669, -2.0278842449188232, -1.410954236984253
135, -0.7010253071784973, -2.032935380935669, -1.4114189147949219
136, -0.6998169422149658, -2.0329952239990234, -1.416709542274475
137, -0.6958897113800049, -2.027935028076172, -1.415453553199768
138, -0.6911045908927917, -2.0237762928009033, -1.4139004945755005
139, -0.6856452226638794, -2.020678758621216, -1.4121099710464478
140, -0.6797215342521667, -2.0187618732452393, -1.4101507663726807
141, -0.6792012453079224, -2.01877498626709, -1.4113130569458008
142, -0.6846246719360352, -2.020704746246338, -1.4143896102905273
143, -0.6896231174468994, -2.0238137245178223, -1.4172102212905884
144, -0.6940041780471802, -2.027982711791992, -1.419666051864624
145, -0.6975996494293213, -2.0330512523651123, -1.4216628074645996
146, -0.6944586038589478, -2.0331013202667236, -1.4260884523391724
147, -0.6913328170776367, -2.0280253887176514, -1.4234296083450317
148, -0.6875242590904236, -2.0238473415374756, -1.4201672077178955
149, -0.6831790208816528, -2.0207276344299316, -1.4164265394210815
150, -0.6784642338752747, -2.018786668777466, -1.412351369857788
151, -0.6775388121604919, -2.018796682357788, -1.4132260084152222
152, -0.6813637018203735, -2.020747184753418, -1.418142318725586
153, -0.6848888993263245, -2.0238754749298096, -1.4226582050323486
154, -0.6879786252975464, -2.0280611515045166, -1.4265998601913452
155, -0.690514326095581, -2.0331435203552246, -1.4298161268234253
156, -0.6859187483787537, -2.0331761837005615, -1.432702898979187
157, -0.684070348739624, -2.0280890464782715, -1.4290547370910645
158, -0.6818181276321411, -2.023897409439087, -1.4245868921279907
159, -0.6792486310005188, -2.0207622051239014, -1.4194709062576294
160, -0.6764604449272156, -2.0188043117523193, -1.4139033555984497
161, -0.675270676612854, -2.0188095569610596, -1.414357304573059
162, -0.6769149303436279, -2.0207722187042236, -1.4203613996505737
163, -0.6784301996231079, -2.023911952972412, -1.425879716873169
164, -0.6797581911087036, -2.0281076431274414, -1.4307001829147339
165, -0.6808481812477112, -2.033198118209839, -1.4346376657485962
166, -0.6754975318908691, -2.0332083702087402, -1.4355460405349731
167, -0.6752079129219055, -2.028116464614868, -1.4314727783203125
168, -0.6748549938201904, -2.023918867111206, -1.4264867305755615
169, -0.6744523048400879, -2.0207769870758057, -1.4207793474197388
170, -0.6719554662704468, -2.0207762718200684, -1.4207091331481934
171, -0.671229898929596, -2.0239176750183105, -1.426384449005127
172, -0.670594334602356, -2.0281147956848145, -1.4313428401947021
173, -0.6700724959373474, -2.0332067012786865, -1.435393214225769
174, -0.6647815108299255, -2.0331931114196777, -1.4341850280761719
175, -0.6660946011543274, -2.0281033515930176, -1.4303151369094849
176, -0.6676948070526123, -2.0239086151123047, -1.4255772829055786
177, -0.6554020643234253, -2.033132314682007, -1.4288270473480225
178, -0.6516740322113037, -2.033087730407715, -1.4248830080032349
179, -0.6487870812416077, -2.0330357551574707, -1.4202877283096313
180, -0.6508470773696899, -2.027920722961426, -1.4141845703125
181, -0.6524927020072937, -2.0279695987701416, -1.4184966087341309
182, -0.6468521952629089, -2.0329782962799072, -1.415217399597168
183, -0.6459437608718872, -2.0329177379608154, -1.4098670482635498
184, -0.6500745415687561, -2.02786922454834, -1.4096345901489258
185, -0.6551076769828796, -2.0237245559692383, -1.409328579902649
186, -0.6608503460884094, -2.0206432342529297, -1.4089607000350952
187, -0.6609205007553101, -2.0206151008605957, -1.4064639806747437
188, -0.6552098989486694, -2.023683547973633, -1.4057039022445679
189, -0.6502043604850769, -2.0278170108795166, -1.4050213098526
190, -0.6460967063903809, -2.0328564643859863, -1.4044424295425415
191, -0.6473048329353333, -2.0327963829040527, -1.3991518020629883
192, -0.6512320637702942, -2.027765989303589, -1.4005218744277954
193, -0.6560173034667969, -2.0236434936523438, -1.402168869972229
194, -0.6614766716957092, -2.02058744430542, -1.4040290117263794
195, -0.6674003601074219, -2.0187151432037354, -1.4060311317443848
196, -0.6679206490516663, -2.0187020301818848, -1.4048689603805542
197, -0.6624971032142639, -2.020561695098877, -1.4017492532730103
198, -0.6574987173080444, -2.023606061935425, -1.3988591432571411
199, -0.6531177163124084, -2.0277183055877686, -1.3963096141815186
200, -0.6495221853256226, -2.032740354537964, -1.3941985368728638
201, -0.6703177690505981, -2.0185728073120117, -1.4039055109024048
202, -0.668962299823761, -2.0185904502868652, -1.4054653644561768
203, -0.6710513234138489, -2.0185954570770264, -1.403061032295227
204, -0.6931794881820679, -2.029588460922241, -1.3923360109329224
205, -0.6782379746437073, -2.018602132797241, -1.4096564054489136
206, -0.6764057278633118, -2.0185978412628174, -1.4117653369903564
207, -0.6757622361183167, -2.018634557723999, -1.4125053882598877
208, -0.6750032305717468, -2.018698215484619, -1.4133782386779785
209, -0.6537052392959595, -2.0299394130706787, -1.4233452081680298
210, -0.6535413861274719, -2.0299365520477295, -1.4230846166610718
211, -0.6664639115333557, -2.0189311504364014, -1.408336877822876
212, -0.668228805065155, -2.018632411956787, -1.4063090085983276
213, -0.6900346875190735, -2.029550790786743, -1.3890091180801392
214, -0.6570872664451599, -2.029979944229126, -1.426923155784607
215, -0.6546135544776917, -2.028007745742798, -1.421872615814209

Triangles, 424
Triangle:, Side1:, Side2:, Side3:
1, 1, 2, 3
2, 4, 1, 3
3, 5, 4, 3
4, 6, 5, 3
5, 7, 6, 3
6, 8, 7, 3
7, 9, 8, 3
8, 10, 9, 3
9, 11, 10, 3
10, 12, 11, 3
11, 13, 12, 3
12, 14, 13, 3
13, 15, 14, 3
14, 16, 15, 3
15, 17, 16, 3
16, 18, 17, 3
17, 19, 18, 3
18, 20, 19, 3
19, 21, 20, 3
20, 22, 21, 3
21, 23, 22, 3
22, 24, 23, 3
23, 25, 24, 3
24, 26, 25, 3
25, 27, 26, 3
26, 28, 27, 3
27, 29, 28, 3
28, 30, 29, 3
29, 31, 30, 3
30, 32, 31, 3
31, 33, 32, 3
32, 2, 33, 3
33, 34, 35, 36
34, 35, 34, 37
35, 38, 39, 40
36, 39, 38, 41
37, 42, 43, 44
38, 45, 46, 47
39, 46, 45, 48
40, 49, 50, 51
41, 52, 50, 49
42, 53, 54, 55
43, 56, 57, 58
44, 59, 60, 61
45, 62, 59, 61
46, 63, 64, 65
47, 49, 66, 67
48, 49, 51, 66
49, 68, 69, 70
50, 71, 70, 72
51, 73, 74, 75
52, 42, 76, 43
53, 53, 77, 54
54, 78, 79, 77
55, 76, 75, 74
56, 70, 80, 44
57, 81, 82, 83
58, 84, 85, 86
59, 86, 85, 78
60, 36, 87, 41
61, 88, 89, 70
62, 90, 40, 87
63, 91, 92, 93
64, 91, 93, 94
65, 94, 93, 95
66, 94, 95, 96
67, 96, 95, 97
68, 96, 97, 98
69, 98, 97, 99
70, 98, 99, 100
71, 2, 1, 100
72, 2, 100, 99
73, 99, 101, 33
74, 99, 33, 2
75, 97, 102, 101
76, 97, 101, 99
77, 95, 103, 102
78, 95, 102, 97
79, 93, 104, 103
80, 93, 103, 95
81, 92, 105, 104
82, 92, 104, 93
83, 105, 34, 106
84, 105, 106, 104
85, 104, 106, 107
86, 104, 107, 103
87, 103, 107, 108
88, 103, 108, 102
89, 102, 108, 109
90, 102, 109, 101
91, 101, 109, 32
92, 101, 32, 33
93, 109, 110, 31
94, 109, 31, 32
95, 108, 111, 110
96, 108, 110, 109
97, 107, 112, 111
98, 107, 111, 108
99, 106, 113, 112
100, 106, 112, 107
101, 34, 36, 113
102, 34, 113, 106
103, 113, 38, 114
104, 113, 114, 112
105, 112, 114, 115
106, 112, 115, 111
107, 111, 115, 116
108, 111, 116, 110
109, 110, 116, 30
110, 110, 30, 31
111, 116, 117, 29
112, 116, 29, 30
113, 115, 118, 117
114, 115, 117, 116
115, 114, 90, 118
116, 114, 118, 115
117, 38, 40, 90
118, 38, 90, 114
119, 118, 60, 59
120, 118, 59, 117
121, 117, 59, 28
122, 117, 28, 29
123, 59, 119, 27
124, 59, 27, 28
125, 119, 120, 26
126, 119, 26, 27
127, 120, 121, 25
128, 120, 25, 26
129, 68, 122, 121
130, 68, 121, 120
131, 73, 123, 124
132, 73, 124, 71
133, 71, 124, 125
134, 71, 125, 122
135, 122, 125, 126
136, 122, 126, 121
137, 121, 126, 24
138, 121, 24, 25
139, 126, 127, 23
140, 126, 23, 24
141, 125, 128, 127
142, 125, 127, 126
143, 124, 129, 128
144, 124, 128, 125
145, 123, 130, 129
146, 123, 129, 124
147, 42, 131, 132
148, 42, 132, 130
149, 130, 132, 133
150, 130, 133, 129
151, 129, 133, 134
152, 129, 134, 128
153, 128, 134, 135
154, 128, 135, 127
155, 127, 135, 22
156, 127, 22, 23
157, 135, 136, 21
158, 135, 21, 22
159, 134, 137, 136
160, 134, 136, 135
161, 133, 138, 137
162, 133, 137, 134
163, 132, 139, 138
164, 132, 138, 133
165, 131, 140, 139
166, 131, 139, 132
167, 140, 141, 142
168, 140, 142, 139
169, 139, 142, 143
170, 139, 143, 138
171, 138, 143, 144
172, 138, 144, 137
173, 137, 144, 145
174, 137, 145, 136
175, 136, 145, 20
176, 136, 20, 21
177, 145, 146, 19
178, 145, 19, 20
179, 144, 147, 146
180, 144, 146, 145
181, 143, 148, 147
182, 143, 147, 144
183, 142, 149, 148
184, 142, 148, 143
185, 141, 150, 149
186, 141, 149, 142
187, 150, 151, 152
188, 150, 152, 149
189, 149, 152, 153
190, 149, 153, 148
191, 148, 153, 154
192, 148, 154, 147
193, 147, 154, 155
194, 147, 155, 146
195, 146, 155, 18
196, 146, 18, 19
197, 155, 156, 17
198, 155, 17, 18
199, 154, 157, 156
200, 154, 156, 155
201, 153, 158, 157
202, 153, 157, 154
203, 152, 159, 158
204, 152, 158, 153
205, 151, 160, 159
206, 151, 159, 152
207, 160, 161, 162
208, 160, 162, 159
209, 159, 162, 163
210, 159, 163, 158
211, 158, 163, 164
212, 158, 164, 157
213, 157, 164, 165
214, 157, 165, 156
215, 156, 165, 16
216, 156, 16, 17
217, 165, 166, 15
218, 165, 15, 16
219, 164, 167, 166
220, 164, 166, 165
221, 163, 168, 167
222, 163, 167, 164
223, 162, 169, 168
224, 162, 168, 163
225, 161, 45, 169
226, 161, 169, 162
227, 45, 47, 170
228, 45, 170, 169
229, 169, 170, 171
230, 169, 171, 168
231, 168, 171, 172
232, 168, 172, 167
233, 167, 172, 173
234, 167, 173, 166
235, 166, 173, 14
236, 166, 14, 15
237, 173, 174, 13
238, 173, 13, 14
239, 172, 175, 174
240, 172, 174, 173
241, 171, 176, 175
242, 171, 175, 172
243, 170, 64, 176
244, 170, 176, 171
245, 176, 52, 49
246, 176, 49, 175
247, 175, 49, 81
248, 175, 81, 174
249, 174, 81, 12
250, 174, 12, 13
251, 81, 177, 11
252, 81, 11, 12
253, 177, 178, 10
254, 177, 10, 11
255, 178, 179, 9
256, 178, 9, 10
257, 84, 55, 180
258, 84, 180, 181
259, 181, 180, 182
260, 181, 182, 179
261, 179, 182, 8
262, 179, 8, 9
263, 182, 183, 7
264, 182, 7, 8
265, 180, 184, 183
266, 180, 183, 182
267, 55, 185, 184
268, 55, 184, 180
269, 54, 186, 185
270, 54, 185, 55
271, 186, 187, 188
272, 186, 188, 185
273, 185, 188, 189
274, 185, 189, 184
275, 184, 189, 190
276, 184, 190, 183
277, 183, 190, 6
278, 183, 6, 7
279, 190, 191, 5
280, 190, 5, 6
281, 189, 192, 191
282, 189, 191, 190
283, 188, 193, 192
284, 188, 192, 189
285, 187, 194, 193
286, 187, 193, 188
287, 56, 195, 194
288, 56, 194, 187
289, 195, 196, 197
290, 195, 197, 194
291, 194, 197, 198
292, 194, 198, 193
293, 193, 198, 199
294, 193, 199, 192
295, 192, 199, 200
296, 192, 200, 191
297, 191, 200, 4
298, 191, 4, 5
299, 1, 4, 200
300, 1, 200, 100
301, 199, 98, 100
302, 199, 100, 200
303, 198, 96, 98
304, 198, 98, 199
305, 197, 94, 96
306, 197, 96, 198
307, 196, 91, 94
308, 196, 94, 197
309, 91, 78, 201
310, 91, 201, 92
311, 78, 91, 196
312, 78, 196, 202
313, 105, 92, 201
314, 105, 201, 203
315, 105, 203, 37
316, 105, 37, 34
317, 38, 113, 36
318, 38, 36, 41
319, 37, 87, 36
320, 37, 36, 35
321, 41, 87, 40
322, 41, 40, 39
323, 69, 68, 120
324, 69, 120, 204
325, 122, 68, 70
326, 122, 70, 71
327, 123, 73, 75
328, 123, 75, 76
329, 130, 123, 76
330, 130, 76, 42
331, 131, 42, 44
332, 131, 44, 80
333, 140, 131, 80
334, 140, 80, 205
335, 141, 140, 205
336, 141, 205, 89
337, 151, 150, 88
338, 151, 88, 206
339, 151, 206, 207
340, 151, 207, 160
341, 161, 160, 207
342, 161, 207, 208
343, 88, 52, 207
344, 88, 207, 206
345, 161, 208, 48
346, 161, 48, 45
347, 64, 170, 47
348, 64, 47, 65
349, 48, 52, 47
350, 48, 47, 46
351, 178, 209, 210
352, 178, 210, 179
353, 55, 84, 86
354, 55, 86, 53
355, 186, 54, 77
356, 186, 77, 79
357, 187, 186, 79
358, 187, 79, 211
359, 57, 56, 187
360, 57, 187, 211
361, 195, 56, 58
362, 195, 58, 212
363, 79, 78, 58
364, 79, 58, 57
365, 196, 195, 212
366, 196, 212, 202
367, 78, 202, 212
368, 78, 212, 58
369, 60, 78, 210
370, 60, 210, 61
371, 205, 80, 70
372, 205, 70, 89
373, 49, 67, 82
374, 49, 82, 81
375, 51, 69, 82
376, 51, 82, 66
377, 90, 87, 60
378, 90, 60, 118
379, 59, 62, 213
380, 59, 213, 119
381, 61, 210, 213
382, 61, 213, 62
383, 69, 51, 50
384, 69, 50, 52
385, 213, 204, 120
386, 213, 120, 119
387, 71, 72, 74
388, 71, 74, 73
389, 70, 76, 74
390, 70, 74, 72
391, 76, 70, 44
392, 76, 44, 43
393, 141, 89, 88
394, 141, 88, 150
395, 69, 52, 88
396, 69, 88, 70
397, 64, 63, 52
398, 64, 52, 176
399, 214, 209, 178
400, 214, 178, 177
401, 179, 210, 215
402, 179, 215, 181
403, 78, 85, 215
404, 78, 215, 210
405, 181, 215, 85
406, 181, 85, 84
407, 78, 77, 53
408, 78, 53, 86
409, 203, 60, 87
410, 203, 87, 37
411, 52, 48, 208
412, 52, 208, 207
413, 204, 83, 82
414, 204, 82, 69
415, 81, 83, 214
416, 81, 214, 177
417, 209, 214, 213
418, 209, 213, 210
419, 60, 203, 201
420, 60, 201, 78
421, 52, 63, 65
422, 52, 65, 47
423, 213, 214, 83
424, 213, 83, 204

Colors, 424
Triangle:, Red:, Green:, Blue:
1, 58, 1, 2
2, 58, 1, 2
3, 58, 1, 2
4, 58, 1, 2
5, 58, 1, 2
6, 58, 1, 2
7, 58, 1, 2
8, 58, 1, 2
9, 58, 1, 2
10, 58, 1, 2
11, 58, 1, 2
12, 58, 1, 2
13, 58, 1, 2
14, 58, 1, 2
15, 58, 1, 2
16, 58, 1, 2
17, 58, 1, 2
18, 58, 1, 2
19, 58, 1, 2
20, 58, 1, 2
21, 58, 1, 2
22, 58, 1, 2
23, 58, 1, 2
24, 58, 1, 2
25, 58, 1, 2
26, 58, 1, 2
27, 58, 1, 2
28, 58, 1, 2
29, 58, 1, 2
30, 58, 1, 2
31, 58, 1, 2
32, 58, 1, 2
33, 58, 1, 2
34, 58, 1, 2
35, 58, 1, 2
36, 58, 1, 2
37, 58, 1, 2
38, 58, 1, 2
39, 58, 1, 2
40, 58, 1, 2
41, 58, 1, 2
42, 58, 1, 2
43, 58, 1, 2
44, 58, 1, 2
45, 58, 1, 2
46, 58, 1, 2
47, 58, 1, 2
48, 58, 1, 2
49, 58, 1, 2
50, 58, 1, 2
51, 58, 1, 2
52, 58, 1, 2
53, 58, 1, 2
54, 58, 1, 2
55, 58, 1, 2
56, 58, 1, 2
57, 58, 1, 2
58, 58, 1, 2
59, 58, 1, 2
60, 58, 1, 2
61, 58, 1, 2
62, 58, 1, 2
63, 58, 1, 2
64, 58, 1, 2
65, 58, 1, 2
66, 58, 1, 2
67, 58, 1, 2
68, 58, 1, 2
69, 58, 1, 2
70, 58, 1, 2
71, 58, 1, 2
72, 58, 1, 2
73, 58, 1, 2
74, 58, 1, 2
75, 58, 1, 2
76, 58, 1, 2
77, 58, 1, 2
78, 58, 1, 2
79, 58, 1, 2
80, 58, 1, 2
81, 58, 1, 2
82, 58, 1, 2
83, 58, 1, 2
84, 58, 1, 2
85, 58, 1, 2
86, 58, 1, 2
87, 58, 1, 2
88, 58, 1, 2
89, 58, 1, 2
90, 58, 1, 2
91, 58, 1, 2
92, 58, 1, 2
93, 58, 1, 2
94, 58, 1, 2
95, 58, 1, 2
96, 58, 1, 2
97, 58, 1, 2
98, 58, 1, 2
99, 58, 1, 2
100, 58, 1, 2
101, 58, 1, 2
102, 58, 1, 2
103, 58, 1, 2
104, 58, 1, 2
105, 58, 1, 2
106, 58, 1, 2
107, 58, 1, 2
108, 58, 1, 2
109, 58, 1, 2
110, 58, 1, 2
111, 58, 1, 2
112, 58, 1, 2
113, 58, 1, 2
114, 58, 1, 2
115, 58, 1, 2
116, 58, 1, 2
117, 58, 1, 2
118, 58, 1, 2
119, 58, 1, 2
120, 58, 1, 2
121, 58, 1, 2
122, 58, 1, 2
123, 58, 1, 2
124, 58, 1, 2
125, 58, 1, 2
126, 58, 1, 2
127, 58, 1, 2
128, 58, 1, 2
129, 58, 1, 2
130, 58, 1, 2
131, 58, 1, 2
132, 58, 1, 2
133, 58, 1, 2
134, 58, 1, 2
135, 58, 1, 2
136, 58, 1, 2
137, 58, 1, 2
138, 58, 1, 2
139, 58, 1, 2
140, 58, 1, 2
141, 58, 1, 2
142, 58, 1, 2
143, 58, 1, 2
144, 58, 1, 2
145, 58, 1, 2
146, 58, 1, 2
147, 58, 1, 2
148, 58, 1, 2
149, 58, 1, 2
150, 58, 1, 2
151, 58, 1, 2
152, 58, 1, 2
153, 58, 1, 2
154, 58, 1, 2
155, 58, 1, 2
156, 58, 1, 2
157, 58, 1, 2
158, 58, 1, 2
159, 58, 1, 2
160, 58, 1, 2
161, 58, 1, 2
162, 58, 1, 2
163, 58, 1, 2
164, 58, 1, 2
165, 58, 1, 2
166, 58, 1, 2
167, 58, 1, 2
168, 58, 1, 2
169, 58, 1, 2
170, 58, 1, 2
171, 58, 1, 2
172, 58, 1, 2
173, 58, 1, 2
174, 58, 1, 2
175, 58, 1, 2
176, 58, 1, 2
177, 58, 1, 2
178, 58, 1, 2
179, 58, 1, 2
180, 58, 1, 2
181, 58, 1, 2
182, 58, 1, 2
183, 58, 1, 2
184, 58, 1, 2
185, 58, 1, 2
186, 58, 1, 2
187, 58, 1, 2
188, 58, 1, 2
189, 58, 1, 2
190, 58, 1, 2
191, 58, 1, 2
192, 58, 1, 2
193, 58, 1, 2
194, 58, 1, 2
195, 58, 1, 2
196, 58, 1, 2
197, 58, 1, 2
198, 58, 1, 2
199, 58, 1, 2
200, 58, 1, 2
201, 58, 1, 2
202, 58, 1, 2
203, 58, 1, 2
204, 58, 1, 2
205, 58, 1, 2
206, 58, 1, 2
207, 58, 1, 2
208, 58, 1, 2
209, 58, 1, 2
210, 58, 1, 2
211, 58, 1, 2
212, 58, 1, 2
213, 58, 1, 2
214, 58, 1, 2
215, 58, 1, 2
216, 58, 1, 2
217, 58, 1, 2
218, 58, 1, 2
219, 58, 1, 2
220, 58, 1, 2
221, 58, 1, 2
222, 58, 1, 2
223, 58, 1, 2
224, 58, 1, 2
225, 58, 1, 2
226, 58, 1, 2
227, 58, 1, 2
228, 58, 1, 2
229, 58, 1, 2
230, 58, 1, 2
231, 58, 1, 2
232, 58, 1, 2
233, 58, 1, 2
234, 58, 1, 2
235, 58, 1, 2
236, 58, 1, 2
237, 58, 1, 2
238, 58, 1, 2
239, 58, 1, 2
240, 58, 1, 2
241, 58, 1, 2
242, 58, 1, 2
243, 58, 1, 2
244, 58, 1, 2
245, 58, 1, 2
246, 58, 1, 2
247, 58, 1, 2
248, 58, 1, 2
249, 58, 1, 2
250, 58, 1, 2
251, 58, 1, 2
252, 58, 1, 2
253, 58, 1, 2
254, 58, 1, 2
255, 58, 1, 2
256, 58, 1, 2
257, 58, 1, 2
258, 58, 1, 2
259, 58, 1, 2
260, 58, 1, 2
261, 58, 1, 2
262, 58, 1, 2
263, 58, 1, 2
264, 58, 1, 2
265, 58, 1, 2
266, 58, 1, 2
267, 58, 1, 2
268, 58, 1, 2
269, 58, 1, 2
270, 58, 1, 2
271, 58, 1, 2
272, 58, 1, 2
273, 58, 1, 2
274, 58, 1, 2
275, 58, 1, 2
276, 58, 1, 2
277, 58, 1, 2
278, 58, 1, 2
279, 58, 1, 2
280, 58, 1, 2
281, 58, 1, 2
282, 58, 1, 2
283, 58, 1, 2
284, 58, 1, 2
285, 58, 1, 2
286, 58, 1, 2
287, 58, 1, 2
288, 58, 1, 2
289, 58, 1, 2
290, 58, 1, 2
291, 58, 1, 2
292, 58, 1, 2
293, 58, 1, 2
294, 58, 1, 2
295, 58, 1, 2
296, 58, 1, 2
297, 58, 1, 2
298, 58, 1, 2
299, 58, 1, 2
300, 58, 1, 2
301, 58, 1, 2
302, 58, 1, 2
303, 58, 1, 2
304, 58, 1, 2
305, 58, 1, 2
306, 58, 1, 2
307, 58, 1, 2
308, 58, 1, 2
309, 58, 1, 2
310, 58, 1, 2
311, 58, 1, 2
312, 58, 1, 2
313, 58, 1, 2
314, 58, 1, 2
315, 58, 1, 2
316, 58, 1, 2
317, 58, 1, 2
318, 58, 1, 2
319, 58, 1, 2
320, 58, 1, 2
321, 58, 1, 2
322, 58, 1, 2
323, 58, 1, 2
324, 58, 1, 2
325, 58, 1, 2
326, 58, 1, 2
327, 58, 1, 2
328, 58, 1, 2
329, 58, 1, 2
330, 58, 1, 2
331, 58, 1, 2
332, 58, 1, 2
333, 58, 1, 2
334, 58, 1, 2
335, 58, 1, 2
336, 58, 1, 2
337, 58, 1, 2
338, 58, 1, 2
339, 58, 1, 2
340, 58, 1, 2
341, 58, 1, 2
342, 58, 1, 2
343, 58, 1, 2
344, 58, 1, 2
345, 58, 1, 2
346, 58, 1, 2
347, 58, 1, 2
348, 58, 1, 2
349, 58, 1, 2
350, 58, 1, 2
351, 58, 1, 2
352, 58, 1, 2
353, 58, 1, 2
354, 58, 1, 2
355, 58, 1, 2
356, 58, 1, 2
357, 58, 1, 2
358, 58, 1, 2
359, 58, 1, 2
360, 58, 1, 2
361, 58, 1, 2
362, 58, 1, 2
363, 58, 1, 2
364, 58, 1, 2
365, 58, 1, 2
366, 58, 1, 2
367, 58, 1, 2
368, 58, 1, 2
369, 58, 1, 2
370, 58, 1, 2
371, 58, 1, 2
372, 58, 1, 2
373, 58, 1, 2
374, 58, 1, 2
375, 58, 1, 2
376, 58, 1, 2
377, 58, 1, 2
378, 58, 1, 2
379, 58, 1, 2
380, 58, 1, 2
381, 58, 1, 2
382, 58, 1, 2
383, 58, 1, 2
384, 58, 1, 2
385, 58, 1, 2
386, 58, 1, 2
387, 58, 1, 2
388, 58, 1, 2
389, 58, 1, 2
390, 58, 1, 2
391, 58, 1, 2
392, 58, 1, 2
393, 58, 1, 2
394, 58, 1, 2
395, 58, 1, 2
396, 58, 1, 2
397, 58, 1, 2
398, 58, 1, 2
399, 58, 1, 2
400, 58, 1, 2
401, 58, 1, 2
402, 58, 1, 2
403, 58, 1, 2
404, 58, 1, 2
405, 58, 1, 2
406, 58, 1, 2
407, 58, 1, 2
408, 58, 1, 2
409, 58, 1, 2
410, 58, 1, 2
411, 58, 1, 2
412, 58, 1, 2
413, 58, 1, 2
414, 58, 1, 2
415, 58, 1, 2
416, 58, 1, 2
417, 58, 1, 2
418, 58, 1, 2
419, 58, 1, 2
420, 58, 1, 2
421, 58, 1, 2
422, 58, 1, 2
423, 58, 1, 2
424, 58, 1, 2
