Objects, 1
Object:, First Vertice:, Vertices:, First Triangle:, Triangles:
Sphere.000, 1, 215, 1, 486

Vertices, 215
Vertice:, X:, Y:, Z:
1, 0.20457125827670097, -2.0263707265257835, -1.0403049336746335
2, 0.20313597843050957, -2.0263544842600822, -1.045271763112396
3, 0.22906670546217356, -2.026647920720279, -1.0500745487716898
4, 0.2069476656615734, -2.0263976184651256, -1.0357134584337473
5, 0.21017423644661903, -2.0264341309666634, -1.0316739734262228
6, 0.21412677224725485, -2.026478858664632, -1.0283415149897337
7, 0.2186535121873021, -2.0265300842002034, -1.025844344869256
8, 0.22358037251979113, -2.02658583689481, -1.0242782067507505
9, 0.22871809315984137, -2.026643975637853, -1.0237035304307938
10, 0.23386918473988771, -2.0267022671177983, -1.024142162874341
11, 0.23883574083447456, -2.0267584696412086, -1.0255774222314358
12, 0.24342687707394361, -2.026810422539711, -1.0279540941119194
13, 0.24746610410511494, -2.0268561309203506, -1.0311808716505766
14, 0.25079835020005703, -2.0268938401713967, -1.0351336589083076
15, 0.2532953582704067, -2.026922097429633, -1.039660689420998
16, 0.2548613976687193, -2.0269398177042603, -1.044587864074856
17, 0.2554360367357731, -2.0269463201984763, -1.049725912132999
18, 0.2549974322319031, -2.0269413562491536, -1.0548773342743516
19, 0.2535622641444206, -2.02692511677742, -1.0598442079499364
20, 0.2511857431381941, -2.026898222975433, -1.0644356375560164
21, 0.24795917235314846, -2.026861710473895, -1.0684751234948635
22, 0.2440066384151578, -2.0268169827759266, -1.0718075819313526
23, 0.2394798994064331, -2.0267657563090324, -1.0743047520518303
24, 0.2345530386082828, -2.0267100045457482, -1.0758708901703358
25, 0.22941531793912873, -2.0266518648713827, -1.0764455683529377
26, 0.2242642268538475, -2.02659357432276, -1.0760069340467453
27, 0.21929767075926065, -2.02653737179935, -1.0745716746896505
28, 0.2147065345197916, -2.026485417969525, -1.072195002809167
29, 0.2106673065572977, -2.0264397095888853, -1.0689682271331549
30, 0.2073350604623556, -2.0264020012691617, -1.0650154380127788
31, 0.20483805239200592, -2.026373744942248, -1.0604884093627334
32, 0.2032720148563385, -2.0263560228049755, -1.0555612333118916
33, 0.2026973720639944, -2.026349521242082, -1.0504231842933223
34, 0.223812953568995, -2.00951374322176, -1.0512331774225459
35, 0.22389751812443137, -2.0095147006213665, -1.0514993279939517
36, 0.22347146505489945, -2.009731028228998, -1.0525614358484745
37, 0.22402157029137015, -2.009495122358203, -1.0511888455366716
38, 0.22023995779454708, -2.0110978800803423, -1.0562632596120238
39, 0.22142076073214412, -2.011111242696643, -1.0576640251092613
40, 0.22111843526363373, -2.0114889573305845, -1.05841133184731
41, 0.22264637565240264, -2.0102427881211042, -1.054615670349449
42, 0.2314588010776788, -2.0096002649515867, -1.055191116873175
43, 0.23141972348093987, -2.009599821642041, -1.0552035099826753
44, 0.23144114529713988, -2.0095956549048424, -1.055149917025119
45, 0.2343761408701539, -2.0096332784742117, -1.0478755079675466
46, 0.23435631580650806, -2.009633054956794, -1.0478396227117628
47, 0.23504844261333346, -2.0100843720138073, -1.0460914405994117
48, 0.23433499364182353, -2.009628403931856, -1.047893214970827
49, 0.24016229156404734, -2.0175118762999773, -1.033144298940897
50, 0.2400753116235137, -2.0173774864524603, -1.033280597999692
51, 0.2401339877396822, -2.0175115540623665, -1.0331296753138304
52, 0.2385102054104209, -2.0139427799731493, -1.0373022565618157
53, 0.22878961829701439, -2.0111946295946836, -1.0391856553032994
54, 0.22696898528374732, -2.011174026876688, -1.0393893467262387
55, 0.22591254650615156, -2.013800224289298, -1.0345620727166533
56, 0.22610512399114668, -2.009539682418108, -1.0454852618277073
57, 0.2263496236409992, -2.0095424484461546, -1.0453503536991775
58, 0.22622604598291218, -2.0095200669020414, -1.0456608356907964
59, 0.21619873773306608, -2.0215667244046926, -1.0699823889881372
60, 0.21775987837463617, -2.0172583647072315, -1.066668575629592
61, 0.21722223982214928, -2.018894135951996, -1.0679701901972294
62, 0.2174285100772977, -2.018896471709013, -1.0681348517537117
63, 0.23663889151066542, -2.011283453553915, -1.0420696716755629
64, 0.23686284106224775, -2.011285986751318, -1.0422485703602433
65, 0.23636524053290486, -2.011062905192375, -1.0427620583213866
66, 0.24014419224113226, -2.017546482384205, -1.0331030990928411
67, 0.24014461692422628, -2.0175479166209698, -1.0331019926816225
68, 0.22549584484659135, -2.0173459071666002, -1.06992232427001
69, 0.22546524507924914, -2.0173455607146025, -1.0699134562164545
70, 0.22552694007754326, -2.0172128546983004, -1.069762533530593
71, 0.22942133803735487, -2.013839930295944, -1.0659326538443565
72, 0.22716937097720802, -2.0138144455850124, -1.0657408740371466
73, 0.22938597563188523, -2.0112013779580593, -1.0609977832064033
74, 0.22910038428381085, -2.0111981462687254, -1.0609734607860446
75, 0.22937895593349822, -2.010983845219016, -1.0602810755372047
76, 0.2307175607420504, -2.010035363957286, -1.0569516909308732
77, 0.2275839694775641, -2.010298663750291, -1.0422340109944344
78, 0.22512481454759836, -2.0094186700880527, -1.0484248402062804
79, 0.22677067178301513, -2.009768359363079, -1.0442882454954088
80, 0.23192218132317066, -2.009519673883915, -1.0539459665305912
81, 0.24204636178910732, -2.021859221160412, -1.030166707932949
82, 0.24049891903996468, -2.01876269467175, -1.032179182395339
83, 0.24061451386660337, -2.019158849492669, -1.0318781100213528
84, 0.22900200051662978, -2.013835184276104, -1.034216444939375
85, 0.23068429075647146, -2.0138542223721743, -1.0343596655875444
86, 0.22908331878716126, -2.0115790888667107, -1.038438349030912
87, 0.21946638822555542, -2.0137272775173187, -1.0624900162220001
88, 0.23288987297564745, -2.0094526577740908, -1.0515215661143884
89, 0.23260197485797107, -2.0094569083303213, -1.0522432944271713
90, 0.21814724244177341, -2.013712350279093, -1.0614361613988876
91, 0.2240873291157186, -2.0095168482512236, -1.0480115518439561
92, 0.22378431353718042, -2.009513419121504, -1.0490603875368834
93, 0.21850066911429167, -2.0110781993716955, -1.0480851898901165
94, 0.21909512020647526, -2.0110849253833294, -1.0460278210230172
95, 0.2136183250695467, -2.0136610995978117, -1.047186449635774
96, 0.21448140684515238, -2.0136708691716194, -1.0441996213048697
97, 0.20932499505579472, -2.017162913456559, -1.0463986622635275
98, 0.21042348630726337, -2.017175344750285, -1.0425972063094378
99, 0.20578554458916187, -2.021448887884617, -1.0457521849311888
100, 0.20707714557647705, -2.021463504061103, -1.0412820940837264
101, 0.20539072342216969, -2.021444419398904, -1.0503883310011588
102, 0.2089893128722906, -2.0171591155231, -1.050341361464234
103, 0.2133545782417059, -2.0136581156402826, -1.0502842316345777
104, 0.2183189857751131, -2.0110761430114508, -1.0502190150582464
105, 0.22369162226095796, -2.009512370452285, -1.0501481870451244
106, 0.21855700016021729, -2.0110788363963366, -1.0523472286295146
107, 0.2137001845985651, -2.013662027195096, -1.0533738827798516
108, 0.2094290852546692, -2.017164094373584, -1.0542739005759358
109, 0.20590799488127232, -2.0214502718299627, -1.055012471973896
110, 0.20731727220118046, -2.0214662197977304, -1.0594468032941222
111, 0.21062764152884483, -2.0171776562929153, -1.0580449914559722
112, 0.21464182995259762, -2.0136726815253496, -1.0563368978910148
113, 0.21920573245733976, -2.0110861770808697, -1.0543880891054869
114, 0.21614351123571396, -2.013689676299691, -1.0590591989457607
115, 0.2125387918204069, -2.017199283465743, -1.061509802006185
116, 0.20956459641456604, -2.021491650491953, -1.0635209316387773
117, 0.21256347745656967, -2.0215255860239267, -1.067078435793519
118, 0.21508924197405577, -2.0172281451523304, -1.064535136334598
119, 0.22033065650612116, -2.0216134805232286, -1.0721213649958372
120, 0.22480046236887574, -2.021664062514901, -1.0734130460768938
121, 0.22943631187081337, -2.021716522052884, -1.073807891458273
122, 0.22943829203722998, -2.0173905193805695, -1.0702580250799656
123, 0.23151405272074044, -2.0112254600971937, -1.0607597520574927
124, 0.23251079162582755, -2.01387489028275, -1.0655870251357555
125, 0.2333705802448094, -2.0174350179731846, -1.0698182247579098
126, 0.23406015569344163, -2.021768845617771, -1.073290590196848
127, 0.238494205288589, -2.0218190234154463, -1.0718812197446823
128, 0.23714143130928278, -2.0174776911735535, -1.0686195902526379
129, 0.23547361698001623, -2.0139084178954363, -1.0646453211084008
130, 0.2335547828115523, -2.011248553171754, -1.0601109769195318
131, 0.23241467727348208, -2.0096110813319683, -1.0546638364903629
132, 0.2354298336431384, -2.011269772425294, -1.0590766863897443
133, 0.23819574527442455, -2.0139392223209143, -1.0631435411050916
134, 0.24060601647943258, -2.0175168961286545, -1.066708318889141
135, 0.242568071000278, -2.0218651238828897, -1.0696337521076202
136, 0.24612534791231155, -2.021905379369855, -1.0666346792131662
137, 0.2436311598867178, -2.017551127821207, -1.064157704822719
138, 0.2405725559219718, -2.013966118916869, -1.061139683239162
139, 0.23706699535250664, -2.011288298293948, -1.0576963578350842
140, 0.23324931506067514, -2.00962052680552, -1.0539601193740964
141, 0.23393060080707073, -2.0096282362937927, -1.0531070700380951
142, 0.23840350471436977, -2.01130342297256, -1.0560231157578528
143, 0.2425128435716033, -2.0139880757778883, -1.0587105629965663
144, 0.2461006622761488, -2.017579073086381, -1.0610660454258323
145, 0.24902911670506, -2.0219382382929325, -1.0629991870373487
146, 0.25116795487701893, -2.021962442435324, -1.0588670037686825
147, 0.24791950918734074, -2.01759965531528, -1.0575518915429711
148, 0.24394193291664124, -2.014004247263074, -1.0559494774788618
149, 0.2393879173323512, -2.0113145615905523, -1.0541212763637304
150, 0.2344324723817408, -2.0096339154988527, -1.052137546474114
151, 0.2347354874946177, -2.0096373446285725, -1.05108871194534
152, 0.23998236935585737, -2.0113212894648314, -1.0520639074966311
153, 0.24480501376092434, -2.0140140149742365, -1.0529626477509737
154, 0.24901800230145454, -2.017612086609006, -1.0537504360545427
155, 0.2524595558643341, -2.021977056749165, -1.05439691292122
156, 0.2528543770313263, -2.0219815243035555, -1.049760766356485
157, 0.2493536826223135, -2.0176158864051104, -1.049807737057563
158, 0.24506876058876514, -2.0140169989317656, -1.0498648661596235
159, 0.2401640536263585, -2.011323345825076, -1.0499300826340914
160, 0.23482817970216274, -2.0096383932977915, -1.050000911251118
161, 0.2347068479284644, -2.0096370205283165, -1.048915920779109
162, 0.23992603830993176, -2.011320650577545, -1.0478018699213862
163, 0.2447231523692608, -2.0140130892395973, -1.0467752157710493
164, 0.24891390837728977, -2.0176109094172716, -1.045875197276473
165, 0.25233710557222366, -2.021975670941174, -1.0451366254128516
166, 0.25092782638967037, -2.021959723904729, -1.040702293626964
167, 0.24771535396575928, -2.017597345635295, -1.0421041045337915
168, 0.243781509809196, -2.0140024311840534, -1.0438122008927166
169, 0.2392773050814867, -2.011313309893012, -1.0457610092125833
170, 0.23824308067560196, -2.0113016068935394, -1.043885838240385
171, 0.2422798266634345, -2.013985438272357, -1.0410898989066482
172, 0.2458042036741972, -2.0175757203251123, -1.038639297708869
173, 0.2486805021762848, -2.0219342950731516, -1.0366281680762768
174, 0.2456816229969263, -2.0219003576785326, -1.0330706629902124
175, 0.24325375258922577, -2.017546858638525, -1.0356139596551657
176, 0.24027609638869762, -2.0139627642929554, -1.0387129355221987
177, 0.23791444301605225, -2.0218124631792307, -1.028027731925249
178, 0.23344463855028152, -2.0217618830502033, -1.0267360489815474
179, 0.22880878836440388, -2.0217094235122204, -1.0263412036001682
180, 0.22497241524979472, -2.0173399839550257, -1.0303308740258217
181, 0.22890470264974283, -2.017384482547641, -1.0298910718411207
182, 0.2241849433630705, -2.021657098084688, -1.0268585085868835
183, 0.21975089516490698, -2.021606922149658, -1.028267877176404
184, 0.22120156371966004, -2.017297312617302, -1.0315295066684484
185, 0.2229497218504548, -2.013766696676612, -1.035503776744008
186, 0.22492825472727418, -2.011150933802128, -1.040038120932877
187, 0.22305320389568806, -2.011129714548588, -1.041072410531342
188, 0.22022759355604649, -2.013735894113779, -1.0370055558159947
189, 0.21773697715252638, -2.017258107662201, -1.0334407798945904
190, 0.21567703038454056, -2.0215608216822147, -1.0305153466761112
191, 0.21211975067853928, -2.0215205661952496, -1.03351441770792
192, 0.21471183467656374, -2.017223874107003, -1.0359913930296898
193, 0.21785078197717667, -2.013708995655179, -1.0390094136819243
194, 0.22141604265198112, -2.0111111905425787, -1.0424527414143085
195, 0.22527048690244555, -2.0095302369445562, -1.0461889789439738
196, 0.22458920069038868, -2.0095225274562836, -1.047042028279975
197, 0.2200795328244567, -2.011096065863967, -1.0441259816288948
198, 0.21591049525886774, -2.01368703879416, -1.04143853392452
199, 0.21224233508110046, -2.017195926979184, -1.0390830524265766
200, 0.20921598374843597, -2.021487705409527, -1.0371499098837376
201, 0.2247965894639492, -2.009423542767763, -1.0492476644576527
202, 0.22545284521766007, -2.009430967271328, -1.0476020171772689
203, 0.22444112645462155, -2.009447054937482, -1.0501382527145324
204, 0.22494756570085883, -2.01898155733943, -1.071165019646287
205, 0.23229017644189298, -2.0094775818288326, -1.053024483146146
206, 0.23317760089412332, -2.009463422000408, -1.0507998375105672
207, 0.23348885169252753, -2.0094911456108093, -1.0500186481694982
208, 0.23385579977184534, -2.009541554376483, -1.049097165465355
209, 0.2330739083699882, -2.0190735179930925, -1.0289019793272018
210, 0.23281094199046493, -2.019070541486144, -1.02887948974967
211, 0.22665948420763016, -2.009708685800433, -1.0445687207393348
212, 0.22580768540501595, -2.009462520480156, -1.0467114276252687
213, 0.22117695352062583, -2.0189388897269964, -1.070075323805213
214, 0.23712888732552528, -2.019119404256344, -1.0300737749785185
215, 0.23231045808643103, -2.0174230225384235, -1.0301811043173075

Triangles, 424
Triangle:, Side1:, Side2:, Side3:
1, 1, 2, 3
2, 4, 1, 3
3, 5, 4, 3
4, 6, 5, 3
5, 7, 6, 3
6, 8, 7, 3
7, 9, 8, 3
8, 10, 9, 3
9, 11, 10, 3
10, 12, 11, 3
11, 13, 12, 3
12, 14, 13, 3
13, 15, 14, 3
14, 16, 15, 3
15, 17, 16, 3
16, 18, 17, 3
17, 19, 18, 3
18, 20, 19, 3
19, 21, 20, 3
20, 22, 21, 3
21, 23, 22, 3
22, 24, 23, 3
23, 25, 24, 3
24, 26, 25, 3
25, 27, 26, 3
26, 28, 27, 3
27, 29, 28, 3
28, 30, 29, 3
29, 31, 30, 3
30, 32, 31, 3
31, 33, 32, 3
32, 2, 33, 3
33, 34, 35, 36
34, 35, 34, 37
35, 38, 39, 40
36, 39, 38, 41
37, 42, 43, 44
38, 45, 46, 47
39, 46, 45, 48
40, 49, 50, 51
41, 52, 50, 49
42, 53, 54, 55
43, 56, 57, 58
44, 59, 60, 61
45, 62, 59, 61
46, 63, 64, 65
47, 49, 66, 67
48, 49, 51, 66
49, 68, 69, 70
50, 71, 70, 72
51, 73, 74, 75
52, 42, 76, 43
53, 53, 77, 54
54, 78, 79, 77
55, 76, 75, 74
56, 70, 80, 44
57, 81, 82, 83
58, 84, 85, 86
59, 86, 85, 78
60, 36, 87, 41
61, 88, 89, 70
62, 90, 40, 87
63, 91, 92, 93
64, 91, 93, 94
65, 94, 93, 95
66, 94, 95, 96
67, 96, 95, 97
68, 96, 97, 98
69, 98, 97, 99
70, 98, 99, 100
71, 2, 1, 100
72, 2, 100, 99
73, 99, 101, 33
74, 99, 33, 2
75, 97, 102, 101
76, 97, 101, 99
77, 95, 103, 102
78, 95, 102, 97
79, 93, 104, 103
80, 93, 103, 95
81, 92, 105, 104
82, 92, 104, 93
83, 105, 34, 106
84, 105, 106, 104
85, 104, 106, 107
86, 104, 107, 103
87, 103, 107, 108
88, 103, 108, 102
89, 102, 108, 109
90, 102, 109, 101
91, 101, 109, 32
92, 101, 32, 33
93, 109, 110, 31
94, 109, 31, 32
95, 108, 111, 110
96, 108, 110, 109
97, 107, 112, 111
98, 107, 111, 108
99, 106, 113, 112
100, 106, 112, 107
101, 34, 36, 113
102, 34, 113, 106
103, 113, 38, 114
104, 113, 114, 112
105, 112, 114, 115
106, 112, 115, 111
107, 111, 115, 116
108, 111, 116, 110
109, 110, 116, 30
110, 110, 30, 31
111, 116, 117, 29
112, 116, 29, 30
113, 115, 118, 117
114, 115, 117, 116
115, 114, 90, 118
116, 114, 118, 115
117, 38, 40, 90
118, 38, 90, 114
119, 118, 60, 59
120, 118, 59, 117
121, 117, 59, 28
122, 117, 28, 29
123, 59, 119, 27
124, 59, 27, 28
125, 119, 120, 26
126, 119, 26, 27
127, 120, 121, 25
128, 120, 25, 26
129, 68, 122, 121
130, 68, 121, 120
131, 73, 123, 124
132, 73, 124, 71
133, 71, 124, 125
134, 71, 125, 122
135, 122, 125, 126
136, 122, 126, 121
137, 121, 126, 24
138, 121, 24, 25
139, 126, 127, 23
140, 126, 23, 24
141, 125, 128, 127
142, 125, 127, 126
143, 124, 129, 128
144, 124, 128, 125
145, 123, 130, 129
146, 123, 129, 124
147, 42, 131, 132
148, 42, 132, 130
149, 130, 132, 133
150, 130, 133, 129
151, 129, 133, 134
152, 129, 134, 128
153, 128, 134, 135
154, 128, 135, 127
155, 127, 135, 22
156, 127, 22, 23
157, 135, 136, 21
158, 135, 21, 22
159, 134, 137, 136
160, 134, 136, 135
161, 133, 138, 137
162, 133, 137, 134
163, 132, 139, 138
164, 132, 138, 133
165, 131, 140, 139
166, 131, 139, 132
167, 140, 141, 142
168, 140, 142, 139
169, 139, 142, 143
170, 139, 143, 138
171, 138, 143, 144
172, 138, 144, 137
173, 137, 144, 145
174, 137, 145, 136
175, 136, 145, 20
176, 136, 20, 21
177, 145, 146, 19
178, 145, 19, 20
179, 144, 147, 146
180, 144, 146, 145
181, 143, 148, 147
182, 143, 147, 144
183, 142, 149, 148
184, 142, 148, 143
185, 141, 150, 149
186, 141, 149, 142
187, 150, 151, 152
188, 150, 152, 149
189, 149, 152, 153
190, 149, 153, 148
191, 148, 153, 154
192, 148, 154, 147
193, 147, 154, 155
194, 147, 155, 146
195, 146, 155, 18
196, 146, 18, 19
197, 155, 156, 17
198, 155, 17, 18
199, 154, 157, 156
200, 154, 156, 155
201, 153, 158, 157
202, 153, 157, 154
203, 152, 159, 158
204, 152, 158, 153
205, 151, 160, 159
206, 151, 159, 152
207, 160, 161, 162
208, 160, 162, 159
209, 159, 162, 163
210, 159, 163, 158
211, 158, 163, 164
212, 158, 164, 157
213, 157, 164, 165
214, 157, 165, 156
215, 156, 165, 16
216, 156, 16, 17
217, 165, 166, 15
218, 165, 15, 16
219, 164, 167, 166
220, 164, 166, 165
221, 163, 168, 167
222, 163, 167, 164
223, 162, 169, 168
224, 162, 168, 163
225, 161, 45, 169
226, 161, 169, 162
227, 45, 47, 170
228, 45, 170, 169
229, 169, 170, 171
230, 169, 171, 168
231, 168, 171, 172
232, 168, 172, 167
233, 167, 172, 173
234, 167, 173, 166
235, 166, 173, 14
236, 166, 14, 15
237, 173, 174, 13
238, 173, 13, 14
239, 172, 175, 174
240, 172, 174, 173
241, 171, 176, 175
242, 171, 175, 172
243, 170, 64, 176
244, 170, 176, 171
245, 176, 52, 49
246, 176, 49, 175
247, 175, 49, 81
248, 175, 81, 174
249, 174, 81, 12
250, 174, 12, 13
251, 81, 177, 11
252, 81, 11, 12
253, 177, 178, 10
254, 177, 10, 11
255, 178, 179, 9
256, 178, 9, 10
257, 84, 55, 180
258, 84, 180, 181
259, 181, 180, 182
260, 181, 182, 179
261, 179, 182, 8
262, 179, 8, 9
263, 182, 183, 7
264, 182, 7, 8
265, 180, 184, 183
266, 180, 183, 182
267, 55, 185, 184
268, 55, 184, 180
269, 54, 186, 185
270, 54, 185, 55
271, 186, 187, 188
272, 186, 188, 185
273, 185, 188, 189
274, 185, 189, 184
275, 184, 189, 190
276, 184, 190, 183
277, 183, 190, 6
278, 183, 6, 7
279, 190, 191, 5
280, 190, 5, 6
281, 189, 192, 191
282, 189, 191, 190
283, 188, 193, 192
284, 188, 192, 189
285, 187, 194, 193
286, 187, 193, 188
287, 56, 195, 194
288, 56, 194, 187
289, 195, 196, 197
290, 195, 197, 194
291, 194, 197, 198
292, 194, 198, 193
293, 193, 198, 199
294, 193, 199, 192
295, 192, 199, 200
296, 192, 200, 191
297, 191, 200, 4
298, 191, 4, 5
299, 1, 4, 200
300, 1, 200, 100
301, 199, 98, 100
302, 199, 100, 200
303, 198, 96, 98
304, 198, 98, 199
305, 197, 94, 96
306, 197, 96, 198
307, 196, 91, 94
308, 196, 94, 197
309, 91, 78, 201
310, 91, 201, 92
311, 78, 91, 196
312, 78, 196, 202
313, 105, 92, 201
314, 105, 201, 203
315, 105, 203, 37
316, 105, 37, 34
317, 38, 113, 36
318, 38, 36, 41
319, 37, 87, 36
320, 37, 36, 35
321, 41, 87, 40
322, 41, 40, 39
323, 69, 68, 120
324, 69, 120, 204
325, 122, 68, 70
326, 122, 70, 71
327, 123, 73, 75
328, 123, 75, 76
329, 130, 123, 76
330, 130, 76, 42
331, 131, 42, 44
332, 131, 44, 80
333, 140, 131, 80
334, 140, 80, 205
335, 141, 140, 205
336, 141, 205, 89
337, 151, 150, 88
338, 151, 88, 206
339, 151, 206, 207
340, 151, 207, 160
341, 161, 160, 207
342, 161, 207, 208
343, 88, 52, 207
344, 88, 207, 206
345, 161, 208, 48
346, 161, 48, 45
347, 64, 170, 47
348, 64, 47, 65
349, 48, 52, 47
350, 48, 47, 46
351, 178, 209, 210
352, 178, 210, 179
353, 55, 84, 86
354, 55, 86, 53
355, 186, 54, 77
356, 186, 77, 79
357, 187, 186, 79
358, 187, 79, 211
359, 57, 56, 187
360, 57, 187, 211
361, 195, 56, 58
362, 195, 58, 212
363, 79, 78, 58
364, 79, 58, 57
365, 196, 195, 212
366, 196, 212, 202
367, 78, 202, 212
368, 78, 212, 58
369, 60, 78, 210
370, 60, 210, 61
371, 205, 80, 70
372, 205, 70, 89
373, 49, 67, 82
374, 49, 82, 81
375, 51, 69, 82
376, 51, 82, 66
377, 90, 87, 60
378, 90, 60, 118
379, 59, 62, 213
380, 59, 213, 119
381, 61, 210, 213
382, 61, 213, 62
383, 69, 51, 50
384, 69, 50, 52
385, 213, 204, 120
386, 213, 120, 119
387, 71, 72, 74
388, 71, 74, 73
389, 70, 76, 74
390, 70, 74, 72
391, 76, 70, 44
392, 76, 44, 43
393, 141, 89, 88
394, 141, 88, 150
395, 69, 52, 88
396, 69, 88, 70
397, 64, 63, 52
398, 64, 52, 176
399, 214, 209, 178
400, 214, 178, 177
401, 179, 210, 215
402, 179, 215, 181
403, 78, 85, 215
404, 78, 215, 210
405, 181, 215, 85
406, 181, 85, 84
407, 78, 77, 53
408, 78, 53, 86
409, 203, 60, 87
410, 203, 87, 37
411, 52, 48, 208
412, 52, 208, 207
413, 204, 83, 82
414, 204, 82, 69
415, 81, 83, 214
416, 81, 214, 177
417, 209, 214, 213
418, 209, 213, 210
419, 60, 203, 201
420, 60, 201, 78
421, 52, 63, 65
422, 52, 65, 47
423, 213, 214, 83
424, 213, 83, 204

Colors, 424
Triangle:, Red:, Green:, Blue:
1, 58, 1, 2
2, 58, 1, 2
3, 58, 1, 2
4, 58, 1, 2
5, 58, 1, 2
6, 58, 1, 2
7, 58, 1, 2
8, 58, 1, 2
9, 58, 1, 2
10, 58, 1, 2
11, 58, 1, 2
12, 58, 1, 2
13, 58, 1, 2
14, 58, 1, 2
15, 58, 1, 2
16, 58, 1, 2
17, 58, 1, 2
18, 58, 1, 2
19, 58, 1, 2
20, 58, 1, 2
21, 58, 1, 2
22, 58, 1, 2
23, 58, 1, 2
24, 58, 1, 2
25, 58, 1, 2
26, 58, 1, 2
27, 58, 1, 2
28, 58, 1, 2
29, 58, 1, 2
30, 58, 1, 2
31, 58, 1, 2
32, 58, 1, 2
33, 58, 1, 2
34, 58, 1, 2
35, 58, 1, 2
36, 58, 1, 2
37, 58, 1, 2
38, 58, 1, 2
39, 58, 1, 2
40, 58, 1, 2
41, 58, 1, 2
42, 58, 1, 2
43, 58, 1, 2
44, 58, 1, 2
45, 58, 1, 2
46, 58, 1, 2
47, 58, 1, 2
48, 58, 1, 2
49, 58, 1, 2
50, 58, 1, 2
51, 58, 1, 2
52, 58, 1, 2
53, 58, 1, 2
54, 58, 1, 2
55, 58, 1, 2
56, 58, 1, 2
57, 58, 1, 2
58, 58, 1, 2
59, 58, 1, 2
60, 58, 1, 2
61, 58, 1, 2
62, 58, 1, 2
63, 58, 1, 2
64, 58, 1, 2
65, 58, 1, 2
66, 58, 1, 2
67, 58, 1, 2
68, 58, 1, 2
69, 58, 1, 2
70, 58, 1, 2
71, 58, 1, 2
72, 58, 1, 2
73, 58, 1, 2
74, 58, 1, 2
75, 58, 1, 2
76, 58, 1, 2
77, 58, 1, 2
78, 58, 1, 2
79, 58, 1, 2
80, 58, 1, 2
81, 58, 1, 2
82, 58, 1, 2
83, 58, 1, 2
84, 58, 1, 2
85, 58, 1, 2
86, 58, 1, 2
87, 58, 1, 2
88, 58, 1, 2
89, 58, 1, 2
90, 58, 1, 2
91, 58, 1, 2
92, 58, 1, 2
93, 58, 1, 2
94, 58, 1, 2
95, 58, 1, 2
96, 58, 1, 2
97, 58, 1, 2
98, 58, 1, 2
99, 58, 1, 2
100, 58, 1, 2
101, 58, 1, 2
102, 58, 1, 2
103, 58, 1, 2
104, 58, 1, 2
105, 58, 1, 2
106, 58, 1, 2
107, 58, 1, 2
108, 58, 1, 2
109, 58, 1, 2
110, 58, 1, 2
111, 58, 1, 2
112, 58, 1, 2
113, 58, 1, 2
114, 58, 1, 2
115, 58, 1, 2
116, 58, 1, 2
117, 58, 1, 2
118, 58, 1, 2
119, 58, 1, 2
120, 58, 1, 2
121, 58, 1, 2
122, 58, 1, 2
123, 58, 1, 2
124, 58, 1, 2
125, 58, 1, 2
126, 58, 1, 2
127, 58, 1, 2
128, 58, 1, 2
129, 58, 1, 2
130, 58, 1, 2
131, 58, 1, 2
132, 58, 1, 2
133, 58, 1, 2
134, 58, 1, 2
135, 58, 1, 2
136, 58, 1, 2
137, 58, 1, 2
138, 58, 1, 2
139, 58, 1, 2
140, 58, 1, 2
141, 58, 1, 2
142, 58, 1, 2
143, 58, 1, 2
144, 58, 1, 2
145, 58, 1, 2
146, 58, 1, 2
147, 58, 1, 2
148, 58, 1, 2
149, 58, 1, 2
150, 58, 1, 2
151, 58, 1, 2
152, 58, 1, 2
153, 58, 1, 2
154, 58, 1, 2
155, 58, 1, 2
156, 58, 1, 2
157, 58, 1, 2
158, 58, 1, 2
159, 58, 1, 2
160, 58, 1, 2
161, 58, 1, 2
162, 58, 1, 2
163, 58, 1, 2
164, 58, 1, 2
165, 58, 1, 2
166, 58, 1, 2
167, 58, 1, 2
168, 58, 1, 2
169, 58, 1, 2
170, 58, 1, 2
171, 58, 1, 2
172, 58, 1, 2
173, 58, 1, 2
174, 58, 1, 2
175, 58, 1, 2
176, 58, 1, 2
177, 58, 1, 2
178, 58, 1, 2
179, 58, 1, 2
180, 58, 1, 2
181, 58, 1, 2
182, 58, 1, 2
183, 58, 1, 2
184, 58, 1, 2
185, 58, 1, 2
186, 58, 1, 2
187, 58, 1, 2
188, 58, 1, 2
189, 58, 1, 2
190, 58, 1, 2
191, 58, 1, 2
192, 58, 1, 2
193, 58, 1, 2
194, 58, 1, 2
195, 58, 1, 2
196, 58, 1, 2
197, 58, 1, 2
198, 58, 1, 2
199, 58, 1, 2
200, 58, 1, 2
201, 58, 1, 2
202, 58, 1, 2
203, 58, 1, 2
204, 58, 1, 2
205, 58, 1, 2
206, 58, 1, 2
207, 58, 1, 2
208, 58, 1, 2
209, 58, 1, 2
210, 58, 1, 2
211, 58, 1, 2
212, 58, 1, 2
213, 58, 1, 2
214, 58, 1, 2
215, 58, 1, 2
216, 58, 1, 2
217, 58, 1, 2
218, 58, 1, 2
219, 58, 1, 2
220, 58, 1, 2
221, 58, 1, 2
222, 58, 1, 2
223, 58, 1, 2
224, 58, 1, 2
225, 58, 1, 2
226, 58, 1, 2
227, 58, 1, 2
228, 58, 1, 2
229, 58, 1, 2
230, 58, 1, 2
231, 58, 1, 2
232, 58, 1, 2
233, 58, 1, 2
234, 58, 1, 2
235, 58, 1, 2
236, 58, 1, 2
237, 58, 1, 2
238, 58, 1, 2
239, 58, 1, 2
240, 58, 1, 2
241, 58, 1, 2
242, 58, 1, 2
243, 58, 1, 2
244, 58, 1, 2
245, 58, 1, 2
246, 58, 1, 2
247, 58, 1, 2
248, 58, 1, 2
249, 58, 1, 2
250, 58, 1, 2
251, 58, 1, 2
252, 58, 1, 2
253, 58, 1, 2
254, 58, 1, 2
255, 58, 1, 2
256, 58, 1, 2
257, 58, 1, 2
258, 58, 1, 2
259, 58, 1, 2
260, 58, 1, 2
261, 58, 1, 2
262, 58, 1, 2
263, 58, 1, 2
264, 58, 1, 2
265, 58, 1, 2
266, 58, 1, 2
267, 58, 1, 2
268, 58, 1, 2
269, 58, 1, 2
270, 58, 1, 2
271, 58, 1, 2
272, 58, 1, 2
273, 58, 1, 2
274, 58, 1, 2
275, 58, 1, 2
276, 58, 1, 2
277, 58, 1, 2
278, 58, 1, 2
279, 58, 1, 2
280, 58, 1, 2
281, 58, 1, 2
282, 58, 1, 2
283, 58, 1, 2
284, 58, 1, 2
285, 58, 1, 2
286, 58, 1, 2
287, 58, 1, 2
288, 58, 1, 2
289, 58, 1, 2
290, 58, 1, 2
291, 58, 1, 2
292, 58, 1, 2
293, 58, 1, 2
294, 58, 1, 2
295, 58, 1, 2
296, 58, 1, 2
297, 58, 1, 2
298, 58, 1, 2
299, 58, 1, 2
300, 58, 1, 2
301, 58, 1, 2
302, 58, 1, 2
303, 58, 1, 2
304, 58, 1, 2
305, 58, 1, 2
306, 58, 1, 2
307, 58, 1, 2
308, 58, 1, 2
309, 58, 1, 2
310, 58, 1, 2
311, 58, 1, 2
312, 58, 1, 2
313, 58, 1, 2
314, 58, 1, 2
315, 58, 1, 2
316, 58, 1, 2
317, 58, 1, 2
318, 58, 1, 2
319, 58, 1, 2
320, 58, 1, 2
321, 58, 1, 2
322, 58, 1, 2
323, 58, 1, 2
324, 58, 1, 2
325, 58, 1, 2
326, 58, 1, 2
327, 58, 1, 2
328, 58, 1, 2
329, 58, 1, 2
330, 58, 1, 2
331, 58, 1, 2
332, 58, 1, 2
333, 58, 1, 2
334, 58, 1, 2
335, 58, 1, 2
336, 58, 1, 2
337, 58, 1, 2
338, 58, 1, 2
339, 58, 1, 2
340, 58, 1, 2
341, 58, 1, 2
342, 58, 1, 2
343, 58, 1, 2
344, 58, 1, 2
345, 58, 1, 2
346, 58, 1, 2
347, 58, 1, 2
348, 58, 1, 2
349, 58, 1, 2
350, 58, 1, 2
351, 58, 1, 2
352, 58, 1, 2
353, 58, 1, 2
354, 58, 1, 2
355, 58, 1, 2
356, 58, 1, 2
357, 58, 1, 2
358, 58, 1, 2
359, 58, 1, 2
360, 58, 1, 2
361, 58, 1, 2
362, 58, 1, 2
363, 58, 1, 2
364, 58, 1, 2
365, 58, 1, 2
366, 58, 1, 2
367, 58, 1, 2
368, 58, 1, 2
369, 58, 1, 2
370, 58, 1, 2
371, 58, 1, 2
372, 58, 1, 2
373, 58, 1, 2
374, 58, 1, 2
375, 58, 1, 2
376, 58, 1, 2
377, 58, 1, 2
378, 58, 1, 2
379, 58, 1, 2
380, 58, 1, 2
381, 58, 1, 2
382, 58, 1, 2
383, 58, 1, 2
384, 58, 1, 2
385, 58, 1, 2
386, 58, 1, 2
387, 58, 1, 2
388, 58, 1, 2
389, 58, 1, 2
390, 58, 1, 2
391, 58, 1, 2
392, 58, 1, 2
393, 58, 1, 2
394, 58, 1, 2
395, 58, 1, 2
396, 58, 1, 2
397, 58, 1, 2
398, 58, 1, 2
399, 58, 1, 2
400, 58, 1, 2
401, 58, 1, 2
402, 58, 1, 2
403, 58, 1, 2
404, 58, 1, 2
405, 58, 1, 2
406, 58, 1, 2
407, 58, 1, 2
408, 58, 1, 2
409, 58, 1, 2
410, 58, 1, 2
411, 58, 1, 2
412, 58, 1, 2
413, 58, 1, 2
414, 58, 1, 2
415, 58, 1, 2
416, 58, 1, 2
417, 58, 1, 2
418, 58, 1, 2
419, 58, 1, 2
420, 58, 1, 2
421, 58, 1, 2
422, 58, 1, 2
423, 58, 1, 2
424, 58, 1, 2
