Objects, 1
Object:, First Vertice:, Vertices:, First Triangle:, Triangles:
Sphere.014, 1, 215, 1, 486

Vertices, 215
Vertice:, X:, Y:, Z:
1, -1.334738850593567, -2.032776355743408, -0.8912302255630493
2, -1.3406692743301392, -2.0327887535095215, -0.8923237323760986
3, -1.3321516513824463, -2.033123254776001, -0.9218810796737671
4, -1.328709065914154, -2.0327773094177246, -0.8913143873214722
5, -1.3228117227554321, -2.0327916145324707, -0.8925732374191284
6, -1.3172730803489685, -2.032818555831909, -0.8949583768844604
7, -1.31230628490448, -2.0328574180603027, -0.8983781337738037
8, -1.3081020712852478, -2.0329062938690186, -0.9027011394500732
9, -1.3048222064971924, -2.032963514328003, -0.9077612161636353
10, -1.3025924563407898, -2.033026933670044, -0.9133639335632324
11, -1.3014986515045166, -2.0330939292907715, -0.919293999671936
12, -1.3015829920768738, -2.0331623554229736, -0.9253233671188354
13, -1.3028419613838196, -2.033228874206543, -0.931220531463623
14, -1.3052272200584412, -2.0332915782928467, -0.9367586374282837
15, -1.308647334575653, -2.0333478450775146, -0.9417250156402588
16, -1.3129706382751465, -2.033395528793335, -0.9459290504455566
17, -1.3180310726165771, -2.0334324836730957, -0.9492087364196777
18, -1.3236339092254639, -2.0334577560424805, -0.951438307762146
19, -1.3295642733573914, -2.0334701538085938, -0.9525320529937744
20, -1.335594117641449, -2.0334692001342773, -0.952447772026062
21, -1.3414915800094604, -2.0334548950195312, -0.9511888027191162
22, -1.3470301628112793, -2.0334279537200928, -0.9488036632537842
23, -1.3519970178604126, -2.0333893299102783, -0.9453836679458618
24, -1.3562012314796448, -2.0333402156829834, -0.9410607814788818
25, -1.3594810366630554, -2.033282995223999, -0.9360008239746094
26, -1.3617108464241028, -2.033219575881958, -0.9303981065750122
27, -1.3628045916557312, -2.0331525802612305, -0.9244681596755981
28, -1.3627203106880188, -2.0330843925476074, -0.9184386730194092
29, -1.3614612817764282, -2.033017635345459, -0.9125415086746216
30, -1.3590760827064514, -2.0329549312591553, -0.9070034027099609
31, -1.3556559085845947, -2.0328986644744873, -0.9020369052886963
32, -1.351332664489746, -2.032851219177246, -0.897832989692688
33, -1.3462722301483154, -2.0328140258789062, -0.8945533037185669
34, -1.3362020254135132, -2.0131523609161377, -0.9170283079147339
35, -1.3364354968070984, -2.013154983520508, -0.9172554016113281
36, -1.3377645015716553, -2.013414144515991, -0.9173645973205566
37, -1.3360470533370972, -2.013129949569702, -0.9172229766845703
38, -1.3433040976524353, -2.0150346755981445, -0.9159224033355713
39, -1.34414941072464, -2.01505708694458, -0.9178849458694458
40, -1.3450844883918762, -2.015502452850342, -0.9179588556289673
41, -1.3403350114822388, -2.014024257659912, -0.9175747632980347
42, -1.3363422751426697, -2.013266086578369, -0.9270694255828857
43, -1.336375653743744, -2.013265609741211, -0.9270349740982056
44, -1.3363085389137268, -2.0132603645324707, -0.9270293712615967
45, -1.3271883130073547, -2.0132572650909424, -0.9262968301773071
46, -1.3271612524986267, -2.013256788253784, -0.9262572526931763
47, -1.3249738216400146, -2.0137722492218018, -0.9260667562484741
48, -1.3272283673286438, -2.013251781463623, -0.9262629747390747
49, -1.3087553977966309, -2.0223517417907715, -0.9246379137039185
50, -1.308943748474121, -2.022196054458618, -0.9246183633804321
51, -1.3087549805641174, -2.0223512649536133, -0.9246007204055786
52, -1.313975989818573, -2.0182156562805176, -0.9250882863998413
53, -1.3210276365280151, -2.0150349140167236, -0.9159336090087891
54, -1.3221900463104248, -2.0150146484375, -0.9141403436660767
55, -1.3176894783973694, -2.0180509090423584, -0.9105165004730225
56, -1.3290097117424011, -2.013145685195923, -0.9164211750030518
57, -1.328741431236267, -2.0131475925445557, -0.916606068611145
58, -1.3291298747062683, -2.0131235122680664, -0.9166390895843506
59, -1.359662652015686, -2.027332067489624, -0.9188481569290161
60, -1.3554165959358215, -2.022285223007202, -0.9187543392181396
61, -1.357045292854309, -2.0242016315460205, -0.9188700914382935
62, -1.357109546661377, -2.024204969406128, -0.9191710948944092
63, -1.3199413418769836, -2.0151445865631104, -0.9256265163421631
64, -1.3200112581253052, -2.015148401260376, -0.9259535074234009
65, -1.3208078145980835, -2.014892101287842, -0.9257024526596069
66, -1.3087216019630432, -2.0223917961120605, -0.9245973825454712
67, -1.3087202906608582, -2.0223937034606934, -0.9245972633361816
68, -1.3547751903533936, -2.022395610809326, -0.928521990776062
69, -1.3547819256782532, -2.022395372390747, -0.9284853935241699
70, -1.3545931577682495, -2.0222396850585938, -0.9284712076187134
71, -1.3485860228538513, -2.018277406692505, -0.9305410385131836
72, -1.349560797214508, -2.018249750137329, -0.9280915260314941
73, -1.3434717655181885, -2.0151705741882324, -0.9279335737228394
74, -1.3435954451560974, -2.015167236328125, -0.92762291431427
75, -1.342729091644287, -2.0149128437042236, -0.9275527000427246
76, -1.3385630249977112, -2.0137851238250732, -0.9272137880325317
77, -1.3248420357704163, -2.014009714126587, -0.9162671566009521
78, -1.3325884938240051, -2.0130231380462646, -0.9169321060180664
79, -1.3274124264717102, -2.013404369354248, -0.916490912437439
80, -1.3348019123077393, -2.0131640434265137, -0.9269033670425415
81, -1.3046406507492065, -2.027402400970459, -0.9250441789627075
82, -1.3075655698776245, -2.0238046646118164, -0.9244838953018188
83, -1.307188868522644, -2.0242645740509033, -0.9244468212127686
84, -1.3157172799110413, -2.018085241317749, -0.9135591983795166
85, -1.3149888515472412, -2.018105983734131, -0.9153890609741211
86, -1.3200926184654236, -2.0154786109924316, -0.9158495664596558
87, -1.3501880764961243, -2.018139600753784, -0.9183598756790161
88, -1.3317683935165405, -2.0130703449249268, -0.9266482591629028
89, -1.3326715230941772, -2.013079881668091, -0.9267244338989258
90, -1.349776804447174, -2.018117666244507, -0.9164339303970337
91, -1.3326979279518127, -2.013136625289917, -0.915634036064148
92, -1.3339502811431885, -2.013139247894287, -0.9158649444580078
93, -1.3356797695159912, -2.0149660110473633, -0.9098418951034546
94, -1.333223283290863, -2.014960765838623, -0.9093888998031616
95, -1.33727365732193, -2.0179800987243652, -0.9042760133743286
96, -1.3337074518203735, -2.017972707748413, -0.9036182165145874
97, -1.338670790195465, -2.0220658779144287, -0.8993810415267944
98, -1.3341318368911743, -2.0220565795898438, -0.8985440731048584
99, -1.3398173451423645, -2.027066230773926, -0.8953452110290527
100, -1.334480106830597, -2.027055025100708, -0.8943610191345215
101, -1.3448598980903625, -2.0270888805389404, -0.897351861000061
102, -1.3429591059684753, -2.022085189819336, -0.9010875225067139
103, -1.340643048286438, -2.0179953575134277, -0.9056167602539062
104, -1.3380007147789001, -2.0149765014648438, -0.9107654094696045
105, -1.33513343334198, -2.0131444931030273, -0.9163358211517334
106, -1.3400967121124268, -2.0149917602539062, -0.9121237993240356
107, -1.3436859846115112, -2.0180177688598633, -0.9075889587402344
108, -1.3468322157859802, -2.022113561630249, -0.9035977125167847
109, -1.3494141697883606, -2.0271222591400146, -0.9003036022186279
110, -1.3533050417900085, -2.027165174484253, -0.9040869474411011
111, -1.3501410484313965, -2.0221500396728516, -0.9068151712417603
112, -1.3462858200073242, -2.0180463790893555, -0.9101169109344482
113, -1.3418874144554138, -2.0150115489959717, -0.913865327835083
114, -1.3483425378799438, -2.018080234527588, -0.9131035804748535
115, -1.3527586460113525, -2.02219295501709, -0.910616397857666
116, -1.3563828468322754, -2.0272157192230225, -0.9085566997528076
117, -1.3585296869277954, -2.0272722244262695, -0.9135408401489258
118, -1.354584276676178, -2.0222411155700684, -0.9148552417755127
119, -1.359738528728485, -2.0273935794830322, -0.9242745637893677
120, -1.3587541580200195, -2.027453899383545, -0.929611325263977
121, -1.356747567653656, -2.0275111198425293, -0.934653639793396
122, -1.3530686497688293, -2.022444248199463, -0.9328099489212036
123, -1.3421133160591125, -2.0151944160461426, -0.9300295114517212
124, -1.3466137647628784, -2.0183117389678955, -0.9335836172103882
125, -1.350558340549469, -2.0224881172180176, -0.936682939529419
126, -1.35379558801651, -2.0275626182556152, -0.9392076730728149
127, -1.3500120639801025, -2.027606725692749, -0.9430981874465942
128, -1.3473405838012695, -2.0225255489349365, -0.9399915933609009
129, -1.3440855741500854, -2.018341302871704, -0.9361835718154907
130, -1.34037184715271, -2.015214681625366, -0.9318200349807739
131, -1.335293471813202, -2.0132741928100586, -0.9277914762496948
132, -1.3383145928382874, -2.015230655670166, -0.9332367181777954
133, -1.341098666191101, -2.018364429473877, -0.9382399320602417
134, -1.3435392379760742, -2.022555112838745, -0.9426089525222778
135, -1.345542073249817, -2.027641534805298, -0.9461759328842163
136, -1.3405573964118958, -2.027665615081787, -0.9483225345611572
137, -1.3393002152442932, -2.022575855255127, -0.9444342851638794
138, -1.3377681970596313, -2.018380880355835, -0.9396741390228271
139, -1.3360204696655273, -2.015241861343384, -0.9342246055603027
140, -1.3341239094734192, -2.013279914855957, -0.9282951354980469
141, -1.332878589630127, -2.0132830142974854, -0.9285608530044556
142, -1.333577573299408, -2.0152478218078613, -0.9347460269927979
143, -1.3342217803001404, -2.0183892250061035, -0.9404313564300537
144, -1.3347864151000977, -2.0225865840911865, -0.9453979730606079
145, -1.335249900817871, -2.0276784896850586, -0.9494553804397583
146, -1.329823076725006, -2.027679443359375, -0.9495313167572021
147, -1.3301714062690735, -2.022587299346924, -0.9454623460769653
148, -1.3305957317352295, -2.018389940261841, -0.9404819011688232
149, -1.33107990026474, -2.0152482986450195, -0.9347809553146362
150, -1.3316052556037903, -2.0132832527160645, -0.9285788536071777
151, -1.3303529024124146, -2.0132806301116943, -0.9283478260040283
152, -1.3286234140396118, -2.0152430534362793, -0.9343279600143433
153, -1.327029526233673, -2.0183825492858887, -0.9398242235183716
154, -1.3256324529647827, -2.022578001022339, -0.9446253776550293
155, -1.3244860172271729, -2.0276682376861572, -0.9485468864440918
156, -1.31944340467453, -2.0276455879211426, -0.9465404748916626
157, -1.321344256401062, -2.0225586891174316, -0.9429187774658203
158, -1.3236602544784546, -2.018367290496826, -0.938483476638794
159, -1.3263025879859924, -2.015232563018799, -0.9334044456481934
160, -1.3291698098182678, -2.013275146484375, -0.9278770685195923
161, -1.3281011581420898, -2.0132672786712646, -0.9271844625473022
162, -1.3242065906524658, -2.0152173042297363, -0.9320460557937622
163, -1.3206171989440918, -2.0183448791503906, -0.9365113973617554
164, -1.3174710273742676, -2.0225303173065186, -0.9404088258743286
165, -1.3148890733718872, -2.0276122093200684, -0.9435887336730957
166, -1.310998260974884, -2.02756929397583, -0.9398053884506226
167, -1.3141621947288513, -2.022493839263916, -0.9371912479400635
168, -1.318017303943634, -2.0183162689208984, -0.933983325958252
169, -1.3224158883094788, -2.015197515487671, -0.9303045272827148
170, -1.320999264717102, -2.015174150466919, -0.9282475709915161
171, -1.3159607648849487, -2.018282651901245, -0.9309965372085571
172, -1.3115445971488953, -2.0224506855010986, -0.9333902597427368
173, -1.3079202771186829, -2.0275187492370605, -0.9353357553482056
174, -1.3057735562324524, -2.0274622440338135, -0.9303514957427979
175, -1.3097190260887146, -2.022402763366699, -0.9291512966156006
176, -1.3145264387130737, -2.018244981765747, -0.927666425704956
177, -1.3045647740364075, -2.027340888977051, -0.9196178913116455
178, -1.3055492043495178, -2.027280569076538, -0.914280891418457
179, -1.3075557947158813, -2.0272233486175537, -0.9092385768890381
180, -1.3137449026107788, -2.02215576171875, -0.9073235988616943
181, -1.3112345337867737, -2.0221996307373047, -0.9111965894699097
182, -1.3105076551437378, -2.0271718502044678, -0.9046847820281982
183, -1.31429123878479, -2.027127981185913, -0.9007941484451294
184, -1.3169625997543335, -2.022118330001831, -0.9040149450302124
185, -1.3202176094055176, -2.01802134513855, -0.907916784286499
186, -1.3239314556121826, -2.0149943828582764, -0.9123498201370239
187, -1.3259887099266052, -2.0149781703948975, -0.9109331369400024
188, -1.3232044577598572, -2.017998218536377, -0.9058603048324585
189, -1.3207639455795288, -2.0220887660980225, -0.9013975858688354
190, -1.3187612295150757, -2.0270931720733643, -0.8977164030075073
191, -1.323745846748352, -2.027068853378296, -0.8955698013305664
192, -1.3250031471252441, -2.0220680236816406, -0.8995720148086548
193, -1.3265351057052612, -2.017982006072998, -0.9044259786605835
194, -1.3282828330993652, -2.014967203140259, -0.9099452495574951
195, -1.3301792740821838, -2.0131399631500244, -0.9159176349639893
196, -1.331424593925476, -2.013136863708496, -0.915651798248291
197, -1.330725610256195, -2.0149612426757812, -0.909423828125
198, -1.3300814032554626, -2.0179734230041504, -0.903668999671936
199, -1.3295167684555054, -2.022057294845581, -0.8986084461212158
200, -1.3290534615516663, -2.0270559787750244, -0.8944368362426758
201, -1.3336181044578552, -2.0130341053009033, -0.9170190095901489
202, -1.3315589427947998, -2.0130321979522705, -0.9168452024459839
203, -1.334732472896576, -2.0130672454833984, -0.9171125888824463
204, -1.3563480377197266, -2.0243115425109863, -0.9285959005355835
205, -1.3336490392684937, -2.013108968734741, -0.9268065690994263
206, -1.3308653831481934, -2.013077974319458, -0.9265719652175903
207, -1.329887866973877, -2.0131053924560547, -0.9264891147613525
208, -1.328734815120697, -2.0131583213806152, -0.9263912439346313
209, -1.308017909526825, -2.024158000946045, -0.9150277376174927
210, -1.3081316351890564, -2.0241549015045166, -0.9147417545318604
211, -1.3277633786201477, -2.013336420059204, -0.9165213108062744
212, -1.3304446339607239, -2.0130631923675537, -0.9167507886886597
213, -1.3571783304214478, -2.0242607593536377, -0.9240938425064087
214, -1.3071249127388, -2.0242128372192383, -0.9198693037033081
215, -1.3097603917121887, -2.0222415924072266, -0.9149008989334106

Triangles, 424
Triangle:, Side1:, Side2:, Side3:
1, 1, 2, 3
2, 4, 1, 3
3, 5, 4, 3
4, 6, 5, 3
5, 7, 6, 3
6, 8, 7, 3
7, 9, 8, 3
8, 10, 9, 3
9, 11, 10, 3
10, 12, 11, 3
11, 13, 12, 3
12, 14, 13, 3
13, 15, 14, 3
14, 16, 15, 3
15, 17, 16, 3
16, 18, 17, 3
17, 19, 18, 3
18, 20, 19, 3
19, 21, 20, 3
20, 22, 21, 3
21, 23, 22, 3
22, 24, 23, 3
23, 25, 24, 3
24, 26, 25, 3
25, 27, 26, 3
26, 28, 27, 3
27, 29, 28, 3
28, 30, 29, 3
29, 31, 30, 3
30, 32, 31, 3
31, 33, 32, 3
32, 2, 33, 3
33, 34, 35, 36
34, 35, 34, 37
35, 38, 39, 40
36, 39, 38, 41
37, 42, 43, 44
38, 45, 46, 47
39, 46, 45, 48
40, 49, 50, 51
41, 52, 50, 49
42, 53, 54, 55
43, 56, 57, 58
44, 59, 60, 61
45, 62, 59, 61
46, 63, 64, 65
47, 49, 66, 67
48, 49, 51, 66
49, 68, 69, 70
50, 71, 70, 72
51, 73, 74, 75
52, 42, 76, 43
53, 53, 77, 54
54, 78, 79, 77
55, 76, 75, 74
56, 70, 80, 44
57, 81, 82, 83
58, 84, 85, 86
59, 86, 85, 78
60, 36, 87, 41
61, 88, 89, 70
62, 90, 40, 87
63, 91, 92, 93
64, 91, 93, 94
65, 94, 93, 95
66, 94, 95, 96
67, 96, 95, 97
68, 96, 97, 98
69, 98, 97, 99
70, 98, 99, 100
71, 2, 1, 100
72, 2, 100, 99
73, 99, 101, 33
74, 99, 33, 2
75, 97, 102, 101
76, 97, 101, 99
77, 95, 103, 102
78, 95, 102, 97
79, 93, 104, 103
80, 93, 103, 95
81, 92, 105, 104
82, 92, 104, 93
83, 105, 34, 106
84, 105, 106, 104
85, 104, 106, 107
86, 104, 107, 103
87, 103, 107, 108
88, 103, 108, 102
89, 102, 108, 109
90, 102, 109, 101
91, 101, 109, 32
92, 101, 32, 33
93, 109, 110, 31
94, 109, 31, 32
95, 108, 111, 110
96, 108, 110, 109
97, 107, 112, 111
98, 107, 111, 108
99, 106, 113, 112
100, 106, 112, 107
101, 34, 36, 113
102, 34, 113, 106
103, 113, 38, 114
104, 113, 114, 112
105, 112, 114, 115
106, 112, 115, 111
107, 111, 115, 116
108, 111, 116, 110
109, 110, 116, 30
110, 110, 30, 31
111, 116, 117, 29
112, 116, 29, 30
113, 115, 118, 117
114, 115, 117, 116
115, 114, 90, 118
116, 114, 118, 115
117, 38, 40, 90
118, 38, 90, 114
119, 118, 60, 59
120, 118, 59, 117
121, 117, 59, 28
122, 117, 28, 29
123, 59, 119, 27
124, 59, 27, 28
125, 119, 120, 26
126, 119, 26, 27
127, 120, 121, 25
128, 120, 25, 26
129, 68, 122, 121
130, 68, 121, 120
131, 73, 123, 124
132, 73, 124, 71
133, 71, 124, 125
134, 71, 125, 122
135, 122, 125, 126
136, 122, 126, 121
137, 121, 126, 24
138, 121, 24, 25
139, 126, 127, 23
140, 126, 23, 24
141, 125, 128, 127
142, 125, 127, 126
143, 124, 129, 128
144, 124, 128, 125
145, 123, 130, 129
146, 123, 129, 124
147, 42, 131, 132
148, 42, 132, 130
149, 130, 132, 133
150, 130, 133, 129
151, 129, 133, 134
152, 129, 134, 128
153, 128, 134, 135
154, 128, 135, 127
155, 127, 135, 22
156, 127, 22, 23
157, 135, 136, 21
158, 135, 21, 22
159, 134, 137, 136
160, 134, 136, 135
161, 133, 138, 137
162, 133, 137, 134
163, 132, 139, 138
164, 132, 138, 133
165, 131, 140, 139
166, 131, 139, 132
167, 140, 141, 142
168, 140, 142, 139
169, 139, 142, 143
170, 139, 143, 138
171, 138, 143, 144
172, 138, 144, 137
173, 137, 144, 145
174, 137, 145, 136
175, 136, 145, 20
176, 136, 20, 21
177, 145, 146, 19
178, 145, 19, 20
179, 144, 147, 146
180, 144, 146, 145
181, 143, 148, 147
182, 143, 147, 144
183, 142, 149, 148
184, 142, 148, 143
185, 141, 150, 149
186, 141, 149, 142
187, 150, 151, 152
188, 150, 152, 149
189, 149, 152, 153
190, 149, 153, 148
191, 148, 153, 154
192, 148, 154, 147
193, 147, 154, 155
194, 147, 155, 146
195, 146, 155, 18
196, 146, 18, 19
197, 155, 156, 17
198, 155, 17, 18
199, 154, 157, 156
200, 154, 156, 155
201, 153, 158, 157
202, 153, 157, 154
203, 152, 159, 158
204, 152, 158, 153
205, 151, 160, 159
206, 151, 159, 152
207, 160, 161, 162
208, 160, 162, 159
209, 159, 162, 163
210, 159, 163, 158
211, 158, 163, 164
212, 158, 164, 157
213, 157, 164, 165
214, 157, 165, 156
215, 156, 165, 16
216, 156, 16, 17
217, 165, 166, 15
218, 165, 15, 16
219, 164, 167, 166
220, 164, 166, 165
221, 163, 168, 167
222, 163, 167, 164
223, 162, 169, 168
224, 162, 168, 163
225, 161, 45, 169
226, 161, 169, 162
227, 45, 47, 170
228, 45, 170, 169
229, 169, 170, 171
230, 169, 171, 168
231, 168, 171, 172
232, 168, 172, 167
233, 167, 172, 173
234, 167, 173, 166
235, 166, 173, 14
236, 166, 14, 15
237, 173, 174, 13
238, 173, 13, 14
239, 172, 175, 174
240, 172, 174, 173
241, 171, 176, 175
242, 171, 175, 172
243, 170, 64, 176
244, 170, 176, 171
245, 176, 52, 49
246, 176, 49, 175
247, 175, 49, 81
248, 175, 81, 174
249, 174, 81, 12
250, 174, 12, 13
251, 81, 177, 11
252, 81, 11, 12
253, 177, 178, 10
254, 177, 10, 11
255, 178, 179, 9
256, 178, 9, 10
257, 84, 55, 180
258, 84, 180, 181
259, 181, 180, 182
260, 181, 182, 179
261, 179, 182, 8
262, 179, 8, 9
263, 182, 183, 7
264, 182, 7, 8
265, 180, 184, 183
266, 180, 183, 182
267, 55, 185, 184
268, 55, 184, 180
269, 54, 186, 185
270, 54, 185, 55
271, 186, 187, 188
272, 186, 188, 185
273, 185, 188, 189
274, 185, 189, 184
275, 184, 189, 190
276, 184, 190, 183
277, 183, 190, 6
278, 183, 6, 7
279, 190, 191, 5
280, 190, 5, 6
281, 189, 192, 191
282, 189, 191, 190
283, 188, 193, 192
284, 188, 192, 189
285, 187, 194, 193
286, 187, 193, 188
287, 56, 195, 194
288, 56, 194, 187
289, 195, 196, 197
290, 195, 197, 194
291, 194, 197, 198
292, 194, 198, 193
293, 193, 198, 199
294, 193, 199, 192
295, 192, 199, 200
296, 192, 200, 191
297, 191, 200, 4
298, 191, 4, 5
299, 1, 4, 200
300, 1, 200, 100
301, 199, 98, 100
302, 199, 100, 200
303, 198, 96, 98
304, 198, 98, 199
305, 197, 94, 96
306, 197, 96, 198
307, 196, 91, 94
308, 196, 94, 197
309, 91, 78, 201
310, 91, 201, 92
311, 78, 91, 196
312, 78, 196, 202
313, 105, 92, 201
314, 105, 201, 203
315, 105, 203, 37
316, 105, 37, 34
317, 38, 113, 36
318, 38, 36, 41
319, 37, 87, 36
320, 37, 36, 35
321, 41, 87, 40
322, 41, 40, 39
323, 69, 68, 120
324, 69, 120, 204
325, 122, 68, 70
326, 122, 70, 71
327, 123, 73, 75
328, 123, 75, 76
329, 130, 123, 76
330, 130, 76, 42
331, 131, 42, 44
332, 131, 44, 80
333, 140, 131, 80
334, 140, 80, 205
335, 141, 140, 205
336, 141, 205, 89
337, 151, 150, 88
338, 151, 88, 206
339, 151, 206, 207
340, 151, 207, 160
341, 161, 160, 207
342, 161, 207, 208
343, 88, 52, 207
344, 88, 207, 206
345, 161, 208, 48
346, 161, 48, 45
347, 64, 170, 47
348, 64, 47, 65
349, 48, 52, 47
350, 48, 47, 46
351, 178, 209, 210
352, 178, 210, 179
353, 55, 84, 86
354, 55, 86, 53
355, 186, 54, 77
356, 186, 77, 79
357, 187, 186, 79
358, 187, 79, 211
359, 57, 56, 187
360, 57, 187, 211
361, 195, 56, 58
362, 195, 58, 212
363, 79, 78, 58
364, 79, 58, 57
365, 196, 195, 212
366, 196, 212, 202
367, 78, 202, 212
368, 78, 212, 58
369, 60, 78, 210
370, 60, 210, 61
371, 205, 80, 70
372, 205, 70, 89
373, 49, 67, 82
374, 49, 82, 81
375, 51, 69, 82
376, 51, 82, 66
377, 90, 87, 60
378, 90, 60, 118
379, 59, 62, 213
380, 59, 213, 119
381, 61, 210, 213
382, 61, 213, 62
383, 69, 51, 50
384, 69, 50, 52
385, 213, 204, 120
386, 213, 120, 119
387, 71, 72, 74
388, 71, 74, 73
389, 70, 76, 74
390, 70, 74, 72
391, 76, 70, 44
392, 76, 44, 43
393, 141, 89, 88
394, 141, 88, 150
395, 69, 52, 88
396, 69, 88, 70
397, 64, 63, 52
398, 64, 52, 176
399, 214, 209, 178
400, 214, 178, 177
401, 179, 210, 215
402, 179, 215, 181
403, 78, 85, 215
404, 78, 215, 210
405, 181, 215, 85
406, 181, 85, 84
407, 78, 77, 53
408, 78, 53, 86
409, 203, 60, 87
410, 203, 87, 37
411, 52, 48, 208
412, 52, 208, 207
413, 204, 83, 82
414, 204, 82, 69
415, 81, 83, 214
416, 81, 214, 177
417, 209, 214, 213
418, 209, 213, 210
419, 60, 203, 201
420, 60, 201, 78
421, 52, 63, 65
422, 52, 65, 47
423, 213, 214, 83
424, 213, 83, 204

Colors, 424
Triangle:, Red:, Green:, Blue:
1, 58, 1, 2
2, 58, 1, 2
3, 58, 1, 2
4, 58, 1, 2
5, 58, 1, 2
6, 58, 1, 2
7, 58, 1, 2
8, 58, 1, 2
9, 58, 1, 2
10, 58, 1, 2
11, 58, 1, 2
12, 58, 1, 2
13, 58, 1, 2
14, 58, 1, 2
15, 58, 1, 2
16, 58, 1, 2
17, 58, 1, 2
18, 58, 1, 2
19, 58, 1, 2
20, 58, 1, 2
21, 58, 1, 2
22, 58, 1, 2
23, 58, 1, 2
24, 58, 1, 2
25, 58, 1, 2
26, 58, 1, 2
27, 58, 1, 2
28, 58, 1, 2
29, 58, 1, 2
30, 58, 1, 2
31, 58, 1, 2
32, 58, 1, 2
33, 58, 1, 2
34, 58, 1, 2
35, 58, 1, 2
36, 58, 1, 2
37, 58, 1, 2
38, 58, 1, 2
39, 58, 1, 2
40, 58, 1, 2
41, 58, 1, 2
42, 58, 1, 2
43, 58, 1, 2
44, 58, 1, 2
45, 58, 1, 2
46, 58, 1, 2
47, 58, 1, 2
48, 58, 1, 2
49, 58, 1, 2
50, 58, 1, 2
51, 58, 1, 2
52, 58, 1, 2
53, 58, 1, 2
54, 58, 1, 2
55, 58, 1, 2
56, 58, 1, 2
57, 58, 1, 2
58, 58, 1, 2
59, 58, 1, 2
60, 58, 1, 2
61, 58, 1, 2
62, 58, 1, 2
63, 58, 1, 2
64, 58, 1, 2
65, 58, 1, 2
66, 58, 1, 2
67, 58, 1, 2
68, 58, 1, 2
69, 58, 1, 2
70, 58, 1, 2
71, 58, 1, 2
72, 58, 1, 2
73, 58, 1, 2
74, 58, 1, 2
75, 58, 1, 2
76, 58, 1, 2
77, 58, 1, 2
78, 58, 1, 2
79, 58, 1, 2
80, 58, 1, 2
81, 58, 1, 2
82, 58, 1, 2
83, 58, 1, 2
84, 58, 1, 2
85, 58, 1, 2
86, 58, 1, 2
87, 58, 1, 2
88, 58, 1, 2
89, 58, 1, 2
90, 58, 1, 2
91, 58, 1, 2
92, 58, 1, 2
93, 58, 1, 2
94, 58, 1, 2
95, 58, 1, 2
96, 58, 1, 2
97, 58, 1, 2
98, 58, 1, 2
99, 58, 1, 2
100, 58, 1, 2
101, 58, 1, 2
102, 58, 1, 2
103, 58, 1, 2
104, 58, 1, 2
105, 58, 1, 2
106, 58, 1, 2
107, 58, 1, 2
108, 58, 1, 2
109, 58, 1, 2
110, 58, 1, 2
111, 58, 1, 2
112, 58, 1, 2
113, 58, 1, 2
114, 58, 1, 2
115, 58, 1, 2
116, 58, 1, 2
117, 58, 1, 2
118, 58, 1, 2
119, 58, 1, 2
120, 58, 1, 2
121, 58, 1, 2
122, 58, 1, 2
123, 58, 1, 2
124, 58, 1, 2
125, 58, 1, 2
126, 58, 1, 2
127, 58, 1, 2
128, 58, 1, 2
129, 58, 1, 2
130, 58, 1, 2
131, 58, 1, 2
132, 58, 1, 2
133, 58, 1, 2
134, 58, 1, 2
135, 58, 1, 2
136, 58, 1, 2
137, 58, 1, 2
138, 58, 1, 2
139, 58, 1, 2
140, 58, 1, 2
141, 58, 1, 2
142, 58, 1, 2
143, 58, 1, 2
144, 58, 1, 2
145, 58, 1, 2
146, 58, 1, 2
147, 58, 1, 2
148, 58, 1, 2
149, 58, 1, 2
150, 58, 1, 2
151, 58, 1, 2
152, 58, 1, 2
153, 58, 1, 2
154, 58, 1, 2
155, 58, 1, 2
156, 58, 1, 2
157, 58, 1, 2
158, 58, 1, 2
159, 58, 1, 2
160, 58, 1, 2
161, 58, 1, 2
162, 58, 1, 2
163, 58, 1, 2
164, 58, 1, 2
165, 58, 1, 2
166, 58, 1, 2
167, 58, 1, 2
168, 58, 1, 2
169, 58, 1, 2
170, 58, 1, 2
171, 58, 1, 2
172, 58, 1, 2
173, 58, 1, 2
174, 58, 1, 2
175, 58, 1, 2
176, 58, 1, 2
177, 58, 1, 2
178, 58, 1, 2
179, 58, 1, 2
180, 58, 1, 2
181, 58, 1, 2
182, 58, 1, 2
183, 58, 1, 2
184, 58, 1, 2
185, 58, 1, 2
186, 58, 1, 2
187, 58, 1, 2
188, 58, 1, 2
189, 58, 1, 2
190, 58, 1, 2
191, 58, 1, 2
192, 58, 1, 2
193, 58, 1, 2
194, 58, 1, 2
195, 58, 1, 2
196, 58, 1, 2
197, 58, 1, 2
198, 58, 1, 2
199, 58, 1, 2
200, 58, 1, 2
201, 58, 1, 2
202, 58, 1, 2
203, 58, 1, 2
204, 58, 1, 2
205, 58, 1, 2
206, 58, 1, 2
207, 58, 1, 2
208, 58, 1, 2
209, 58, 1, 2
210, 58, 1, 2
211, 58, 1, 2
212, 58, 1, 2
213, 58, 1, 2
214, 58, 1, 2
215, 58, 1, 2
216, 58, 1, 2
217, 58, 1, 2
218, 58, 1, 2
219, 58, 1, 2
220, 58, 1, 2
221, 58, 1, 2
222, 58, 1, 2
223, 58, 1, 2
224, 58, 1, 2
225, 58, 1, 2
226, 58, 1, 2
227, 58, 1, 2
228, 58, 1, 2
229, 58, 1, 2
230, 58, 1, 2
231, 58, 1, 2
232, 58, 1, 2
233, 58, 1, 2
234, 58, 1, 2
235, 58, 1, 2
236, 58, 1, 2
237, 58, 1, 2
238, 58, 1, 2
239, 58, 1, 2
240, 58, 1, 2
241, 58, 1, 2
242, 58, 1, 2
243, 58, 1, 2
244, 58, 1, 2
245, 58, 1, 2
246, 58, 1, 2
247, 58, 1, 2
248, 58, 1, 2
249, 58, 1, 2
250, 58, 1, 2
251, 58, 1, 2
252, 58, 1, 2
253, 58, 1, 2
254, 58, 1, 2
255, 58, 1, 2
256, 58, 1, 2
257, 58, 1, 2
258, 58, 1, 2
259, 58, 1, 2
260, 58, 1, 2
261, 58, 1, 2
262, 58, 1, 2
263, 58, 1, 2
264, 58, 1, 2
265, 58, 1, 2
266, 58, 1, 2
267, 58, 1, 2
268, 58, 1, 2
269, 58, 1, 2
270, 58, 1, 2
271, 58, 1, 2
272, 58, 1, 2
273, 58, 1, 2
274, 58, 1, 2
275, 58, 1, 2
276, 58, 1, 2
277, 58, 1, 2
278, 58, 1, 2
279, 58, 1, 2
280, 58, 1, 2
281, 58, 1, 2
282, 58, 1, 2
283, 58, 1, 2
284, 58, 1, 2
285, 58, 1, 2
286, 58, 1, 2
287, 58, 1, 2
288, 58, 1, 2
289, 58, 1, 2
290, 58, 1, 2
291, 58, 1, 2
292, 58, 1, 2
293, 58, 1, 2
294, 58, 1, 2
295, 58, 1, 2
296, 58, 1, 2
297, 58, 1, 2
298, 58, 1, 2
299, 58, 1, 2
300, 58, 1, 2
301, 58, 1, 2
302, 58, 1, 2
303, 58, 1, 2
304, 58, 1, 2
305, 58, 1, 2
306, 58, 1, 2
307, 58, 1, 2
308, 58, 1, 2
309, 58, 1, 2
310, 58, 1, 2
311, 58, 1, 2
312, 58, 1, 2
313, 58, 1, 2
314, 58, 1, 2
315, 58, 1, 2
316, 58, 1, 2
317, 58, 1, 2
318, 58, 1, 2
319, 58, 1, 2
320, 58, 1, 2
321, 58, 1, 2
322, 58, 1, 2
323, 58, 1, 2
324, 58, 1, 2
325, 58, 1, 2
326, 58, 1, 2
327, 58, 1, 2
328, 58, 1, 2
329, 58, 1, 2
330, 58, 1, 2
331, 58, 1, 2
332, 58, 1, 2
333, 58, 1, 2
334, 58, 1, 2
335, 58, 1, 2
336, 58, 1, 2
337, 58, 1, 2
338, 58, 1, 2
339, 58, 1, 2
340, 58, 1, 2
341, 58, 1, 2
342, 58, 1, 2
343, 58, 1, 2
344, 58, 1, 2
345, 58, 1, 2
346, 58, 1, 2
347, 58, 1, 2
348, 58, 1, 2
349, 58, 1, 2
350, 58, 1, 2
351, 58, 1, 2
352, 58, 1, 2
353, 58, 1, 2
354, 58, 1, 2
355, 58, 1, 2
356, 58, 1, 2
357, 58, 1, 2
358, 58, 1, 2
359, 58, 1, 2
360, 58, 1, 2
361, 58, 1, 2
362, 58, 1, 2
363, 58, 1, 2
364, 58, 1, 2
365, 58, 1, 2
366, 58, 1, 2
367, 58, 1, 2
368, 58, 1, 2
369, 58, 1, 2
370, 58, 1, 2
371, 58, 1, 2
372, 58, 1, 2
373, 58, 1, 2
374, 58, 1, 2
375, 58, 1, 2
376, 58, 1, 2
377, 58, 1, 2
378, 58, 1, 2
379, 58, 1, 2
380, 58, 1, 2
381, 58, 1, 2
382, 58, 1, 2
383, 58, 1, 2
384, 58, 1, 2
385, 58, 1, 2
386, 58, 1, 2
387, 58, 1, 2
388, 58, 1, 2
389, 58, 1, 2
390, 58, 1, 2
391, 58, 1, 2
392, 58, 1, 2
393, 58, 1, 2
394, 58, 1, 2
395, 58, 1, 2
396, 58, 1, 2
397, 58, 1, 2
398, 58, 1, 2
399, 58, 1, 2
400, 58, 1, 2
401, 58, 1, 2
402, 58, 1, 2
403, 58, 1, 2
404, 58, 1, 2
405, 58, 1, 2
406, 58, 1, 2
407, 58, 1, 2
408, 58, 1, 2
409, 58, 1, 2
410, 58, 1, 2
411, 58, 1, 2
412, 58, 1, 2
413, 58, 1, 2
414, 58, 1, 2
415, 58, 1, 2
416, 58, 1, 2
417, 58, 1, 2
418, 58, 1, 2
419, 58, 1, 2
420, 58, 1, 2
421, 58, 1, 2
422, 58, 1, 2
423, 58, 1, 2
424, 58, 1, 2
