Objects, 1
Object:, First Vertice:, Vertices:, First Triangle:, Triangles:
Sphere.003, 1, 215, 1, 486

Vertices, 215
Vertice:, X:, Y:, Z:
1, 0.580437183380127, -2.03144907951355, -1.4116566181182861
2, 0.5769854187965393, -2.0314102172851562, -1.4153087139129639
3, 0.5972502827644348, -2.031639575958252, -1.431006908416748
4, 0.5845350027084351, -2.0314955711364746, -1.4087481498718262
5, 0.5891214609146118, -2.0315475463867188, -1.406695008277893
6, 0.5940203666687012, -2.0316028594970703, -1.4055761098861694
7, 0.5990433096885681, -2.0316598415374756, -1.4054347276687622
8, 0.6039974689483643, -2.0317158699035645, -1.406275987625122
9, 0.6086922287940979, -2.031769037246704, -1.4080674648284912
10, 0.612947404384613, -2.0318171977996826, -1.4107404947280884
11, 0.6165992617607117, -2.031858444213867, -1.4141925573349
12, 0.6195076704025269, -2.031891345977783, -1.418290615081787
13, 0.6215605735778809, -2.031914472579956, -1.4228774309158325
14, 0.6226792335510254, -2.0319273471832275, -1.427776575088501
15, 0.6228206753730774, -2.031928777694702, -1.4327999353408813
16, 0.6219797134399414, -2.031919240951538, -1.4377542734146118
17, 0.6201881170272827, -2.0318989753723145, -1.4424494504928589
18, 0.6175152063369751, -2.0318689346313477, -1.4467048645019531
19, 0.6140634417533875, -2.031829833984375, -1.4503569602966309
20, 0.6099655628204346, -2.03178334236145, -1.4532655477523804
21, 0.6053791046142578, -2.031731605529785, -1.455318570137024
22, 0.6004801988601685, -2.0316760540008545, -1.456437349319458
23, 0.5954571962356567, -2.031619071960449, -1.4565787315368652
24, 0.5905030369758606, -2.0315632820129395, -1.4557377099990845
25, 0.5858083963394165, -2.0315101146698, -1.4539461135864258
26, 0.5815532207489014, -2.0314619541168213, -1.4512730836868286
27, 0.5779013633728027, -2.0314204692840576, -1.447821021080017
28, 0.5749929547309875, -2.0313878059387207, -1.4437229633331299
29, 0.5729401111602783, -2.0313644409179688, -1.4391361474990845
30, 0.571821391582489, -2.0313518047332764, -1.434237003326416
31, 0.5716798305511475, -2.0313501358032227, -1.4292136430740356
32, 0.572520911693573, -2.0313596725463867, -1.424259066581726
33, 0.5743125081062317, -2.0313799381256104, -1.419564127922058
34, 0.5922161340713501, -2.0149857997894287, -1.429581880569458
35, 0.5921707153320312, -2.0149853229522705, -1.4298495054244995
36, 0.5913293361663818, -2.015190839767456, -1.430578589439392
37, 0.5924161672592163, -2.014967918395996, -1.4296363592147827
38, 0.5868871808052063, -2.0165047645568848, -1.432344675064087
39, 0.5872836112976074, -2.0165092945098877, -1.434080958366394
40, 0.5866891741752625, -2.0168728828430176, -1.4345937967300415
41, 0.5897010564804077, -2.015678882598877, -1.4319884777069092
42, 0.597059428691864, -2.015040636062622, -1.4364067316055298
43, 0.597020149230957, -2.015040159225464, -1.4363999366760254
44, 0.5970625281333923, -2.0150363445281982, -1.4363632202148438
45, 0.6028376817703247, -2.015105962753296, -1.4313853979110718
46, 0.6028364300727844, -2.015106201171875, -1.4313455820083618
47, 0.6042123436927795, -2.0155527591705322, -1.4301457405090332
48, 0.6027941703796387, -2.015101194381714, -1.431382417678833
49, 0.6143871545791626, -2.0228312015533447, -1.4212743043899536
50, 0.614251434803009, -2.0226998329162598, -1.421352505683899
51, 0.6143691539764404, -2.0228309631347656, -1.4212489128112793
52, 0.6111124753952026, -2.019343137741089, -1.4241129159927368
53, 0.6018787026405334, -2.016674280166626, -1.4213976860046387
54, 0.6002148985862732, -2.016655683517456, -1.4207628965377808
55, 0.6014487147331238, -2.0192337036132812, -1.4161349534988403
56, 0.5967561602592468, -2.0150372982025146, -1.425636649131775
57, 0.5970273613929749, -2.015040397644043, -1.4256290197372437
58, 0.596782386302948, -2.01501727104187, -1.4258421659469604
59, 0.5772736668586731, -2.026615858078003, -1.442451000213623
60, 0.58010333776474, -2.0224430561065674, -1.4402613639831543
61, 0.5790572762489319, -2.0240273475646973, -1.4411547183990479
62, 0.579162061214447, -2.0240285396575928, -1.441388726234436
63, 0.607375979423523, -2.0167365074157715, -1.4273852109909058
64, 0.607489824295044, -2.016737937927246, -1.4276396036148071
65, 0.6068315505981445, -2.016519069671631, -1.4278603792190552
66, 0.6143897771835327, -2.022865056991577, -1.4212307929992676
67, 0.6143906116485596, -2.0228664875030518, -1.4212300777435303
68, 0.5853381156921387, -2.0225024223327637, -1.4465179443359375
69, 0.5853156447410583, -2.0225021839141846, -1.4464964866638184
70, 0.5854362845420837, -2.022373676300049, -1.4463928937911987
71, 0.5905106067657471, -2.0191099643707275, -1.4448012113571167
72, 0.5886504054069519, -2.0190889835357666, -1.4436324834823608
73, 0.5926808714866638, -2.0165703296661377, -1.4405086040496826
74, 0.592444896697998, -2.0165677070617676, -1.440360426902771
75, 0.5929941534996033, -2.0163626670837402, -1.439885139465332
76, 0.5956344604492188, -2.015455722808838, -1.4375998973846436
77, 0.5994806885719299, -2.01578950881958, -1.423490047454834
78, 0.5946002006530762, -2.014906167984009, -1.4277393817901611
79, 0.5978638529777527, -2.0152647495269775, -1.4249000549316406
80, 0.5980144143104553, -2.014967918395996, -1.4355367422103882
81, 0.6173355579376221, -2.027069330215454, -1.419562578201294
82, 0.6151061058044434, -2.0240514278411865, -1.420596718788147
83, 0.6153396368026733, -2.02443790435791, -1.4203898906707764
84, 0.6042717695236206, -2.01926589012146, -1.4172122478485107
85, 0.6056615114212036, -2.0192813873291016, -1.4180852174758911
86, 0.6024647355079651, -2.0170514583587646, -1.4208848476409912
87, 0.5834428071975708, -2.0190300941467285, -1.437393307685852
88, 0.5999301075935364, -2.014914035797119, -1.4338728189468384
89, 0.5993599891662598, -2.0149147510528564, -1.4343681335449219
90, 0.5827723145484924, -2.0190224647521973, -1.4358952045440674
91, 0.5938877463340759, -2.015004873275757, -1.4269206523895264
92, 0.5931589603424072, -2.0149965286254883, -1.42769193649292
93, 0.589026153087616, -2.016529083251953, -1.4245043992996216
94, 0.590455949306488, -2.016545057296753, -1.4229917526245117
95, 0.5852050185203552, -2.019050121307373, -1.4215668439865112
96, 0.5872806906700134, -2.019073486328125, -1.4193706512451172
97, 0.5818420648574829, -2.022462844848633, -1.418992042541504
98, 0.5844839811325073, -2.0224926471710205, -1.4161967039108276
99, 0.5790666341781616, -2.0266361236572266, -1.4168788194656372
100, 0.5821731686592102, -2.0266711711883545, -1.413591980934143
101, 0.5766609907150269, -2.026608943939209, -1.4207086563110352
102, 0.579796314239502, -2.02243971824646, -1.4222488403320312
103, 0.5835976600646973, -2.0190317630767822, -1.4241257905960083
104, 0.5879189968109131, -2.0165164470672607, -1.4262670278549194
105, 0.5925943851470947, -2.0149900913238525, -1.4285904169082642
106, 0.5871769785881042, -2.016507863998413, -1.4282118082046509
107, 0.5825203061103821, -2.019019603729248, -1.426949143409729
108, 0.5784250497817993, -2.0224242210388184, -1.425842523574829
109, 0.5750487446784973, -2.0265908241271973, -1.4249341487884521
110, 0.5742917060852051, -2.0265822410583496, -1.4293930530548096
111, 0.5777814388275146, -2.022416830062866, -1.4296343326568604
112, 0.5820145010948181, -2.0190138816833496, -1.4299284219741821
113, 0.5868285894393921, -2.0165040493011475, -1.4302639961242676
114, 0.5820996761322021, -2.019014835357666, -1.4329493045806885
115, 0.577889621257782, -2.022418260574341, -1.4334790706634521
116, 0.5744191408157349, -2.026583671569824, -1.4339137077331543
117, 0.575425922870636, -2.026594877243042, -1.438322901725769
118, 0.57874596118927, -2.022427797317505, -1.4372286796569824
119, 0.5798909664154053, -2.0266454219818115, -1.4461392164230347
120, 0.5831776261329651, -2.0266826152801514, -1.449245810508728
121, 0.5870070457458496, -2.026726007461548, -1.451651692390442
122, 0.5885947942733765, -2.0225391387939453, -1.4485636949539185
123, 0.5946254134178162, -2.016592264175415, -1.4412505626678467
124, 0.5933337211608887, -2.019141912460327, -1.445878505706787
125, 0.5921881198883057, -2.0225799083709717, -1.4499350786209106
126, 0.591232419013977, -2.026773691177368, -1.4532639980316162
127, 0.5956907868385315, -2.026824474334717, -1.4540210962295532
128, 0.5959797501564026, -2.02262282371521, -1.4505788087844849
129, 0.5963129997253418, -2.0191757678985596, -1.4463844299316406
130, 0.5966774821281433, -2.016615390777588, -1.441598892211914
131, 0.5981201529502869, -2.015052556991577, -1.4363768100738525
132, 0.5987581610679626, -2.016638994216919, -1.4415404796600342
133, 0.5993335843086243, -2.019209861755371, -1.4462993144989014
134, 0.5998241305351257, -2.0226664543151855, -1.4504704475402832
135, 0.6002114415168762, -2.0268754959106445, -1.453893780708313
136, 0.6046203374862671, -2.0269253253936768, -1.4528868198394775
137, 0.6035736799240112, -2.0227086544036865, -1.4496140480041504
138, 0.6022793650627136, -2.0192432403564453, -1.4456266164779663
139, 0.6007872819900513, -2.0166618824005127, -1.4410771131515503
140, 0.5991546511650085, -2.015064239501953, -1.436140537261963
141, 0.6001231074333191, -2.015075206756592, -1.4357068538665771
142, 0.6026870608329773, -2.016683578491211, -1.4402265548706055
143, 0.60503751039505, -2.0192744731903076, -1.4443918466567993
144, 0.6070840954780579, -2.0227484703063965, -1.4480427503585815
145, 0.6087480187416077, -2.0269720554351807, -1.4510390758514404
146, 0.612436056137085, -2.0270137786865234, -1.4484214782714844
147, 0.6102203726768494, -2.0227839946746826, -1.4458167552947998
148, 0.6075016856193542, -2.0193023681640625, -1.4426428079605103
149, 0.6043844819068909, -2.016702651977539, -1.4390218257904053
150, 0.6009884476661682, -2.015084981918335, -1.435092806816101
151, 0.6017172932624817, -2.0150933265686035, -1.4343215227127075
152, 0.6058142185211182, -2.016718864440918, -1.4375090599060059
153, 0.609577476978302, -2.0193257331848145, -1.4404466152191162
154, 0.6128622889518738, -2.0228137969970703, -1.443021535873413
155, 0.6155425310134888, -2.0270490646362305, -1.4451346397399902
156, 0.617948055267334, -2.027076244354248, -1.4413049221038818
157, 0.6149079203605652, -2.022836923599243, -1.4397646188735962
158, 0.6111847758293152, -2.0193440914154053, -1.4378877878189087
159, 0.6069214344024658, -2.0167315006256104, -1.4357465505599976
160, 0.6022818684577942, -2.0150997638702393, -1.4334230422973633
161, 0.6026601195335388, -2.015104055404663, -1.4324315786361694
162, 0.6076635122299194, -2.016739845275879, -1.4338017702102661
163, 0.6122620105743408, -2.0193562507629395, -1.4350645542144775
164, 0.616279125213623, -2.022852659225464, -1.4361711740493774
165, 0.6195604801177979, -2.0270943641662598, -1.4370794296264648
166, 0.6203173398971558, -2.0271029472351074, -1.4326205253601074
167, 0.616922914981842, -2.022859811782837, -1.432379126548767
168, 0.6127679347991943, -2.019361972808838, -1.4320851564407349
169, 0.6080117225646973, -2.0167436599731445, -1.4317494630813599
170, 0.6079531908035278, -2.0167431831359863, -1.4296687841415405
171, 0.6126827597618103, -2.0193610191345215, -1.429064154624939
172, 0.6168146133422852, -2.0228586196899414, -1.4285346269607544
173, 0.6201900839805603, -2.027101516723633, -1.4280997514724731
174, 0.6191833019256592, -2.027090072631836, -1.4236905574798584
175, 0.6159582734107971, -2.0228488445281982, -1.424784779548645
176, 0.6120100021362305, -2.0193533897399902, -1.42611825466156
177, 0.6147181391716003, -2.0270397663116455, -1.4158744812011719
178, 0.6114315986633301, -2.0270023345947266, -1.4127676486968994
179, 0.607602059841156, -2.026959180831909, -1.410361886024475
180, 0.6025161743164062, -2.0226967334747314, -1.412078619003296
181, 0.6061094403266907, -2.022737503051758, -1.413449764251709
182, 0.6033768057823181, -2.0269112586975098, -1.4087495803833008
183, 0.5989182591438293, -2.0268609523773193, -1.4079924821853638
184, 0.5987245440483093, -2.022653818130493, -1.4114348888397217
185, 0.5984694957733154, -2.019200086593628, -1.4156290292739868
186, 0.598162829875946, -2.016632318496704, -1.4204145669937134
187, 0.5960822701454163, -2.016608715057373, -1.4204730987548828
188, 0.5954488515853882, -2.0191659927368164, -1.415714144706726
189, 0.5948801040649414, -2.0226104259490967, -1.4115430116653442
190, 0.5943977236747742, -2.0268096923828125, -1.4081199169158936
191, 0.5899888277053833, -2.0267598628997803, -1.40912663936615
192, 0.5911305546760559, -2.0225679874420166, -1.412399411201477
193, 0.592503011226654, -2.019132614135742, -1.4163870811462402
194, 0.5940531492233276, -2.0165858268737793, -1.4209364652633667
195, 0.5957216024398804, -2.0150256156921387, -1.4258729219436646
196, 0.5947531461715698, -2.0150146484375, -1.4263066053390503
197, 0.5921533703804016, -2.01656436920166, -1.421786904335022
198, 0.5897449851036072, -2.01910138130188, -1.4176216125488281
199, 0.5876203179359436, -2.0225281715393066, -1.413970708847046
200, 0.5858610272407532, -2.0267131328582764, -1.4109745025634766
201, 0.5939502120018005, -2.014907121658325, -1.4283040761947632
202, 0.5952500104904175, -2.0149219036102295, -1.4271745681762695
203, 0.5932465195655823, -2.014925956726074, -1.42891526222229
204, 0.5843090415000916, -2.0240867137908936, -1.4473555088043213
205, 0.598742663860321, -2.0149314403533936, -1.4349043369293213
206, 0.6005000472068787, -2.014927864074707, -1.4333773851394653
207, 0.6011168360710144, -2.014958381652832, -1.432841181755066
208, 0.6018441915512085, -2.0150113105773926, -1.432208776473999
209, 0.6101499795913696, -2.024379253387451, -1.414460301399231
210, 0.6099328398704529, -2.02437686920166, -1.4143239259719849
211, 0.5976429581642151, -2.0152053833007812, -1.4250925779342651
212, 0.5959531664848328, -2.0149567127227783, -1.4265632629394531
213, 0.581536591053009, -2.0240554809570312, -1.444734811782837
214, 0.6131316423416138, -2.0244131088256836, -1.41727876663208
215, 0.6089228391647339, -2.0227692127227783, -1.4152172803878784

Triangles, 424
Triangle:, Side1:, Side2:, Side3:
1, 1, 2, 3
2, 4, 1, 3
3, 5, 4, 3
4, 6, 5, 3
5, 7, 6, 3
6, 8, 7, 3
7, 9, 8, 3
8, 10, 9, 3
9, 11, 10, 3
10, 12, 11, 3
11, 13, 12, 3
12, 14, 13, 3
13, 15, 14, 3
14, 16, 15, 3
15, 17, 16, 3
16, 18, 17, 3
17, 19, 18, 3
18, 20, 19, 3
19, 21, 20, 3
20, 22, 21, 3
21, 23, 22, 3
22, 24, 23, 3
23, 25, 24, 3
24, 26, 25, 3
25, 27, 26, 3
26, 28, 27, 3
27, 29, 28, 3
28, 30, 29, 3
29, 31, 30, 3
30, 32, 31, 3
31, 33, 32, 3
32, 2, 33, 3
33, 34, 35, 36
34, 35, 34, 37
35, 38, 39, 40
36, 39, 38, 41
37, 42, 43, 44
38, 45, 46, 47
39, 46, 45, 48
40, 49, 50, 51
41, 52, 50, 49
42, 53, 54, 55
43, 56, 57, 58
44, 59, 60, 61
45, 62, 59, 61
46, 63, 64, 65
47, 49, 66, 67
48, 49, 51, 66
49, 68, 69, 70
50, 71, 70, 72
51, 73, 74, 75
52, 42, 76, 43
53, 53, 77, 54
54, 78, 79, 77
55, 76, 75, 74
56, 70, 80, 44
57, 81, 82, 83
58, 84, 85, 86
59, 86, 85, 78
60, 36, 87, 41
61, 88, 89, 70
62, 90, 40, 87
63, 91, 92, 93
64, 91, 93, 94
65, 94, 93, 95
66, 94, 95, 96
67, 96, 95, 97
68, 96, 97, 98
69, 98, 97, 99
70, 98, 99, 100
71, 2, 1, 100
72, 2, 100, 99
73, 99, 101, 33
74, 99, 33, 2
75, 97, 102, 101
76, 97, 101, 99
77, 95, 103, 102
78, 95, 102, 97
79, 93, 104, 103
80, 93, 103, 95
81, 92, 105, 104
82, 92, 104, 93
83, 105, 34, 106
84, 105, 106, 104
85, 104, 106, 107
86, 104, 107, 103
87, 103, 107, 108
88, 103, 108, 102
89, 102, 108, 109
90, 102, 109, 101
91, 101, 109, 32
92, 101, 32, 33
93, 109, 110, 31
94, 109, 31, 32
95, 108, 111, 110
96, 108, 110, 109
97, 107, 112, 111
98, 107, 111, 108
99, 106, 113, 112
100, 106, 112, 107
101, 34, 36, 113
102, 34, 113, 106
103, 113, 38, 114
104, 113, 114, 112
105, 112, 114, 115
106, 112, 115, 111
107, 111, 115, 116
108, 111, 116, 110
109, 110, 116, 30
110, 110, 30, 31
111, 116, 117, 29
112, 116, 29, 30
113, 115, 118, 117
114, 115, 117, 116
115, 114, 90, 118
116, 114, 118, 115
117, 38, 40, 90
118, 38, 90, 114
119, 118, 60, 59
120, 118, 59, 117
121, 117, 59, 28
122, 117, 28, 29
123, 59, 119, 27
124, 59, 27, 28
125, 119, 120, 26
126, 119, 26, 27
127, 120, 121, 25
128, 120, 25, 26
129, 68, 122, 121
130, 68, 121, 120
131, 73, 123, 124
132, 73, 124, 71
133, 71, 124, 125
134, 71, 125, 122
135, 122, 125, 126
136, 122, 126, 121
137, 121, 126, 24
138, 121, 24, 25
139, 126, 127, 23
140, 126, 23, 24
141, 125, 128, 127
142, 125, 127, 126
143, 124, 129, 128
144, 124, 128, 125
145, 123, 130, 129
146, 123, 129, 124
147, 42, 131, 132
148, 42, 132, 130
149, 130, 132, 133
150, 130, 133, 129
151, 129, 133, 134
152, 129, 134, 128
153, 128, 134, 135
154, 128, 135, 127
155, 127, 135, 22
156, 127, 22, 23
157, 135, 136, 21
158, 135, 21, 22
159, 134, 137, 136
160, 134, 136, 135
161, 133, 138, 137
162, 133, 137, 134
163, 132, 139, 138
164, 132, 138, 133
165, 131, 140, 139
166, 131, 139, 132
167, 140, 141, 142
168, 140, 142, 139
169, 139, 142, 143
170, 139, 143, 138
171, 138, 143, 144
172, 138, 144, 137
173, 137, 144, 145
174, 137, 145, 136
175, 136, 145, 20
176, 136, 20, 21
177, 145, 146, 19
178, 145, 19, 20
179, 144, 147, 146
180, 144, 146, 145
181, 143, 148, 147
182, 143, 147, 144
183, 142, 149, 148
184, 142, 148, 143
185, 141, 150, 149
186, 141, 149, 142
187, 150, 151, 152
188, 150, 152, 149
189, 149, 152, 153
190, 149, 153, 148
191, 148, 153, 154
192, 148, 154, 147
193, 147, 154, 155
194, 147, 155, 146
195, 146, 155, 18
196, 146, 18, 19
197, 155, 156, 17
198, 155, 17, 18
199, 154, 157, 156
200, 154, 156, 155
201, 153, 158, 157
202, 153, 157, 154
203, 152, 159, 158
204, 152, 158, 153
205, 151, 160, 159
206, 151, 159, 152
207, 160, 161, 162
208, 160, 162, 159
209, 159, 162, 163
210, 159, 163, 158
211, 158, 163, 164
212, 158, 164, 157
213, 157, 164, 165
214, 157, 165, 156
215, 156, 165, 16
216, 156, 16, 17
217, 165, 166, 15
218, 165, 15, 16
219, 164, 167, 166
220, 164, 166, 165
221, 163, 168, 167
222, 163, 167, 164
223, 162, 169, 168
224, 162, 168, 163
225, 161, 45, 169
226, 161, 169, 162
227, 45, 47, 170
228, 45, 170, 169
229, 169, 170, 171
230, 169, 171, 168
231, 168, 171, 172
232, 168, 172, 167
233, 167, 172, 173
234, 167, 173, 166
235, 166, 173, 14
236, 166, 14, 15
237, 173, 174, 13
238, 173, 13, 14
239, 172, 175, 174
240, 172, 174, 173
241, 171, 176, 175
242, 171, 175, 172
243, 170, 64, 176
244, 170, 176, 171
245, 176, 52, 49
246, 176, 49, 175
247, 175, 49, 81
248, 175, 81, 174
249, 174, 81, 12
250, 174, 12, 13
251, 81, 177, 11
252, 81, 11, 12
253, 177, 178, 10
254, 177, 10, 11
255, 178, 179, 9
256, 178, 9, 10
257, 84, 55, 180
258, 84, 180, 181
259, 181, 180, 182
260, 181, 182, 179
261, 179, 182, 8
262, 179, 8, 9
263, 182, 183, 7
264, 182, 7, 8
265, 180, 184, 183
266, 180, 183, 182
267, 55, 185, 184
268, 55, 184, 180
269, 54, 186, 185
270, 54, 185, 55
271, 186, 187, 188
272, 186, 188, 185
273, 185, 188, 189
274, 185, 189, 184
275, 184, 189, 190
276, 184, 190, 183
277, 183, 190, 6
278, 183, 6, 7
279, 190, 191, 5
280, 190, 5, 6
281, 189, 192, 191
282, 189, 191, 190
283, 188, 193, 192
284, 188, 192, 189
285, 187, 194, 193
286, 187, 193, 188
287, 56, 195, 194
288, 56, 194, 187
289, 195, 196, 197
290, 195, 197, 194
291, 194, 197, 198
292, 194, 198, 193
293, 193, 198, 199
294, 193, 199, 192
295, 192, 199, 200
296, 192, 200, 191
297, 191, 200, 4
298, 191, 4, 5
299, 1, 4, 200
300, 1, 200, 100
301, 199, 98, 100
302, 199, 100, 200
303, 198, 96, 98
304, 198, 98, 199
305, 197, 94, 96
306, 197, 96, 198
307, 196, 91, 94
308, 196, 94, 197
309, 91, 78, 201
310, 91, 201, 92
311, 78, 91, 196
312, 78, 196, 202
313, 105, 92, 201
314, 105, 201, 203
315, 105, 203, 37
316, 105, 37, 34
317, 38, 113, 36
318, 38, 36, 41
319, 37, 87, 36
320, 37, 36, 35
321, 41, 87, 40
322, 41, 40, 39
323, 69, 68, 120
324, 69, 120, 204
325, 122, 68, 70
326, 122, 70, 71
327, 123, 73, 75
328, 123, 75, 76
329, 130, 123, 76
330, 130, 76, 42
331, 131, 42, 44
332, 131, 44, 80
333, 140, 131, 80
334, 140, 80, 205
335, 141, 140, 205
336, 141, 205, 89
337, 151, 150, 88
338, 151, 88, 206
339, 151, 206, 207
340, 151, 207, 160
341, 161, 160, 207
342, 161, 207, 208
343, 88, 52, 207
344, 88, 207, 206
345, 161, 208, 48
346, 161, 48, 45
347, 64, 170, 47
348, 64, 47, 65
349, 48, 52, 47
350, 48, 47, 46
351, 178, 209, 210
352, 178, 210, 179
353, 55, 84, 86
354, 55, 86, 53
355, 186, 54, 77
356, 186, 77, 79
357, 187, 186, 79
358, 187, 79, 211
359, 57, 56, 187
360, 57, 187, 211
361, 195, 56, 58
362, 195, 58, 212
363, 79, 78, 58
364, 79, 58, 57
365, 196, 195, 212
366, 196, 212, 202
367, 78, 202, 212
368, 78, 212, 58
369, 60, 78, 210
370, 60, 210, 61
371, 205, 80, 70
372, 205, 70, 89
373, 49, 67, 82
374, 49, 82, 81
375, 51, 69, 82
376, 51, 82, 66
377, 90, 87, 60
378, 90, 60, 118
379, 59, 62, 213
380, 59, 213, 119
381, 61, 210, 213
382, 61, 213, 62
383, 69, 51, 50
384, 69, 50, 52
385, 213, 204, 120
386, 213, 120, 119
387, 71, 72, 74
388, 71, 74, 73
389, 70, 76, 74
390, 70, 74, 72
391, 76, 70, 44
392, 76, 44, 43
393, 141, 89, 88
394, 141, 88, 150
395, 69, 52, 88
396, 69, 88, 70
397, 64, 63, 52
398, 64, 52, 176
399, 214, 209, 178
400, 214, 178, 177
401, 179, 210, 215
402, 179, 215, 181
403, 78, 85, 215
404, 78, 215, 210
405, 181, 215, 85
406, 181, 85, 84
407, 78, 77, 53
408, 78, 53, 86
409, 203, 60, 87
410, 203, 87, 37
411, 52, 48, 208
412, 52, 208, 207
413, 204, 83, 82
414, 204, 82, 69
415, 81, 83, 214
416, 81, 214, 177
417, 209, 214, 213
418, 209, 213, 210
419, 60, 203, 201
420, 60, 201, 78
421, 52, 63, 65
422, 52, 65, 47
423, 213, 214, 83
424, 213, 83, 204

Colors, 424
Triangle:, Red:, Green:, Blue:
1, 58, 1, 2
2, 58, 1, 2
3, 58, 1, 2
4, 58, 1, 2
5, 58, 1, 2
6, 58, 1, 2
7, 58, 1, 2
8, 58, 1, 2
9, 58, 1, 2
10, 58, 1, 2
11, 58, 1, 2
12, 58, 1, 2
13, 58, 1, 2
14, 58, 1, 2
15, 58, 1, 2
16, 58, 1, 2
17, 58, 1, 2
18, 58, 1, 2
19, 58, 1, 2
20, 58, 1, 2
21, 58, 1, 2
22, 58, 1, 2
23, 58, 1, 2
24, 58, 1, 2
25, 58, 1, 2
26, 58, 1, 2
27, 58, 1, 2
28, 58, 1, 2
29, 58, 1, 2
30, 58, 1, 2
31, 58, 1, 2
32, 58, 1, 2
33, 58, 1, 2
34, 58, 1, 2
35, 58, 1, 2
36, 58, 1, 2
37, 58, 1, 2
38, 58, 1, 2
39, 58, 1, 2
40, 58, 1, 2
41, 58, 1, 2
42, 58, 1, 2
43, 58, 1, 2
44, 58, 1, 2
45, 58, 1, 2
46, 58, 1, 2
47, 58, 1, 2
48, 58, 1, 2
49, 58, 1, 2
50, 58, 1, 2
51, 58, 1, 2
52, 58, 1, 2
53, 58, 1, 2
54, 58, 1, 2
55, 58, 1, 2
56, 58, 1, 2
57, 58, 1, 2
58, 58, 1, 2
59, 58, 1, 2
60, 58, 1, 2
61, 58, 1, 2
62, 58, 1, 2
63, 58, 1, 2
64, 58, 1, 2
65, 58, 1, 2
66, 58, 1, 2
67, 58, 1, 2
68, 58, 1, 2
69, 58, 1, 2
70, 58, 1, 2
71, 58, 1, 2
72, 58, 1, 2
73, 58, 1, 2
74, 58, 1, 2
75, 58, 1, 2
76, 58, 1, 2
77, 58, 1, 2
78, 58, 1, 2
79, 58, 1, 2
80, 58, 1, 2
81, 58, 1, 2
82, 58, 1, 2
83, 58, 1, 2
84, 58, 1, 2
85, 58, 1, 2
86, 58, 1, 2
87, 58, 1, 2
88, 58, 1, 2
89, 58, 1, 2
90, 58, 1, 2
91, 58, 1, 2
92, 58, 1, 2
93, 58, 1, 2
94, 58, 1, 2
95, 58, 1, 2
96, 58, 1, 2
97, 58, 1, 2
98, 58, 1, 2
99, 58, 1, 2
100, 58, 1, 2
101, 58, 1, 2
102, 58, 1, 2
103, 58, 1, 2
104, 58, 1, 2
105, 58, 1, 2
106, 58, 1, 2
107, 58, 1, 2
108, 58, 1, 2
109, 58, 1, 2
110, 58, 1, 2
111, 58, 1, 2
112, 58, 1, 2
113, 58, 1, 2
114, 58, 1, 2
115, 58, 1, 2
116, 58, 1, 2
117, 58, 1, 2
118, 58, 1, 2
119, 58, 1, 2
120, 58, 1, 2
121, 58, 1, 2
122, 58, 1, 2
123, 58, 1, 2
124, 58, 1, 2
125, 58, 1, 2
126, 58, 1, 2
127, 58, 1, 2
128, 58, 1, 2
129, 58, 1, 2
130, 58, 1, 2
131, 58, 1, 2
132, 58, 1, 2
133, 58, 1, 2
134, 58, 1, 2
135, 58, 1, 2
136, 58, 1, 2
137, 58, 1, 2
138, 58, 1, 2
139, 58, 1, 2
140, 58, 1, 2
141, 58, 1, 2
142, 58, 1, 2
143, 58, 1, 2
144, 58, 1, 2
145, 58, 1, 2
146, 58, 1, 2
147, 58, 1, 2
148, 58, 1, 2
149, 58, 1, 2
150, 58, 1, 2
151, 58, 1, 2
152, 58, 1, 2
153, 58, 1, 2
154, 58, 1, 2
155, 58, 1, 2
156, 58, 1, 2
157, 58, 1, 2
158, 58, 1, 2
159, 58, 1, 2
160, 58, 1, 2
161, 58, 1, 2
162, 58, 1, 2
163, 58, 1, 2
164, 58, 1, 2
165, 58, 1, 2
166, 58, 1, 2
167, 58, 1, 2
168, 58, 1, 2
169, 58, 1, 2
170, 58, 1, 2
171, 58, 1, 2
172, 58, 1, 2
173, 58, 1, 2
174, 58, 1, 2
175, 58, 1, 2
176, 58, 1, 2
177, 58, 1, 2
178, 58, 1, 2
179, 58, 1, 2
180, 58, 1, 2
181, 58, 1, 2
182, 58, 1, 2
183, 58, 1, 2
184, 58, 1, 2
185, 58, 1, 2
186, 58, 1, 2
187, 58, 1, 2
188, 58, 1, 2
189, 58, 1, 2
190, 58, 1, 2
191, 58, 1, 2
192, 58, 1, 2
193, 58, 1, 2
194, 58, 1, 2
195, 58, 1, 2
196, 58, 1, 2
197, 58, 1, 2
198, 58, 1, 2
199, 58, 1, 2
200, 58, 1, 2
201, 58, 1, 2
202, 58, 1, 2
203, 58, 1, 2
204, 58, 1, 2
205, 58, 1, 2
206, 58, 1, 2
207, 58, 1, 2
208, 58, 1, 2
209, 58, 1, 2
210, 58, 1, 2
211, 58, 1, 2
212, 58, 1, 2
213, 58, 1, 2
214, 58, 1, 2
215, 58, 1, 2
216, 58, 1, 2
217, 58, 1, 2
218, 58, 1, 2
219, 58, 1, 2
220, 58, 1, 2
221, 58, 1, 2
222, 58, 1, 2
223, 58, 1, 2
224, 58, 1, 2
225, 58, 1, 2
226, 58, 1, 2
227, 58, 1, 2
228, 58, 1, 2
229, 58, 1, 2
230, 58, 1, 2
231, 58, 1, 2
232, 58, 1, 2
233, 58, 1, 2
234, 58, 1, 2
235, 58, 1, 2
236, 58, 1, 2
237, 58, 1, 2
238, 58, 1, 2
239, 58, 1, 2
240, 58, 1, 2
241, 58, 1, 2
242, 58, 1, 2
243, 58, 1, 2
244, 58, 1, 2
245, 58, 1, 2
246, 58, 1, 2
247, 58, 1, 2
248, 58, 1, 2
249, 58, 1, 2
250, 58, 1, 2
251, 58, 1, 2
252, 58, 1, 2
253, 58, 1, 2
254, 58, 1, 2
255, 58, 1, 2
256, 58, 1, 2
257, 58, 1, 2
258, 58, 1, 2
259, 58, 1, 2
260, 58, 1, 2
261, 58, 1, 2
262, 58, 1, 2
263, 58, 1, 2
264, 58, 1, 2
265, 58, 1, 2
266, 58, 1, 2
267, 58, 1, 2
268, 58, 1, 2
269, 58, 1, 2
270, 58, 1, 2
271, 58, 1, 2
272, 58, 1, 2
273, 58, 1, 2
274, 58, 1, 2
275, 58, 1, 2
276, 58, 1, 2
277, 58, 1, 2
278, 58, 1, 2
279, 58, 1, 2
280, 58, 1, 2
281, 58, 1, 2
282, 58, 1, 2
283, 58, 1, 2
284, 58, 1, 2
285, 58, 1, 2
286, 58, 1, 2
287, 58, 1, 2
288, 58, 1, 2
289, 58, 1, 2
290, 58, 1, 2
291, 58, 1, 2
292, 58, 1, 2
293, 58, 1, 2
294, 58, 1, 2
295, 58, 1, 2
296, 58, 1, 2
297, 58, 1, 2
298, 58, 1, 2
299, 58, 1, 2
300, 58, 1, 2
301, 58, 1, 2
302, 58, 1, 2
303, 58, 1, 2
304, 58, 1, 2
305, 58, 1, 2
306, 58, 1, 2
307, 58, 1, 2
308, 58, 1, 2
309, 58, 1, 2
310, 58, 1, 2
311, 58, 1, 2
312, 58, 1, 2
313, 58, 1, 2
314, 58, 1, 2
315, 58, 1, 2
316, 58, 1, 2
317, 58, 1, 2
318, 58, 1, 2
319, 58, 1, 2
320, 58, 1, 2
321, 58, 1, 2
322, 58, 1, 2
323, 58, 1, 2
324, 58, 1, 2
325, 58, 1, 2
326, 58, 1, 2
327, 58, 1, 2
328, 58, 1, 2
329, 58, 1, 2
330, 58, 1, 2
331, 58, 1, 2
332, 58, 1, 2
333, 58, 1, 2
334, 58, 1, 2
335, 58, 1, 2
336, 58, 1, 2
337, 58, 1, 2
338, 58, 1, 2
339, 58, 1, 2
340, 58, 1, 2
341, 58, 1, 2
342, 58, 1, 2
343, 58, 1, 2
344, 58, 1, 2
345, 58, 1, 2
346, 58, 1, 2
347, 58, 1, 2
348, 58, 1, 2
349, 58, 1, 2
350, 58, 1, 2
351, 58, 1, 2
352, 58, 1, 2
353, 58, 1, 2
354, 58, 1, 2
355, 58, 1, 2
356, 58, 1, 2
357, 58, 1, 2
358, 58, 1, 2
359, 58, 1, 2
360, 58, 1, 2
361, 58, 1, 2
362, 58, 1, 2
363, 58, 1, 2
364, 58, 1, 2
365, 58, 1, 2
366, 58, 1, 2
367, 58, 1, 2
368, 58, 1, 2
369, 58, 1, 2
370, 58, 1, 2
371, 58, 1, 2
372, 58, 1, 2
373, 58, 1, 2
374, 58, 1, 2
375, 58, 1, 2
376, 58, 1, 2
377, 58, 1, 2
378, 58, 1, 2
379, 58, 1, 2
380, 58, 1, 2
381, 58, 1, 2
382, 58, 1, 2
383, 58, 1, 2
384, 58, 1, 2
385, 58, 1, 2
386, 58, 1, 2
387, 58, 1, 2
388, 58, 1, 2
389, 58, 1, 2
390, 58, 1, 2
391, 58, 1, 2
392, 58, 1, 2
393, 58, 1, 2
394, 58, 1, 2
395, 58, 1, 2
396, 58, 1, 2
397, 58, 1, 2
398, 58, 1, 2
399, 58, 1, 2
400, 58, 1, 2
401, 58, 1, 2
402, 58, 1, 2
403, 58, 1, 2
404, 58, 1, 2
405, 58, 1, 2
406, 58, 1, 2
407, 58, 1, 2
408, 58, 1, 2
409, 58, 1, 2
410, 58, 1, 2
411, 58, 1, 2
412, 58, 1, 2
413, 58, 1, 2
414, 58, 1, 2
415, 58, 1, 2
416, 58, 1, 2
417, 58, 1, 2
418, 58, 1, 2
419, 58, 1, 2
420, 58, 1, 2
421, 58, 1, 2
422, 58, 1, 2
423, 58, 1, 2
424, 58, 1, 2
