Objects, 1
Object:, First Vertice:, Vertices:, First Triangle:, Triangles:
Sphere.006, 1, 215, 1, 486

Vertices, 215
Vertice:, X:, Y:, Z:
1, -0.17676258087158203, -2.0328190326690674, -0.8925385475158691
2, -0.1825558990240097, -2.0328001976013184, -0.8908644318580627
3, -0.1881578415632248, -2.033142566680908, -0.9211100339889526
4, -0.17140710353851318, -2.032850503921509, -0.8953104019165039
5, -0.16669543087482452, -2.032893180847168, -0.8990738987922668
6, -0.16280844807624817, -2.032945156097412, -0.9036840796470642
7, -0.15989576280117035, -2.0330049991607666, -0.9089641571044922
8, -0.1580689698457718, -2.0330700874328613, -0.9147107601165771
9, -0.15739871561527252, -2.033137798309326, -0.9207034707069397
10, -0.1579102873802185, -2.03320574760437, -0.9267116785049438
11, -0.1595844328403473, -2.033271551132202, -0.9325046539306641
12, -0.16235652565956116, -2.033332109451294, -0.9378597736358643
13, -0.16612021625041962, -2.0333852767944336, -0.9425711035728455
14, -0.1707307994365692, -2.0334293842315674, -0.9464578032493591
15, -0.1760111004114151, -2.0334622859954834, -0.9493703246116638
16, -0.18175821006298065, -2.0334830284118652, -0.9511969685554504
17, -0.1877511739730835, -2.0334906578063965, -0.9518672227859497
18, -0.19375979900360107, -2.033484935760498, -0.9513555765151978
19, -0.19955316185951233, -2.03346586227417, -0.9496816992759705
20, -0.2049085646867752, -2.0334343910217285, -0.9469096660614014
21, -0.20962025225162506, -2.0333919525146484, -0.9431461691856384
22, -0.21350723505020142, -2.033339738845825, -0.9385359883308411
23, -0.2164199948310852, -2.0332798957824707, -0.9332559704780579
24, -0.2182467132806778, -2.033215045928955, -0.9275093078613281
25, -0.21891704201698303, -2.033147096633911, -0.9215167164802551
26, -0.21840541064739227, -2.033079147338867, -0.9155084490776062
27, -0.21673132479190826, -2.0330135822296143, -0.909715473651886
28, -0.21395915746688843, -2.0329530239105225, -0.9043603539466858
29, -0.21019545197486877, -2.0328996181488037, -0.8996490240097046
30, -0.20558488368988037, -2.03285551071167, -0.8957622647285461
31, -0.20030458271503448, -2.032822608947754, -0.8928497433662415
32, -0.19455747306346893, -2.032801866531372, -0.8910230994224548
33, -0.18856452405452728, -2.03279447555542, -0.8903528451919556
34, -0.189509317278862, -2.0131571292877197, -0.9149821400642395
35, -0.18981973826885223, -2.0131583213806152, -0.9150807857513428
36, -0.19105856120586395, -2.0134105682373047, -0.9145838022232056
37, -0.18945753574371338, -2.0131354331970215, -0.9152253866195679
38, -0.19537639617919922, -2.015004873275757, -0.9108145833015442
39, -0.19701020419597626, -2.0150206089019775, -0.9121918082237244
40, -0.19788192212581635, -2.015460968017578, -0.9118392467498779
41, -0.19345460832118988, -2.014007329940796, -0.9136213660240173
42, -0.19412583112716675, -2.013258218765259, -0.9239002466201782
43, -0.19414031505584717, -2.0132577419281006, -0.923854649066925
44, -0.1940777748823166, -2.0132527351379395, -0.9238796234130859
45, -0.1855929046869278, -2.013296604156494, -0.9273030161857605
46, -0.18555106222629547, -2.013296365737915, -0.9272798895835876
47, -0.18351194262504578, -2.0138227939605713, -0.9280871748924255
48, -0.18561355769634247, -2.0132908821105957, -0.9272550344467163
49, -0.16841039061546326, -2.0224862098693848, -0.9340519309043884
50, -0.168569415807724, -2.022329330444336, -0.9339505434036255
51, -0.16839337348937988, -2.0224859714508057, -0.9340189695358276
52, -0.17326024174690247, -2.0183229446411133, -0.9321249723434448
53, -0.17545703053474426, -2.015117645263672, -0.9207868576049805
54, -0.17569464445114136, -2.0150938034057617, -0.9186633229255676
55, -0.1700640767812729, -2.0181567668914795, -0.9174310564994812
56, -0.1828048974275589, -2.0131874084472656, -0.9176557064056396
57, -0.18264757096767426, -2.013190746307373, -0.9179409146308899
58, -0.18300969898700714, -2.013164520263672, -0.9177967309951782
59, -0.21137839555740356, -2.0272159576416016, -0.906100869178772
60, -0.20751312375068665, -2.022190570831299, -0.9079217910766602
61, -0.209031343460083, -2.0240986347198486, -0.9072946906089783
62, -0.2092234194278717, -2.0241012573242188, -0.9075353145599365
63, -0.17882101237773895, -2.015221357345581, -0.9299423098564148
64, -0.17902962863445282, -2.0152242183685303, -0.9302034974098206
65, -0.17962856590747833, -2.0149641036987305, -0.9296231269836426
66, -0.16836236417293549, -2.022526502609253, -0.9340308308601379
67, -0.16836105287075043, -2.0225281715393066, -0.9340313673019409
68, -0.2113083004951477, -2.0222926139831543, -0.9169449806213379
69, -0.2112979143857956, -2.022292137145996, -0.9169092774391174
70, -0.21112191677093506, -2.022137403488159, -0.9169812798500061
71, -0.20665478706359863, -2.018203020095825, -0.9215238094329834
72, -0.20643103122711182, -2.0181734561920166, -0.9188970327377319
73, -0.20089870691299438, -2.0151257514953613, -0.9214824438095093
74, -0.2008703351020813, -2.0151219367980957, -0.9211493134498596
75, -0.20006275177001953, -2.014871835708618, -0.921474277973175
76, -0.1961793750524521, -2.013765573501587, -0.9230356812477112
77, -0.17901267111301422, -2.0140726566314697, -0.9193806052207947
78, -0.18623363971710205, -2.0130462646484375, -0.9165122509002686
79, -0.18140871822834015, -2.013453960418701, -0.9184319972991943
80, -0.1926734447479248, -2.0131638050079346, -0.9244406819343567
81, -0.1649373471736908, -2.027557134628296, -0.9362495541572571
82, -0.16728471219539642, -2.0239450931549072, -0.9344446063041687
83, -0.1669335663318634, -2.024407386779785, -0.9345794320106506
84, -0.1696610003709793, -2.018197536468506, -0.9210346341133118
85, -0.16982802748680115, -2.0182197093963623, -0.9229968190193176
86, -0.17458535730838776, -2.015566110610962, -0.9211294651031494
87, -0.20263928174972534, -2.0180716514587402, -0.9099122881889343
88, -0.18984569609165192, -2.0130860805511475, -0.9255694150924683
89, -0.19068747758865356, -2.0130908489227295, -0.9252336025238037
90, -0.20141004025936127, -2.018054246902466, -0.9083735942840576
91, -0.18575158715248108, -2.0131609439849854, -0.9153020977973938
92, -0.18697495758533478, -2.0131568908691406, -0.9149487614631653
93, -0.1858374923467636, -2.014981985092163, -0.908785879611969
94, -0.1834377497434616, -2.0149898529052734, -0.9094792008399963
95, -0.18478915095329285, -2.0179944038391113, -0.9030910730361938
96, -0.18130533397197723, -2.018005847930908, -0.9040977954864502
97, -0.18387025594711304, -2.0220792293548584, -0.8980833292007446
98, -0.1794363111257553, -2.0220937728881836, -0.8993646502494812
99, -0.18311625719070435, -2.02707839012146, -0.8939549326896667
100, -0.17790232598781586, -2.027095317840576, -0.8954614400863647
101, -0.18852384388446808, -2.0270731449127197, -0.8934943675994873
102, -0.1884690821170807, -2.0220746994018555, -0.8976918458938599
103, -0.1884024441242218, -2.017991065979004, -0.9027834534645081
104, -0.18832634389400482, -2.014979600906372, -0.9085739850997925
105, -0.18824374675750732, -2.013155698776245, -0.914840579032898
106, -0.1908087432384491, -2.0149827003479004, -0.9088516235351562
107, -0.1920062005519867, -2.017995595932007, -0.903186559677124
108, -0.19305600225925446, -2.022080421447754, -0.8982047438621521
109, -0.1939174383878708, -2.0270800590515137, -0.8940976858139038
110, -0.1990896463394165, -2.0270986557006836, -0.8957415223121643
111, -0.19745464622974396, -2.0220963954925537, -0.8996028304100037
112, -0.19546222686767578, -2.01800799369812, -0.9042848944664001
113, -0.1931891292333603, -2.014991283416748, -0.9096082448959351
114, -0.19863756000995636, -2.0180277824401855, -0.9060364961624146
115, -0.20149590075016022, -2.0221216678619385, -0.901831865310669
116, -0.2038417011499405, -2.027128219604492, -0.8983627557754517
117, -0.20799119770526886, -2.027167797088623, -0.901860773563385
118, -0.20502464473247528, -2.022155284881592, -0.9048067331314087
119, -0.21387329697608948, -2.027270555496216, -0.9109203815460205
120, -0.21537983417510986, -2.027329444885254, -0.9161338806152344
121, -0.21584047377109528, -2.027390718460083, -0.9215412139892578
122, -0.21169982850551605, -2.0223445892333984, -0.9215434789657593
123, -0.20062106847763062, -2.015153646469116, -0.9239646792411804
124, -0.20625163614749908, -2.0182440280914307, -0.9251272678375244
125, -0.21118690073490143, -2.0223965644836426, -0.9261301755905151
126, -0.21523703634738922, -2.027451753616333, -0.9269344210624695
127, -0.21359315514564514, -2.027510166168213, -0.9321063160896301
128, -0.20978876948356628, -2.022446393966675, -0.930528461933136
129, -0.20515325665473938, -2.0182831287384033, -0.9285831451416016
130, -0.19986438751220703, -2.0151805877685547, -0.9263450503349304
131, -0.19351083040237427, -2.013270854949951, -0.9250152111053467
132, -0.19865798950195312, -2.0152053833007812, -0.928532063961029
133, -0.20340153574943542, -2.0183188915252686, -0.9317581653594971
134, -0.2075595110654831, -2.0224921703338623, -0.9345695376396179
135, -0.21097171306610107, -2.02756404876709, -0.936858057975769
136, -0.20747357606887817, -2.027611017227173, -0.9410072565078735
137, -0.20458440482616425, -2.0225319862365723, -0.9380980134010315
138, -0.20106424391269684, -2.01835036277771, -0.93453049659729
139, -0.19704794883728027, -2.0152270793914795, -0.9304416179656982
140, -0.19269001483917236, -2.01328182220459, -0.9259886741638184
141, -0.191694974899292, -2.0132908821105957, -0.9267832636833191
142, -0.1950962394475937, -2.015244722366333, -0.932000458240509
143, -0.19823090732097626, -2.018375873565674, -0.9367936849594116
144, -0.2009783387184143, -2.022564649581909, -0.940978467464447
145, -0.20323318243026733, -2.027649402618408, -0.9443942308425903
146, -0.19841332733631134, -2.027677536010742, -0.9468889832496643
147, -0.19687943160533905, -2.0225887298583984, -0.9430999755859375
148, -0.19501039385795593, -2.018394708633423, -0.9384605884552002
149, -0.19287797808647156, -2.0152575969696045, -0.9331487417221069
150, -0.19056415557861328, -2.0132973194122314, -0.927368700504303
151, -0.18934078514575958, -2.013301372528076, -0.9277220964431763
152, -0.19047823548316956, -2.015265464782715, -0.9338420629501343
153, -0.19152654707431793, -2.0184061527252197, -0.9394673109054565
154, -0.19244541227817535, -2.0226030349731445, -0.9443812370300293
155, -0.19319948554039001, -2.0276944637298584, -0.9483955502510071
156, -0.1877918541431427, -2.0276997089385986, -0.948855996131897
157, -0.18784666061401367, -2.0226075649261475, -0.9447728395462036
158, -0.18791328370571136, -2.0184097290039062, -0.9397748708724976
159, -0.18798935413360596, -2.015267848968506, -0.9340540170669556
160, -0.18807198107242584, -2.0133025646209717, -0.9278302788734436
161, -0.18680642545223236, -2.013301134109497, -0.927688717842102
162, -0.18550704419612885, -2.0152647495269775, -0.9337764382362366
163, -0.18430951237678528, -2.0184051990509033, -0.9393717646598816
164, -0.1832597553730011, -2.022601842880249, -0.9442598819732666
165, -0.1823982298374176, -2.027693033218384, -0.9482526183128357
166, -0.17722603678703308, -2.0276741981506348, -0.94660884141922
167, -0.1788611114025116, -2.022585868835449, -0.9428618550300598
168, -0.18085350096225739, -2.01839280128479, -0.9382734894752502
169, -0.1831265687942505, -2.01525616645813, -0.933019757270813
170, -0.18093934655189514, -2.015242576599121, -0.9318134188652039
171, -0.17767813801765442, -2.0183727741241455, -0.9365218877792358
172, -0.17481978237628937, -2.0225605964660645, -0.9406327605247498
173, -0.1724739670753479, -2.027644634246826, -0.9439876079559326
174, -0.1683245301246643, -2.0276050567626953, -0.9404897093772888
175, -0.1712910234928131, -2.022526979446411, -0.93765789270401
176, -0.1749056875705719, -2.0183463096618652, -0.934184730052948
177, -0.16244246065616608, -2.0275025367736816, -0.9314300417900085
178, -0.16093583405017853, -2.0274436473846436, -0.9262164831161499
179, -0.16047529876232147, -2.0273823738098145, -0.920809268951416
180, -0.16512884199619293, -2.0222856998443604, -0.9163345098495483
181, -0.16461583971977234, -2.0223376750946045, -0.9209210872650146
182, -0.16107864677906036, -2.0273213386535645, -0.9154159426689148
183, -0.16272252798080444, -2.0272626876831055, -0.9102441072463989
184, -0.16652695834636688, -2.022235870361328, -0.9119362831115723
185, -0.1711624711751938, -2.018117666244507, -0.913975179195404
186, -0.17645137012004852, -2.0150668621063232, -0.9162830114364624
187, -0.17765779793262482, -2.0150420665740967, -0.9140959978103638
188, -0.17291419208049774, -2.0180816650390625, -0.9108001589775085
189, -0.16875624656677246, -2.0221900939941406, -0.9078950881958008
190, -0.16534395515918732, -2.0272090435028076, -0.9054923057556152
191, -0.16884209215641022, -2.0271620750427246, -0.9013431072235107
192, -0.17173126339912415, -2.0221502780914307, -0.9043665528297424
193, -0.17525148391723633, -2.0180504322052, -0.9080278277397156
194, -0.17926782369613647, -2.0150203704833984, -0.9121864438056946
195, -0.183625727891922, -2.013176441192627, -0.9166821837425232
196, -0.1846207082271576, -2.013167381286621, -0.9158875346183777
197, -0.18121947348117828, -2.015002727508545, -0.9106274843215942
198, -0.1780848205089569, -2.0180246829986572, -0.9057646989822388
199, -0.17533734440803528, -2.0221176147460938, -0.9014860391616821
200, -0.17308259010314941, -2.0271236896514893, -0.8979561924934387
201, -0.187193363904953, -2.013051986694336, -0.9161294102668762
202, -0.18527387082576752, -2.0130605697631836, -0.9168948531150818
203, -0.1882321685552597, -2.0130794048309326, -0.9157148599624634
204, -0.21275776624679565, -2.024200439453125, -0.9163054823875427
205, -0.19159866869449615, -2.013115167617798, -0.9248698949813843
206, -0.1890038549900055, -2.0130984783172607, -0.9259050488471985
207, -0.1880926638841629, -2.0131309032440186, -0.9262681007385254
208, -0.18701785802841187, -2.0131895542144775, -0.9266961216926575
209, -0.16346219182014465, -2.0243077278137207, -0.9257840514183044
210, -0.1634359359741211, -2.0243043899536133, -0.9254773855209351
211, -0.18173590302467346, -2.0133845806121826, -0.9183022975921631
212, -0.1842351108789444, -2.0130975246429443, -0.9173087477684021
213, -0.21148674190044403, -2.0241506099700928, -0.9119074940681458
214, -0.16482894122600555, -2.0243613719940186, -0.9305137991905212
215, -0.16495412588119507, -2.0223824977874756, -0.9248935580253601

Triangles, 424
Triangle:, Side1:, Side2:, Side3:
1, 1, 2, 3
2, 4, 1, 3
3, 5, 4, 3
4, 6, 5, 3
5, 7, 6, 3
6, 8, 7, 3
7, 9, 8, 3
8, 10, 9, 3
9, 11, 10, 3
10, 12, 11, 3
11, 13, 12, 3
12, 14, 13, 3
13, 15, 14, 3
14, 16, 15, 3
15, 17, 16, 3
16, 18, 17, 3
17, 19, 18, 3
18, 20, 19, 3
19, 21, 20, 3
20, 22, 21, 3
21, 23, 22, 3
22, 24, 23, 3
23, 25, 24, 3
24, 26, 25, 3
25, 27, 26, 3
26, 28, 27, 3
27, 29, 28, 3
28, 30, 29, 3
29, 31, 30, 3
30, 32, 31, 3
31, 33, 32, 3
32, 2, 33, 3
33, 34, 35, 36
34, 35, 34, 37
35, 38, 39, 40
36, 39, 38, 41
37, 42, 43, 44
38, 45, 46, 47
39, 46, 45, 48
40, 49, 50, 51
41, 52, 50, 49
42, 53, 54, 55
43, 56, 57, 58
44, 59, 60, 61
45, 62, 59, 61
46, 63, 64, 65
47, 49, 66, 67
48, 49, 51, 66
49, 68, 69, 70
50, 71, 70, 72
51, 73, 74, 75
52, 42, 76, 43
53, 53, 77, 54
54, 78, 79, 77
55, 76, 75, 74
56, 70, 80, 44
57, 81, 82, 83
58, 84, 85, 86
59, 86, 85, 78
60, 36, 87, 41
61, 88, 89, 70
62, 90, 40, 87
63, 91, 92, 93
64, 91, 93, 94
65, 94, 93, 95
66, 94, 95, 96
67, 96, 95, 97
68, 96, 97, 98
69, 98, 97, 99
70, 98, 99, 100
71, 2, 1, 100
72, 2, 100, 99
73, 99, 101, 33
74, 99, 33, 2
75, 97, 102, 101
76, 97, 101, 99
77, 95, 103, 102
78, 95, 102, 97
79, 93, 104, 103
80, 93, 103, 95
81, 92, 105, 104
82, 92, 104, 93
83, 105, 34, 106
84, 105, 106, 104
85, 104, 106, 107
86, 104, 107, 103
87, 103, 107, 108
88, 103, 108, 102
89, 102, 108, 109
90, 102, 109, 101
91, 101, 109, 32
92, 101, 32, 33
93, 109, 110, 31
94, 109, 31, 32
95, 108, 111, 110
96, 108, 110, 109
97, 107, 112, 111
98, 107, 111, 108
99, 106, 113, 112
100, 106, 112, 107
101, 34, 36, 113
102, 34, 113, 106
103, 113, 38, 114
104, 113, 114, 112
105, 112, 114, 115
106, 112, 115, 111
107, 111, 115, 116
108, 111, 116, 110
109, 110, 116, 30
110, 110, 30, 31
111, 116, 117, 29
112, 116, 29, 30
113, 115, 118, 117
114, 115, 117, 116
115, 114, 90, 118
116, 114, 118, 115
117, 38, 40, 90
118, 38, 90, 114
119, 118, 60, 59
120, 118, 59, 117
121, 117, 59, 28
122, 117, 28, 29
123, 59, 119, 27
124, 59, 27, 28
125, 119, 120, 26
126, 119, 26, 27
127, 120, 121, 25
128, 120, 25, 26
129, 68, 122, 121
130, 68, 121, 120
131, 73, 123, 124
132, 73, 124, 71
133, 71, 124, 125
134, 71, 125, 122
135, 122, 125, 126
136, 122, 126, 121
137, 121, 126, 24
138, 121, 24, 25
139, 126, 127, 23
140, 126, 23, 24
141, 125, 128, 127
142, 125, 127, 126
143, 124, 129, 128
144, 124, 128, 125
145, 123, 130, 129
146, 123, 129, 124
147, 42, 131, 132
148, 42, 132, 130
149, 130, 132, 133
150, 130, 133, 129
151, 129, 133, 134
152, 129, 134, 128
153, 128, 134, 135
154, 128, 135, 127
155, 127, 135, 22
156, 127, 22, 23
157, 135, 136, 21
158, 135, 21, 22
159, 134, 137, 136
160, 134, 136, 135
161, 133, 138, 137
162, 133, 137, 134
163, 132, 139, 138
164, 132, 138, 133
165, 131, 140, 139
166, 131, 139, 132
167, 140, 141, 142
168, 140, 142, 139
169, 139, 142, 143
170, 139, 143, 138
171, 138, 143, 144
172, 138, 144, 137
173, 137, 144, 145
174, 137, 145, 136
175, 136, 145, 20
176, 136, 20, 21
177, 145, 146, 19
178, 145, 19, 20
179, 144, 147, 146
180, 144, 146, 145
181, 143, 148, 147
182, 143, 147, 144
183, 142, 149, 148
184, 142, 148, 143
185, 141, 150, 149
186, 141, 149, 142
187, 150, 151, 152
188, 150, 152, 149
189, 149, 152, 153
190, 149, 153, 148
191, 148, 153, 154
192, 148, 154, 147
193, 147, 154, 155
194, 147, 155, 146
195, 146, 155, 18
196, 146, 18, 19
197, 155, 156, 17
198, 155, 17, 18
199, 154, 157, 156
200, 154, 156, 155
201, 153, 158, 157
202, 153, 157, 154
203, 152, 159, 158
204, 152, 158, 153
205, 151, 160, 159
206, 151, 159, 152
207, 160, 161, 162
208, 160, 162, 159
209, 159, 162, 163
210, 159, 163, 158
211, 158, 163, 164
212, 158, 164, 157
213, 157, 164, 165
214, 157, 165, 156
215, 156, 165, 16
216, 156, 16, 17
217, 165, 166, 15
218, 165, 15, 16
219, 164, 167, 166
220, 164, 166, 165
221, 163, 168, 167
222, 163, 167, 164
223, 162, 169, 168
224, 162, 168, 163
225, 161, 45, 169
226, 161, 169, 162
227, 45, 47, 170
228, 45, 170, 169
229, 169, 170, 171
230, 169, 171, 168
231, 168, 171, 172
232, 168, 172, 167
233, 167, 172, 173
234, 167, 173, 166
235, 166, 173, 14
236, 166, 14, 15
237, 173, 174, 13
238, 173, 13, 14
239, 172, 175, 174
240, 172, 174, 173
241, 171, 176, 175
242, 171, 175, 172
243, 170, 64, 176
244, 170, 176, 171
245, 176, 52, 49
246, 176, 49, 175
247, 175, 49, 81
248, 175, 81, 174
249, 174, 81, 12
250, 174, 12, 13
251, 81, 177, 11
252, 81, 11, 12
253, 177, 178, 10
254, 177, 10, 11
255, 178, 179, 9
256, 178, 9, 10
257, 84, 55, 180
258, 84, 180, 181
259, 181, 180, 182
260, 181, 182, 179
261, 179, 182, 8
262, 179, 8, 9
263, 182, 183, 7
264, 182, 7, 8
265, 180, 184, 183
266, 180, 183, 182
267, 55, 185, 184
268, 55, 184, 180
269, 54, 186, 185
270, 54, 185, 55
271, 186, 187, 188
272, 186, 188, 185
273, 185, 188, 189
274, 185, 189, 184
275, 184, 189, 190
276, 184, 190, 183
277, 183, 190, 6
278, 183, 6, 7
279, 190, 191, 5
280, 190, 5, 6
281, 189, 192, 191
282, 189, 191, 190
283, 188, 193, 192
284, 188, 192, 189
285, 187, 194, 193
286, 187, 193, 188
287, 56, 195, 194
288, 56, 194, 187
289, 195, 196, 197
290, 195, 197, 194
291, 194, 197, 198
292, 194, 198, 193
293, 193, 198, 199
294, 193, 199, 192
295, 192, 199, 200
296, 192, 200, 191
297, 191, 200, 4
298, 191, 4, 5
299, 1, 4, 200
300, 1, 200, 100
301, 199, 98, 100
302, 199, 100, 200
303, 198, 96, 98
304, 198, 98, 199
305, 197, 94, 96
306, 197, 96, 198
307, 196, 91, 94
308, 196, 94, 197
309, 91, 78, 201
310, 91, 201, 92
311, 78, 91, 196
312, 78, 196, 202
313, 105, 92, 201
314, 105, 201, 203
315, 105, 203, 37
316, 105, 37, 34
317, 38, 113, 36
318, 38, 36, 41
319, 37, 87, 36
320, 37, 36, 35
321, 41, 87, 40
322, 41, 40, 39
323, 69, 68, 120
324, 69, 120, 204
325, 122, 68, 70
326, 122, 70, 71
327, 123, 73, 75
328, 123, 75, 76
329, 130, 123, 76
330, 130, 76, 42
331, 131, 42, 44
332, 131, 44, 80
333, 140, 131, 80
334, 140, 80, 205
335, 141, 140, 205
336, 141, 205, 89
337, 151, 150, 88
338, 151, 88, 206
339, 151, 206, 207
340, 151, 207, 160
341, 161, 160, 207
342, 161, 207, 208
343, 88, 52, 207
344, 88, 207, 206
345, 161, 208, 48
346, 161, 48, 45
347, 64, 170, 47
348, 64, 47, 65
349, 48, 52, 47
350, 48, 47, 46
351, 178, 209, 210
352, 178, 210, 179
353, 55, 84, 86
354, 55, 86, 53
355, 186, 54, 77
356, 186, 77, 79
357, 187, 186, 79
358, 187, 79, 211
359, 57, 56, 187
360, 57, 187, 211
361, 195, 56, 58
362, 195, 58, 212
363, 79, 78, 58
364, 79, 58, 57
365, 196, 195, 212
366, 196, 212, 202
367, 78, 202, 212
368, 78, 212, 58
369, 60, 78, 210
370, 60, 210, 61
371, 205, 80, 70
372, 205, 70, 89
373, 49, 67, 82
374, 49, 82, 81
375, 51, 69, 82
376, 51, 82, 66
377, 90, 87, 60
378, 90, 60, 118
379, 59, 62, 213
380, 59, 213, 119
381, 61, 210, 213
382, 61, 213, 62
383, 69, 51, 50
384, 69, 50, 52
385, 213, 204, 120
386, 213, 120, 119
387, 71, 72, 74
388, 71, 74, 73
389, 70, 76, 74
390, 70, 74, 72
391, 76, 70, 44
392, 76, 44, 43
393, 141, 89, 88
394, 141, 88, 150
395, 69, 52, 88
396, 69, 88, 70
397, 64, 63, 52
398, 64, 52, 176
399, 214, 209, 178
400, 214, 178, 177
401, 179, 210, 215
402, 179, 215, 181
403, 78, 85, 215
404, 78, 215, 210
405, 181, 215, 85
406, 181, 85, 84
407, 78, 77, 53
408, 78, 53, 86
409, 203, 60, 87
410, 203, 87, 37
411, 52, 48, 208
412, 52, 208, 207
413, 204, 83, 82
414, 204, 82, 69
415, 81, 83, 214
416, 81, 214, 177
417, 209, 214, 213
418, 209, 213, 210
419, 60, 203, 201
420, 60, 201, 78
421, 52, 63, 65
422, 52, 65, 47
423, 213, 214, 83
424, 213, 83, 204

Colors, 424
Triangle:, Red:, Green:, Blue:
1, 58, 1, 2
2, 58, 1, 2
3, 58, 1, 2
4, 58, 1, 2
5, 58, 1, 2
6, 58, 1, 2
7, 58, 1, 2
8, 58, 1, 2
9, 58, 1, 2
10, 58, 1, 2
11, 58, 1, 2
12, 58, 1, 2
13, 58, 1, 2
14, 58, 1, 2
15, 58, 1, 2
16, 58, 1, 2
17, 58, 1, 2
18, 58, 1, 2
19, 58, 1, 2
20, 58, 1, 2
21, 58, 1, 2
22, 58, 1, 2
23, 58, 1, 2
24, 58, 1, 2
25, 58, 1, 2
26, 58, 1, 2
27, 58, 1, 2
28, 58, 1, 2
29, 58, 1, 2
30, 58, 1, 2
31, 58, 1, 2
32, 58, 1, 2
33, 58, 1, 2
34, 58, 1, 2
35, 58, 1, 2
36, 58, 1, 2
37, 58, 1, 2
38, 58, 1, 2
39, 58, 1, 2
40, 58, 1, 2
41, 58, 1, 2
42, 58, 1, 2
43, 58, 1, 2
44, 58, 1, 2
45, 58, 1, 2
46, 58, 1, 2
47, 58, 1, 2
48, 58, 1, 2
49, 58, 1, 2
50, 58, 1, 2
51, 58, 1, 2
52, 58, 1, 2
53, 58, 1, 2
54, 58, 1, 2
55, 58, 1, 2
56, 58, 1, 2
57, 58, 1, 2
58, 58, 1, 2
59, 58, 1, 2
60, 58, 1, 2
61, 58, 1, 2
62, 58, 1, 2
63, 58, 1, 2
64, 58, 1, 2
65, 58, 1, 2
66, 58, 1, 2
67, 58, 1, 2
68, 58, 1, 2
69, 58, 1, 2
70, 58, 1, 2
71, 58, 1, 2
72, 58, 1, 2
73, 58, 1, 2
74, 58, 1, 2
75, 58, 1, 2
76, 58, 1, 2
77, 58, 1, 2
78, 58, 1, 2
79, 58, 1, 2
80, 58, 1, 2
81, 58, 1, 2
82, 58, 1, 2
83, 58, 1, 2
84, 58, 1, 2
85, 58, 1, 2
86, 58, 1, 2
87, 58, 1, 2
88, 58, 1, 2
89, 58, 1, 2
90, 58, 1, 2
91, 58, 1, 2
92, 58, 1, 2
93, 58, 1, 2
94, 58, 1, 2
95, 58, 1, 2
96, 58, 1, 2
97, 58, 1, 2
98, 58, 1, 2
99, 58, 1, 2
100, 58, 1, 2
101, 58, 1, 2
102, 58, 1, 2
103, 58, 1, 2
104, 58, 1, 2
105, 58, 1, 2
106, 58, 1, 2
107, 58, 1, 2
108, 58, 1, 2
109, 58, 1, 2
110, 58, 1, 2
111, 58, 1, 2
112, 58, 1, 2
113, 58, 1, 2
114, 58, 1, 2
115, 58, 1, 2
116, 58, 1, 2
117, 58, 1, 2
118, 58, 1, 2
119, 58, 1, 2
120, 58, 1, 2
121, 58, 1, 2
122, 58, 1, 2
123, 58, 1, 2
124, 58, 1, 2
125, 58, 1, 2
126, 58, 1, 2
127, 58, 1, 2
128, 58, 1, 2
129, 58, 1, 2
130, 58, 1, 2
131, 58, 1, 2
132, 58, 1, 2
133, 58, 1, 2
134, 58, 1, 2
135, 58, 1, 2
136, 58, 1, 2
137, 58, 1, 2
138, 58, 1, 2
139, 58, 1, 2
140, 58, 1, 2
141, 58, 1, 2
142, 58, 1, 2
143, 58, 1, 2
144, 58, 1, 2
145, 58, 1, 2
146, 58, 1, 2
147, 58, 1, 2
148, 58, 1, 2
149, 58, 1, 2
150, 58, 1, 2
151, 58, 1, 2
152, 58, 1, 2
153, 58, 1, 2
154, 58, 1, 2
155, 58, 1, 2
156, 58, 1, 2
157, 58, 1, 2
158, 58, 1, 2
159, 58, 1, 2
160, 58, 1, 2
161, 58, 1, 2
162, 58, 1, 2
163, 58, 1, 2
164, 58, 1, 2
165, 58, 1, 2
166, 58, 1, 2
167, 58, 1, 2
168, 58, 1, 2
169, 58, 1, 2
170, 58, 1, 2
171, 58, 1, 2
172, 58, 1, 2
173, 58, 1, 2
174, 58, 1, 2
175, 58, 1, 2
176, 58, 1, 2
177, 58, 1, 2
178, 58, 1, 2
179, 58, 1, 2
180, 58, 1, 2
181, 58, 1, 2
182, 58, 1, 2
183, 58, 1, 2
184, 58, 1, 2
185, 58, 1, 2
186, 58, 1, 2
187, 58, 1, 2
188, 58, 1, 2
189, 58, 1, 2
190, 58, 1, 2
191, 58, 1, 2
192, 58, 1, 2
193, 58, 1, 2
194, 58, 1, 2
195, 58, 1, 2
196, 58, 1, 2
197, 58, 1, 2
198, 58, 1, 2
199, 58, 1, 2
200, 58, 1, 2
201, 58, 1, 2
202, 58, 1, 2
203, 58, 1, 2
204, 58, 1, 2
205, 58, 1, 2
206, 58, 1, 2
207, 58, 1, 2
208, 58, 1, 2
209, 58, 1, 2
210, 58, 1, 2
211, 58, 1, 2
212, 58, 1, 2
213, 58, 1, 2
214, 58, 1, 2
215, 58, 1, 2
216, 58, 1, 2
217, 58, 1, 2
218, 58, 1, 2
219, 58, 1, 2
220, 58, 1, 2
221, 58, 1, 2
222, 58, 1, 2
223, 58, 1, 2
224, 58, 1, 2
225, 58, 1, 2
226, 58, 1, 2
227, 58, 1, 2
228, 58, 1, 2
229, 58, 1, 2
230, 58, 1, 2
231, 58, 1, 2
232, 58, 1, 2
233, 58, 1, 2
234, 58, 1, 2
235, 58, 1, 2
236, 58, 1, 2
237, 58, 1, 2
238, 58, 1, 2
239, 58, 1, 2
240, 58, 1, 2
241, 58, 1, 2
242, 58, 1, 2
243, 58, 1, 2
244, 58, 1, 2
245, 58, 1, 2
246, 58, 1, 2
247, 58, 1, 2
248, 58, 1, 2
249, 58, 1, 2
250, 58, 1, 2
251, 58, 1, 2
252, 58, 1, 2
253, 58, 1, 2
254, 58, 1, 2
255, 58, 1, 2
256, 58, 1, 2
257, 58, 1, 2
258, 58, 1, 2
259, 58, 1, 2
260, 58, 1, 2
261, 58, 1, 2
262, 58, 1, 2
263, 58, 1, 2
264, 58, 1, 2
265, 58, 1, 2
266, 58, 1, 2
267, 58, 1, 2
268, 58, 1, 2
269, 58, 1, 2
270, 58, 1, 2
271, 58, 1, 2
272, 58, 1, 2
273, 58, 1, 2
274, 58, 1, 2
275, 58, 1, 2
276, 58, 1, 2
277, 58, 1, 2
278, 58, 1, 2
279, 58, 1, 2
280, 58, 1, 2
281, 58, 1, 2
282, 58, 1, 2
283, 58, 1, 2
284, 58, 1, 2
285, 58, 1, 2
286, 58, 1, 2
287, 58, 1, 2
288, 58, 1, 2
289, 58, 1, 2
290, 58, 1, 2
291, 58, 1, 2
292, 58, 1, 2
293, 58, 1, 2
294, 58, 1, 2
295, 58, 1, 2
296, 58, 1, 2
297, 58, 1, 2
298, 58, 1, 2
299, 58, 1, 2
300, 58, 1, 2
301, 58, 1, 2
302, 58, 1, 2
303, 58, 1, 2
304, 58, 1, 2
305, 58, 1, 2
306, 58, 1, 2
307, 58, 1, 2
308, 58, 1, 2
309, 58, 1, 2
310, 58, 1, 2
311, 58, 1, 2
312, 58, 1, 2
313, 58, 1, 2
314, 58, 1, 2
315, 58, 1, 2
316, 58, 1, 2
317, 58, 1, 2
318, 58, 1, 2
319, 58, 1, 2
320, 58, 1, 2
321, 58, 1, 2
322, 58, 1, 2
323, 58, 1, 2
324, 58, 1, 2
325, 58, 1, 2
326, 58, 1, 2
327, 58, 1, 2
328, 58, 1, 2
329, 58, 1, 2
330, 58, 1, 2
331, 58, 1, 2
332, 58, 1, 2
333, 58, 1, 2
334, 58, 1, 2
335, 58, 1, 2
336, 58, 1, 2
337, 58, 1, 2
338, 58, 1, 2
339, 58, 1, 2
340, 58, 1, 2
341, 58, 1, 2
342, 58, 1, 2
343, 58, 1, 2
344, 58, 1, 2
345, 58, 1, 2
346, 58, 1, 2
347, 58, 1, 2
348, 58, 1, 2
349, 58, 1, 2
350, 58, 1, 2
351, 58, 1, 2
352, 58, 1, 2
353, 58, 1, 2
354, 58, 1, 2
355, 58, 1, 2
356, 58, 1, 2
357, 58, 1, 2
358, 58, 1, 2
359, 58, 1, 2
360, 58, 1, 2
361, 58, 1, 2
362, 58, 1, 2
363, 58, 1, 2
364, 58, 1, 2
365, 58, 1, 2
366, 58, 1, 2
367, 58, 1, 2
368, 58, 1, 2
369, 58, 1, 2
370, 58, 1, 2
371, 58, 1, 2
372, 58, 1, 2
373, 58, 1, 2
374, 58, 1, 2
375, 58, 1, 2
376, 58, 1, 2
377, 58, 1, 2
378, 58, 1, 2
379, 58, 1, 2
380, 58, 1, 2
381, 58, 1, 2
382, 58, 1, 2
383, 58, 1, 2
384, 58, 1, 2
385, 58, 1, 2
386, 58, 1, 2
387, 58, 1, 2
388, 58, 1, 2
389, 58, 1, 2
390, 58, 1, 2
391, 58, 1, 2
392, 58, 1, 2
393, 58, 1, 2
394, 58, 1, 2
395, 58, 1, 2
396, 58, 1, 2
397, 58, 1, 2
398, 58, 1, 2
399, 58, 1, 2
400, 58, 1, 2
401, 58, 1, 2
402, 58, 1, 2
403, 58, 1, 2
404, 58, 1, 2
405, 58, 1, 2
406, 58, 1, 2
407, 58, 1, 2
408, 58, 1, 2
409, 58, 1, 2
410, 58, 1, 2
411, 58, 1, 2
412, 58, 1, 2
413, 58, 1, 2
414, 58, 1, 2
415, 58, 1, 2
416, 58, 1, 2
417, 58, 1, 2
418, 58, 1, 2
419, 58, 1, 2
420, 58, 1, 2
421, 58, 1, 2
422, 58, 1, 2
423, 58, 1, 2
424, 58, 1, 2
