Objects, 1
Object:, First Vertice:, Vertices:, First Triangle:, Triangles:
Sphere.009, 1, 215, 1, 486

Vertices, 215
Vertice:, X:, Y:, Z:
1, 1.4897410981357098, -2.1081386003643274, -0.7788336649537086
2, 1.4883910603821278, -2.1081538777798414, -0.7715122010558844
3, 1.4519005790352821, -2.1085668113082647, -0.7820278127827294
4, 1.4896372817456722, -2.1081397756934166, -0.7862778510898352
5, 1.488083016127348, -2.1081573627889156, -0.7935586702078581
6, 1.4851384237408638, -2.1081906855106354, -0.8003964498639107
7, 1.4809163678437471, -2.1082384642213583, -0.8065282460302114
8, 1.4755793940275908, -2.1082988549023867, -0.8117186333984137
9, 1.4693323485553265, -2.1083695497363806, -0.8157678693532944
10, 1.4624155154451728, -2.1084478218108416, -0.8185206279158592
11, 1.4550945342052728, -2.108530668541789, -0.8198709264397621
12, 1.447650810237974, -2.1086149029433727, -0.8197669275105
13, 1.4403704581782222, -2.108697287738323, -0.8182125687599182
14, 1.4335331171751022, -2.108774660155177, -0.8152677901089191
15, 1.4274017121642828, -2.1088440464809537, -0.8110454604029655
16, 1.4222116619348526, -2.1089027784764767, -0.8057081457227468
17, 1.4181626811623573, -2.1089485976845026, -0.7994606979191303
18, 1.4154100976884365, -2.108979746699333, -0.7925434242933989
19, 1.4140598885715008, -2.1089950250461698, -0.7852219745982438
20, 1.4141638800501823, -2.1089938478544354, -0.777777774259448
21, 1.4157181419432163, -2.108976259827614, -0.7704969542101026
22, 1.4186627343297005, -2.1089429380372167, -0.7636591773480177
23, 1.4228847902268171, -2.1088951602578163, -0.7575273774564266
24, 1.4282217640429735, -2.108834767714143, -0.7523369938135147
25, 1.4344688095152378, -2.108764074742794, -0.7482877522706985
26, 1.4413856426253915, -2.1086858017370105, -0.7455349937081337
27, 1.4487066238652915, -2.1086029559373856, -0.7441846989095211
28, 1.456150347366929, -2.108518721535802, -0.744288694113493
29, 1.4634307008236647, -2.1084363348782063, -0.745843056589365
30, 1.470268040895462, -2.1083589624613523, -0.7487878352403641
31, 1.4763994477689266, -2.1082895770668983, -0.7530101649463177
32, 1.4815894961357117, -2.108230844140053, -0.7583474814891815
33, 1.4856384806334972, -2.108185024932027, -0.7645949255675077
34, 1.4578916295431554, -2.0839114151895046, -0.7770273038186133
35, 1.457611315883696, -2.0839145854115486, -0.7767389821819961
36, 1.4574764408171177, -2.0842345617711544, -0.7750982400029898
37, 1.4576514554210007, -2.0838839150965214, -0.7772186147049069
38, 1.459256927948445, -2.0862353406846523, -0.768259359523654
39, 1.4568340270780027, -2.086262758821249, -0.7672157688066363
40, 1.4567428026348352, -2.0868126302957535, -0.766061332076788
41, 1.4572170982137322, -2.0849878787994385, -0.7719248617067933
42, 1.4454952608793974, -2.0840516947209835, -0.7768541793338954
43, 1.4455376099795103, -2.084051214158535, -0.7768130488693714
44, 1.4455445255152881, -2.08404478430748, -0.7768958397209644
45, 1.4464490758255124, -2.084040902554989, -0.7881553177721798
46, 1.4464977197349072, -2.0840403512120247, -0.788188767619431
47, 1.446732874494046, -2.084676306694746, -0.7908893562853336
48, 1.4464906603097916, -2.084034077823162, -0.7881059772334993
49, 1.4484970436897129, -2.095268614590168, -0.8109120614826679
50, 1.448521064594388, -2.0950762424618006, -0.8106795195490122
51, 1.4485429155174643, -2.0952680967748165, -0.8109126649796963
52, 1.4479410434141755, -2.090162329375744, -0.8044668715447187
53, 1.4592432519420981, -2.0862354934215546, -0.7957611195743084
54, 1.4614569619297981, -2.0862104408442974, -0.7943261479958892
55, 1.4659308781847358, -2.089958753436804, -0.7998822424560785
56, 1.4586410475894809, -2.083902932703495, -0.7859066720120609
57, 1.4584130239672959, -2.083905514329672, -0.7862379043363035
58, 1.4583722013048828, -2.0838757567107677, -0.7857582729775459
59, 1.4556448790244758, -2.1014172043651342, -0.7480635605752468
60, 1.4557608382310718, -2.0951864179223776, -0.7533055562525988
61, 1.45561788440682, -2.0975523069500923, -0.7512948270887136
62, 1.4552461777348071, -2.0975565128028393, -0.7512156069278717
63, 1.4472764800302684, -2.086370911449194, -0.7971021756529808
64, 1.446872835047543, -2.0863754786551, -0.7970160022377968
65, 1.4471826632507145, -2.086058847606182, -0.7960325805470347
66, 1.448546947678551, -2.095318177714944, -0.8109537195414305
67, 1.4485471153166145, -2.095320235937834, -0.8109554294496775
68, 1.4437018958851695, -2.0953228808939457, -0.754097443073988
69, 1.4437470166012645, -2.095322370529175, -0.7540891543030739
70, 1.4437645208090544, -2.095130071043968, -0.7543222978711128
71, 1.4412092650309205, -2.090238507837057, -0.761738384142518
72, 1.4442331930622458, -2.0902042910456657, -0.7605349477380514
73, 1.4444282981567085, -2.0864031463861465, -0.7680522575974464
74, 1.444811788853258, -2.086398806422949, -0.7678996417671442
75, 1.4448985196650028, -2.086084693670273, -0.7689692359417677
76, 1.4453169065527618, -2.0846923291683197, -0.774112462066114
77, 1.458831429015845, -2.084969609975815, -0.7910520238801837
78, 1.4580103792250156, -2.0837517865002155, -0.7814884435501881
79, 1.458555106073618, -2.0842223577201366, -0.7878786460496485
80, 1.4457001709379256, -2.0839257687330246, -0.7787556995172054
81, 1.4479954452253878, -2.1015037670731544, -0.8159920610487461
82, 1.4486871594563127, -2.0970621556043625, -0.812380988150835
83, 1.4487328468821943, -2.097630215808749, -0.8128460831940174
84, 1.4621743932366371, -2.09000126644969, -0.8023172356188297
85, 1.4599154526367784, -2.0900268256664276, -0.8032162990421057
86, 1.4593468960374594, -2.086783155798912, -0.7969155572354794
87, 1.45624779490754, -2.0900683291256428, -0.7597605884075165
88, 1.4460149961523712, -2.0838099345564842, -0.7825009090302046
89, 1.4459210187196732, -2.0838218107819557, -0.7813859846210107
90, 1.4586254647001624, -2.0900414250791073, -0.7602682709693909
91, 1.459612953942269, -2.083891935646534, -0.7813533196458593
92, 1.4593277811072767, -2.0838951617479324, -0.7798073063604534
93, 1.4667636742815375, -2.0861503928899765, -0.7776720812544227
94, 1.4673229809850454, -2.0861440636217594, -0.7807047447422519
95, 1.4736352190375328, -2.089871570467949, -0.7757042394950986
96, 1.4744471106678247, -2.089862383902073, -0.7801070206332952
97, 1.4796782582998276, -2.094915760681033, -0.7739795129746199
98, 1.480711568146944, -2.0949040669947863, -0.7795831162948161
99, 1.4846606701612473, -2.1010888554155827, -0.7725639948621392
100, 1.4858758598566055, -2.101075103506446, -0.7791531449183822
101, 1.482183527201414, -2.1011168863624334, -0.7663385700434446
102, 1.4775715246796608, -2.094939600676298, -0.7686853036284447
103, 1.471979958936572, -2.0898903012275696, -0.771544573828578
104, 1.4656235044822097, -2.0861632972955704, -0.7748068002983928
105, 1.4587466255761683, -2.083901736885309, -0.7783465718384832
106, 1.463946396484971, -2.0861822739243507, -0.7722190637141466
107, 1.4695451185107231, -2.089917853474617, -0.7677878504619002
108, 1.474472587928176, -2.094974672421813, -0.7639036290347576
109, 1.478539390489459, -2.1011581253260374, -0.7607160620391369
110, 1.4738686252385378, -2.101210979744792, -0.7559125423431396
111, 1.4705003462731838, -2.0950196236371994, -0.7598186116665602
112, 1.466424161568284, -2.0899531729519367, -0.7645781207829714
113, 1.4617965575307608, -2.08620660379529, -0.7700083684176207
114, 1.4627369223162532, -2.0899948962032795, -0.7620391268283129
115, 1.4658075626939535, -2.095072727650404, -0.7565870303660631
116, 1.4683504700660706, -2.10127342492342, -0.7521127108484507
117, 1.462197046726942, -2.101343058049679, -0.7494623251259327
118, 1.460574408993125, -2.0951319467276335, -0.7543332315981388
119, 1.4489456804003567, -2.101493014022708, -0.7479699328541756
120, 1.4423569533973932, -2.1015675719827414, -0.7491852082312107
121, 1.4361319243907928, -2.1016380172222853, -0.7516625039279461
122, 1.438408024609089, -2.0953827872872353, -0.7562043108046055
123, 1.441840727813542, -2.0864324271678925, -0.7697294726967812
124, 1.437452781945467, -2.090281017124653, -0.7641733810305595
125, 1.4336266573518515, -2.09543689340353, -0.7593034449964762
126, 1.4305097796022892, -2.1017016377300024, -0.7553068734705448
127, 1.4257065653800964, -2.1017559934407473, -0.7599779386073351
128, 1.4295418970286846, -2.0954831186681986, -0.763275945559144
129, 1.4342432580888271, -2.090317338705063, -0.7672945372760296
130, 1.4396301731467247, -2.0864574424922466, -0.7718794504180551
131, 1.4446037039160728, -2.0840617828071117, -0.7781489477492869
132, 1.4378812750801444, -2.086477231234312, -0.7744192420504987
133, 1.4317044280469418, -2.0903460681438446, -0.7709820121526718
134, 1.4263105280697346, -2.0955196861177683, -0.7679690271615982
135, 1.421906977891922, -2.101798988878727, -0.7654964476823807
136, 1.4192567616701126, -2.1018289793282747, -0.7716502659022808
137, 1.4240568690001965, -2.095545183867216, -0.7732025161385536
138, 1.4299336802214384, -2.09036610648036, -0.7750937328673899
139, 1.4366616131737828, -2.086491033434868, -0.7772514964453876
140, 1.443981921300292, -2.0840688198804855, -0.7795928725972772
141, 1.443653816357255, -2.084072530269623, -0.7811303574126214
142, 1.4360178131610155, -2.0864983201026917, -0.780267363996245
143, 1.4289990216493607, -2.0903766825795174, -0.7794720146339387
144, 1.422867277637124, -2.0955586470663548, -0.7787749704439193
145, 1.4178580828011036, -2.101844808086753, -0.778202852467075
146, 1.417764462530613, -2.101845867931843, -0.7849024799652398
147, 1.4227877873927355, -2.0955595448613167, -0.7844725074246526
148, 1.4289365466684103, -2.090377390384674, -0.7839486025040969
149, 1.4359747096896172, -2.0864988081157207, -0.7833508773474023
150, 1.443631798028946, -2.084072779864073, -0.7827023015124723
151, 1.443916971795261, -2.0840695537626743, -0.7842483147978783
152, 1.4365340173244476, -2.0864924788475037, -0.7863835394382477
153, 1.4297484401613474, -2.090368203818798, -0.7883513835258782
154, 1.4238210935145617, -2.095547853037715, -0.7900761095806956
155, 1.4189796559512615, -2.101832116022706, -0.7914916286244988
156, 1.4214567970484495, -2.10180408321321, -0.7977170553058386
157, 1.4259278289973736, -2.095524011179805, -0.7953703198581934
158, 1.4314037002623081, -2.090349469333887, -0.7925110487267375
159, 1.437674186192453, -2.0864795781672, -0.7892488203942776
160, 1.4444981254637241, -2.0840629786252975, -0.7857090493198484
161, 1.4453531219623983, -2.084053300321102, -0.7870283173397183
162, 1.4393512951210141, -2.086460594087839, -0.7918365579098463
163, 1.4338385425508022, -2.0903219170868397, -0.7962677730247378
164, 1.4290267657488585, -2.0954889450222254, -0.8001519907265902
165, 1.4251009318977594, -2.1017628461122513, -0.8033395614475012
166, 1.4297716990113258, -2.1017099898308516, -0.8081430830061436
167, 1.4329990074038506, -2.095443993806839, -0.804237013682723
168, 1.4369594966992736, -2.0902866013348103, -0.7994775008410215
169, 1.4415011340752244, -2.0864362642169, -0.7940472550690174
170, 1.4440407631918788, -2.0864075273275375, -0.7957962630316615
171, 1.440646736882627, -2.090244874358177, -0.80201649479568
172, 1.4376917919144034, -2.0953908897936344, -0.807468593120575
173, 1.4352898560464382, -2.1016475446522236, -0.8119429107755423
174, 1.4414432784542441, -2.1015779115259647, -0.8145933002233505
175, 1.442924945615232, -2.095331670716405, -0.8097223918884993
176, 1.4447581940330565, -2.0901983492076397, -0.8037873525172472
177, 1.4546946440823376, -2.1014279574155807, -0.8160856924951077
178, 1.461283371783793, -2.101353395730257, -0.8148704208433628
179, 1.4675083998590708, -2.1012829523533583, -0.8123931232839823
180, 1.469872696325183, -2.095026722177863, -0.8047521784901619
181, 1.465091329999268, -2.0950808320194483, -0.8078513108193874
182, 1.4731305465102196, -2.101219331845641, -0.8087487500160933
183, 1.4779337588697672, -2.1011649761348963, -0.8040776867419481
184, 1.4739574566483498, -2.09498049877584, -0.8007796816527843
185, 1.469140401110053, -2.089922435581684, -0.7967610862106085
186, 1.463667517527938, -2.0861854255199432, -0.7921761739999056
187, 1.4654164155945182, -2.086165636777878, -0.7896363814361393
188, 1.4716792330145836, -2.0898937061429024, -0.7930736113339663
189, 1.477188827469945, -2.09494393132627, -0.7960865972563624
190, 1.4817333463579416, -2.1011219806969166, -0.7985591758042574
191, 1.4843835607171059, -2.101091990247369, -0.7924053585156798
192, 1.479442484676838, -2.094918427988887, -0.790853108279407
193, 1.4734499789774418, -2.089873667806387, -0.7889618906192482
194, 1.4666360775008798, -2.0861518383026123, -0.7868041256442666
195, 1.4592628302052617, -2.0838958956301212, -0.7844627485610545
196, 1.4595909360796213, -2.0838921815156937, -0.7829252636292949
197, 1.4672798784449697, -2.0861445516347885, -0.7837882580934092
198, 1.4743846375495195, -2.0898630917072296, -0.7845836072228849
199, 1.4806320741772652, -2.0949049666523933, -0.7852806521113962
200, 1.4857822395861149, -2.1010761614888906, -0.7858527719508857
201, 1.457903238479048, -2.083765361458063, -0.7802173478994519
202, 1.4581177993677557, -2.0837629325687885, -0.7827595393173397
203, 1.4577875714749098, -2.083806324750185, -0.778841566760093
204, 1.4436105880886316, -2.0976881850510836, -0.752155739814043
205, 1.4458195609040558, -2.0838578082621098, -0.7801792047685012
206, 1.446109218057245, -2.0838196836411953, -0.7836158329155296
207, 1.4462114642374218, -2.0838533751666546, -0.7848226125352085
208, 1.446332361549139, -2.0839186161756516, -0.786246117670089
209, 1.4603613913059235, -2.0974986255168915, -0.8118224702775478
210, 1.4607145609334111, -2.0974946301430464, -0.8116820622235537
211, 1.4585175854153931, -2.084138661623001, -0.7874453701078892
212, 1.4582343637011945, -2.08380126953125, -0.784135319525376
213, 1.4491687112022191, -2.0976252872496843, -0.7511306535452604
214, 1.454384145559743, -2.0975662656128407, -0.8129249718040228
215, 1.460518104955554, -2.0951325818896294, -0.8096713311970234

Triangles, 424
Triangle:, Side1:, Side2:, Side3:
1, 1, 2, 3
2, 4, 1, 3
3, 5, 4, 3
4, 6, 5, 3
5, 7, 6, 3
6, 8, 7, 3
7, 9, 8, 3
8, 10, 9, 3
9, 11, 10, 3
10, 12, 11, 3
11, 13, 12, 3
12, 14, 13, 3
13, 15, 14, 3
14, 16, 15, 3
15, 17, 16, 3
16, 18, 17, 3
17, 19, 18, 3
18, 20, 19, 3
19, 21, 20, 3
20, 22, 21, 3
21, 23, 22, 3
22, 24, 23, 3
23, 25, 24, 3
24, 26, 25, 3
25, 27, 26, 3
26, 28, 27, 3
27, 29, 28, 3
28, 30, 29, 3
29, 31, 30, 3
30, 32, 31, 3
31, 33, 32, 3
32, 2, 33, 3
33, 34, 35, 36
34, 35, 34, 37
35, 38, 39, 40
36, 39, 38, 41
37, 42, 43, 44
38, 45, 46, 47
39, 46, 45, 48
40, 49, 50, 51
41, 52, 50, 49
42, 53, 54, 55
43, 56, 57, 58
44, 59, 60, 61
45, 62, 59, 61
46, 63, 64, 65
47, 49, 66, 67
48, 49, 51, 66
49, 68, 69, 70
50, 71, 70, 72
51, 73, 74, 75
52, 42, 76, 43
53, 53, 77, 54
54, 78, 79, 77
55, 76, 75, 74
56, 70, 80, 44
57, 81, 82, 83
58, 84, 85, 86
59, 86, 85, 78
60, 36, 87, 41
61, 88, 89, 70
62, 90, 40, 87
63, 91, 92, 93
64, 91, 93, 94
65, 94, 93, 95
66, 94, 95, 96
67, 96, 95, 97
68, 96, 97, 98
69, 98, 97, 99
70, 98, 99, 100
71, 2, 1, 100
72, 2, 100, 99
73, 99, 101, 33
74, 99, 33, 2
75, 97, 102, 101
76, 97, 101, 99
77, 95, 103, 102
78, 95, 102, 97
79, 93, 104, 103
80, 93, 103, 95
81, 92, 105, 104
82, 92, 104, 93
83, 105, 34, 106
84, 105, 106, 104
85, 104, 106, 107
86, 104, 107, 103
87, 103, 107, 108
88, 103, 108, 102
89, 102, 108, 109
90, 102, 109, 101
91, 101, 109, 32
92, 101, 32, 33
93, 109, 110, 31
94, 109, 31, 32
95, 108, 111, 110
96, 108, 110, 109
97, 107, 112, 111
98, 107, 111, 108
99, 106, 113, 112
100, 106, 112, 107
101, 34, 36, 113
102, 34, 113, 106
103, 113, 38, 114
104, 113, 114, 112
105, 112, 114, 115
106, 112, 115, 111
107, 111, 115, 116
108, 111, 116, 110
109, 110, 116, 30
110, 110, 30, 31
111, 116, 117, 29
112, 116, 29, 30
113, 115, 118, 117
114, 115, 117, 116
115, 114, 90, 118
116, 114, 118, 115
117, 38, 40, 90
118, 38, 90, 114
119, 118, 60, 59
120, 118, 59, 117
121, 117, 59, 28
122, 117, 28, 29
123, 59, 119, 27
124, 59, 27, 28
125, 119, 120, 26
126, 119, 26, 27
127, 120, 121, 25
128, 120, 25, 26
129, 68, 122, 121
130, 68, 121, 120
131, 73, 123, 124
132, 73, 124, 71
133, 71, 124, 125
134, 71, 125, 122
135, 122, 125, 126
136, 122, 126, 121
137, 121, 126, 24
138, 121, 24, 25
139, 126, 127, 23
140, 126, 23, 24
141, 125, 128, 127
142, 125, 127, 126
143, 124, 129, 128
144, 124, 128, 125
145, 123, 130, 129
146, 123, 129, 124
147, 42, 131, 132
148, 42, 132, 130
149, 130, 132, 133
150, 130, 133, 129
151, 129, 133, 134
152, 129, 134, 128
153, 128, 134, 135
154, 128, 135, 127
155, 127, 135, 22
156, 127, 22, 23
157, 135, 136, 21
158, 135, 21, 22
159, 134, 137, 136
160, 134, 136, 135
161, 133, 138, 137
162, 133, 137, 134
163, 132, 139, 138
164, 132, 138, 133
165, 131, 140, 139
166, 131, 139, 132
167, 140, 141, 142
168, 140, 142, 139
169, 139, 142, 143
170, 139, 143, 138
171, 138, 143, 144
172, 138, 144, 137
173, 137, 144, 145
174, 137, 145, 136
175, 136, 145, 20
176, 136, 20, 21
177, 145, 146, 19
178, 145, 19, 20
179, 144, 147, 146
180, 144, 146, 145
181, 143, 148, 147
182, 143, 147, 144
183, 142, 149, 148
184, 142, 148, 143
185, 141, 150, 149
186, 141, 149, 142
187, 150, 151, 152
188, 150, 152, 149
189, 149, 152, 153
190, 149, 153, 148
191, 148, 153, 154
192, 148, 154, 147
193, 147, 154, 155
194, 147, 155, 146
195, 146, 155, 18
196, 146, 18, 19
197, 155, 156, 17
198, 155, 17, 18
199, 154, 157, 156
200, 154, 156, 155
201, 153, 158, 157
202, 153, 157, 154
203, 152, 159, 158
204, 152, 158, 153
205, 151, 160, 159
206, 151, 159, 152
207, 160, 161, 162
208, 160, 162, 159
209, 159, 162, 163
210, 159, 163, 158
211, 158, 163, 164
212, 158, 164, 157
213, 157, 164, 165
214, 157, 165, 156
215, 156, 165, 16
216, 156, 16, 17
217, 165, 166, 15
218, 165, 15, 16
219, 164, 167, 166
220, 164, 166, 165
221, 163, 168, 167
222, 163, 167, 164
223, 162, 169, 168
224, 162, 168, 163
225, 161, 45, 169
226, 161, 169, 162
227, 45, 47, 170
228, 45, 170, 169
229, 169, 170, 171
230, 169, 171, 168
231, 168, 171, 172
232, 168, 172, 167
233, 167, 172, 173
234, 167, 173, 166
235, 166, 173, 14
236, 166, 14, 15
237, 173, 174, 13
238, 173, 13, 14
239, 172, 175, 174
240, 172, 174, 173
241, 171, 176, 175
242, 171, 175, 172
243, 170, 64, 176
244, 170, 176, 171
245, 176, 52, 49
246, 176, 49, 175
247, 175, 49, 81
248, 175, 81, 174
249, 174, 81, 12
250, 174, 12, 13
251, 81, 177, 11
252, 81, 11, 12
253, 177, 178, 10
254, 177, 10, 11
255, 178, 179, 9
256, 178, 9, 10
257, 84, 55, 180
258, 84, 180, 181
259, 181, 180, 182
260, 181, 182, 179
261, 179, 182, 8
262, 179, 8, 9
263, 182, 183, 7
264, 182, 7, 8
265, 180, 184, 183
266, 180, 183, 182
267, 55, 185, 184
268, 55, 184, 180
269, 54, 186, 185
270, 54, 185, 55
271, 186, 187, 188
272, 186, 188, 185
273, 185, 188, 189
274, 185, 189, 184
275, 184, 189, 190
276, 184, 190, 183
277, 183, 190, 6
278, 183, 6, 7
279, 190, 191, 5
280, 190, 5, 6
281, 189, 192, 191
282, 189, 191, 190
283, 188, 193, 192
284, 188, 192, 189
285, 187, 194, 193
286, 187, 193, 188
287, 56, 195, 194
288, 56, 194, 187
289, 195, 196, 197
290, 195, 197, 194
291, 194, 197, 198
292, 194, 198, 193
293, 193, 198, 199
294, 193, 199, 192
295, 192, 199, 200
296, 192, 200, 191
297, 191, 200, 4
298, 191, 4, 5
299, 1, 4, 200
300, 1, 200, 100
301, 199, 98, 100
302, 199, 100, 200
303, 198, 96, 98
304, 198, 98, 199
305, 197, 94, 96
306, 197, 96, 198
307, 196, 91, 94
308, 196, 94, 197
309, 91, 78, 201
310, 91, 201, 92
311, 78, 91, 196
312, 78, 196, 202
313, 105, 92, 201
314, 105, 201, 203
315, 105, 203, 37
316, 105, 37, 34
317, 38, 113, 36
318, 38, 36, 41
319, 37, 87, 36
320, 37, 36, 35
321, 41, 87, 40
322, 41, 40, 39
323, 69, 68, 120
324, 69, 120, 204
325, 122, 68, 70
326, 122, 70, 71
327, 123, 73, 75
328, 123, 75, 76
329, 130, 123, 76
330, 130, 76, 42
331, 131, 42, 44
332, 131, 44, 80
333, 140, 131, 80
334, 140, 80, 205
335, 141, 140, 205
336, 141, 205, 89
337, 151, 150, 88
338, 151, 88, 206
339, 151, 206, 207
340, 151, 207, 160
341, 161, 160, 207
342, 161, 207, 208
343, 88, 52, 207
344, 88, 207, 206
345, 161, 208, 48
346, 161, 48, 45
347, 64, 170, 47
348, 64, 47, 65
349, 48, 52, 47
350, 48, 47, 46
351, 178, 209, 210
352, 178, 210, 179
353, 55, 84, 86
354, 55, 86, 53
355, 186, 54, 77
356, 186, 77, 79
357, 187, 186, 79
358, 187, 79, 211
359, 57, 56, 187
360, 57, 187, 211
361, 195, 56, 58
362, 195, 58, 212
363, 79, 78, 58
364, 79, 58, 57
365, 196, 195, 212
366, 196, 212, 202
367, 78, 202, 212
368, 78, 212, 58
369, 60, 78, 210
370, 60, 210, 61
371, 205, 80, 70
372, 205, 70, 89
373, 49, 67, 82
374, 49, 82, 81
375, 51, 69, 82
376, 51, 82, 66
377, 90, 87, 60
378, 90, 60, 118
379, 59, 62, 213
380, 59, 213, 119
381, 61, 210, 213
382, 61, 213, 62
383, 69, 51, 50
384, 69, 50, 52
385, 213, 204, 120
386, 213, 120, 119
387, 71, 72, 74
388, 71, 74, 73
389, 70, 76, 74
390, 70, 74, 72
391, 76, 70, 44
392, 76, 44, 43
393, 141, 89, 88
394, 141, 88, 150
395, 69, 52, 88
396, 69, 88, 70
397, 64, 63, 52
398, 64, 52, 176
399, 214, 209, 178
400, 214, 178, 177
401, 179, 210, 215
402, 179, 215, 181
403, 78, 85, 215
404, 78, 215, 210
405, 181, 215, 85
406, 181, 85, 84
407, 78, 77, 53
408, 78, 53, 86
409, 203, 60, 87
410, 203, 87, 37
411, 52, 48, 208
412, 52, 208, 207
413, 204, 83, 82
414, 204, 82, 69
415, 81, 83, 214
416, 81, 214, 177
417, 209, 214, 213
418, 209, 213, 210
419, 60, 203, 201
420, 60, 201, 78
421, 52, 63, 65
422, 52, 65, 47
423, 213, 214, 83
424, 213, 83, 204

Colors, 424
Triangle:, Red:, Green:, Blue:
1, 58, 1, 2
2, 58, 1, 2
3, 58, 1, 2
4, 58, 1, 2
5, 58, 1, 2
6, 58, 1, 2
7, 58, 1, 2
8, 58, 1, 2
9, 58, 1, 2
10, 58, 1, 2
11, 58, 1, 2
12, 58, 1, 2
13, 58, 1, 2
14, 58, 1, 2
15, 58, 1, 2
16, 58, 1, 2
17, 58, 1, 2
18, 58, 1, 2
19, 58, 1, 2
20, 58, 1, 2
21, 58, 1, 2
22, 58, 1, 2
23, 58, 1, 2
24, 58, 1, 2
25, 58, 1, 2
26, 58, 1, 2
27, 58, 1, 2
28, 58, 1, 2
29, 58, 1, 2
30, 58, 1, 2
31, 58, 1, 2
32, 58, 1, 2
33, 58, 1, 2
34, 58, 1, 2
35, 58, 1, 2
36, 58, 1, 2
37, 58, 1, 2
38, 58, 1, 2
39, 58, 1, 2
40, 58, 1, 2
41, 58, 1, 2
42, 58, 1, 2
43, 58, 1, 2
44, 58, 1, 2
45, 58, 1, 2
46, 58, 1, 2
47, 58, 1, 2
48, 58, 1, 2
49, 58, 1, 2
50, 58, 1, 2
51, 58, 1, 2
52, 58, 1, 2
53, 58, 1, 2
54, 58, 1, 2
55, 58, 1, 2
56, 58, 1, 2
57, 58, 1, 2
58, 58, 1, 2
59, 58, 1, 2
60, 58, 1, 2
61, 58, 1, 2
62, 58, 1, 2
63, 58, 1, 2
64, 58, 1, 2
65, 58, 1, 2
66, 58, 1, 2
67, 58, 1, 2
68, 58, 1, 2
69, 58, 1, 2
70, 58, 1, 2
71, 58, 1, 2
72, 58, 1, 2
73, 58, 1, 2
74, 58, 1, 2
75, 58, 1, 2
76, 58, 1, 2
77, 58, 1, 2
78, 58, 1, 2
79, 58, 1, 2
80, 58, 1, 2
81, 58, 1, 2
82, 58, 1, 2
83, 58, 1, 2
84, 58, 1, 2
85, 58, 1, 2
86, 58, 1, 2
87, 58, 1, 2
88, 58, 1, 2
89, 58, 1, 2
90, 58, 1, 2
91, 58, 1, 2
92, 58, 1, 2
93, 58, 1, 2
94, 58, 1, 2
95, 58, 1, 2
96, 58, 1, 2
97, 58, 1, 2
98, 58, 1, 2
99, 58, 1, 2
100, 58, 1, 2
101, 58, 1, 2
102, 58, 1, 2
103, 58, 1, 2
104, 58, 1, 2
105, 58, 1, 2
106, 58, 1, 2
107, 58, 1, 2
108, 58, 1, 2
109, 58, 1, 2
110, 58, 1, 2
111, 58, 1, 2
112, 58, 1, 2
113, 58, 1, 2
114, 58, 1, 2
115, 58, 1, 2
116, 58, 1, 2
117, 58, 1, 2
118, 58, 1, 2
119, 58, 1, 2
120, 58, 1, 2
121, 58, 1, 2
122, 58, 1, 2
123, 58, 1, 2
124, 58, 1, 2
125, 58, 1, 2
126, 58, 1, 2
127, 58, 1, 2
128, 58, 1, 2
129, 58, 1, 2
130, 58, 1, 2
131, 58, 1, 2
132, 58, 1, 2
133, 58, 1, 2
134, 58, 1, 2
135, 58, 1, 2
136, 58, 1, 2
137, 58, 1, 2
138, 58, 1, 2
139, 58, 1, 2
140, 58, 1, 2
141, 58, 1, 2
142, 58, 1, 2
143, 58, 1, 2
144, 58, 1, 2
145, 58, 1, 2
146, 58, 1, 2
147, 58, 1, 2
148, 58, 1, 2
149, 58, 1, 2
150, 58, 1, 2
151, 58, 1, 2
152, 58, 1, 2
153, 58, 1, 2
154, 58, 1, 2
155, 58, 1, 2
156, 58, 1, 2
157, 58, 1, 2
158, 58, 1, 2
159, 58, 1, 2
160, 58, 1, 2
161, 58, 1, 2
162, 58, 1, 2
163, 58, 1, 2
164, 58, 1, 2
165, 58, 1, 2
166, 58, 1, 2
167, 58, 1, 2
168, 58, 1, 2
169, 58, 1, 2
170, 58, 1, 2
171, 58, 1, 2
172, 58, 1, 2
173, 58, 1, 2
174, 58, 1, 2
175, 58, 1, 2
176, 58, 1, 2
177, 58, 1, 2
178, 58, 1, 2
179, 58, 1, 2
180, 58, 1, 2
181, 58, 1, 2
182, 58, 1, 2
183, 58, 1, 2
184, 58, 1, 2
185, 58, 1, 2
186, 58, 1, 2
187, 58, 1, 2
188, 58, 1, 2
189, 58, 1, 2
190, 58, 1, 2
191, 58, 1, 2
192, 58, 1, 2
193, 58, 1, 2
194, 58, 1, 2
195, 58, 1, 2
196, 58, 1, 2
197, 58, 1, 2
198, 58, 1, 2
199, 58, 1, 2
200, 58, 1, 2
201, 58, 1, 2
202, 58, 1, 2
203, 58, 1, 2
204, 58, 1, 2
205, 58, 1, 2
206, 58, 1, 2
207, 58, 1, 2
208, 58, 1, 2
209, 58, 1, 2
210, 58, 1, 2
211, 58, 1, 2
212, 58, 1, 2
213, 58, 1, 2
214, 58, 1, 2
215, 58, 1, 2
216, 58, 1, 2
217, 58, 1, 2
218, 58, 1, 2
219, 58, 1, 2
220, 58, 1, 2
221, 58, 1, 2
222, 58, 1, 2
223, 58, 1, 2
224, 58, 1, 2
225, 58, 1, 2
226, 58, 1, 2
227, 58, 1, 2
228, 58, 1, 2
229, 58, 1, 2
230, 58, 1, 2
231, 58, 1, 2
232, 58, 1, 2
233, 58, 1, 2
234, 58, 1, 2
235, 58, 1, 2
236, 58, 1, 2
237, 58, 1, 2
238, 58, 1, 2
239, 58, 1, 2
240, 58, 1, 2
241, 58, 1, 2
242, 58, 1, 2
243, 58, 1, 2
244, 58, 1, 2
245, 58, 1, 2
246, 58, 1, 2
247, 58, 1, 2
248, 58, 1, 2
249, 58, 1, 2
250, 58, 1, 2
251, 58, 1, 2
252, 58, 1, 2
253, 58, 1, 2
254, 58, 1, 2
255, 58, 1, 2
256, 58, 1, 2
257, 58, 1, 2
258, 58, 1, 2
259, 58, 1, 2
260, 58, 1, 2
261, 58, 1, 2
262, 58, 1, 2
263, 58, 1, 2
264, 58, 1, 2
265, 58, 1, 2
266, 58, 1, 2
267, 58, 1, 2
268, 58, 1, 2
269, 58, 1, 2
270, 58, 1, 2
271, 58, 1, 2
272, 58, 1, 2
273, 58, 1, 2
274, 58, 1, 2
275, 58, 1, 2
276, 58, 1, 2
277, 58, 1, 2
278, 58, 1, 2
279, 58, 1, 2
280, 58, 1, 2
281, 58, 1, 2
282, 58, 1, 2
283, 58, 1, 2
284, 58, 1, 2
285, 58, 1, 2
286, 58, 1, 2
287, 58, 1, 2
288, 58, 1, 2
289, 58, 1, 2
290, 58, 1, 2
291, 58, 1, 2
292, 58, 1, 2
293, 58, 1, 2
294, 58, 1, 2
295, 58, 1, 2
296, 58, 1, 2
297, 58, 1, 2
298, 58, 1, 2
299, 58, 1, 2
300, 58, 1, 2
301, 58, 1, 2
302, 58, 1, 2
303, 58, 1, 2
304, 58, 1, 2
305, 58, 1, 2
306, 58, 1, 2
307, 58, 1, 2
308, 58, 1, 2
309, 58, 1, 2
310, 58, 1, 2
311, 58, 1, 2
312, 58, 1, 2
313, 58, 1, 2
314, 58, 1, 2
315, 58, 1, 2
316, 58, 1, 2
317, 58, 1, 2
318, 58, 1, 2
319, 58, 1, 2
320, 58, 1, 2
321, 58, 1, 2
322, 58, 1, 2
323, 58, 1, 2
324, 58, 1, 2
325, 58, 1, 2
326, 58, 1, 2
327, 58, 1, 2
328, 58, 1, 2
329, 58, 1, 2
330, 58, 1, 2
331, 58, 1, 2
332, 58, 1, 2
333, 58, 1, 2
334, 58, 1, 2
335, 58, 1, 2
336, 58, 1, 2
337, 58, 1, 2
338, 58, 1, 2
339, 58, 1, 2
340, 58, 1, 2
341, 58, 1, 2
342, 58, 1, 2
343, 58, 1, 2
344, 58, 1, 2
345, 58, 1, 2
346, 58, 1, 2
347, 58, 1, 2
348, 58, 1, 2
349, 58, 1, 2
350, 58, 1, 2
351, 58, 1, 2
352, 58, 1, 2
353, 58, 1, 2
354, 58, 1, 2
355, 58, 1, 2
356, 58, 1, 2
357, 58, 1, 2
358, 58, 1, 2
359, 58, 1, 2
360, 58, 1, 2
361, 58, 1, 2
362, 58, 1, 2
363, 58, 1, 2
364, 58, 1, 2
365, 58, 1, 2
366, 58, 1, 2
367, 58, 1, 2
368, 58, 1, 2
369, 58, 1, 2
370, 58, 1, 2
371, 58, 1, 2
372, 58, 1, 2
373, 58, 1, 2
374, 58, 1, 2
375, 58, 1, 2
376, 58, 1, 2
377, 58, 1, 2
378, 58, 1, 2
379, 58, 1, 2
380, 58, 1, 2
381, 58, 1, 2
382, 58, 1, 2
383, 58, 1, 2
384, 58, 1, 2
385, 58, 1, 2
386, 58, 1, 2
387, 58, 1, 2
388, 58, 1, 2
389, 58, 1, 2
390, 58, 1, 2
391, 58, 1, 2
392, 58, 1, 2
393, 58, 1, 2
394, 58, 1, 2
395, 58, 1, 2
396, 58, 1, 2
397, 58, 1, 2
398, 58, 1, 2
399, 58, 1, 2
400, 58, 1, 2
401, 58, 1, 2
402, 58, 1, 2
403, 58, 1, 2
404, 58, 1, 2
405, 58, 1, 2
406, 58, 1, 2
407, 58, 1, 2
408, 58, 1, 2
409, 58, 1, 2
410, 58, 1, 2
411, 58, 1, 2
412, 58, 1, 2
413, 58, 1, 2
414, 58, 1, 2
415, 58, 1, 2
416, 58, 1, 2
417, 58, 1, 2
418, 58, 1, 2
419, 58, 1, 2
420, 58, 1, 2
421, 58, 1, 2
422, 58, 1, 2
423, 58, 1, 2
424, 58, 1, 2
