Objects, 1
Object:, First Vertice:, Vertices:, First Triangle:, Triangles:
Sphere.008, 1, 215, 1, 486

Vertices, 215
Vertice:, X:, Y:, Z:
1, 0.8758770637214184, -2.1150855999439955, -0.8106947187334299
2, 0.8809908572584391, -2.115027731284499, -0.8052843157202005
3, 0.8509687565092463, -2.1153674609959126, -0.7820278759376791
4, 0.8698062747716904, -2.1151542980223894, -0.8150037191808224
5, 0.8630114626139402, -2.115231189876795, -0.818045262247324
6, 0.8557538692839444, -2.1153133176267147, -0.8197028376162052
7, 0.8483123637270182, -2.1153975259512663, -0.8199124112725258
8, 0.8409729283303022, -2.1154805785045028, -0.8186662904918194
9, 0.8340176772326231, -2.1155592845752835, -0.8160120099782944
10, 0.8277138043195009, -2.115630619227886, -0.8120518960058689
11, 0.822303619235754, -2.115691840648651, -0.8069378882646561
12, 0.8179950229823589, -2.1157405981794, -0.8008665982633829
13, 0.8149536773562431, -2.1157750133424997, -0.7940713502466679
14, 0.8132962062954903, -2.1157937673851848, -0.7868132959119976
15, 0.8130866438150406, -2.1157961394637823, -0.77937131235376
16, 0.8143326863646507, -2.11578203830868, -0.7720314087346196
17, 0.8169867992401123, -2.1157520031556487, -0.7650757115334272
18, 0.8209466561675072, -2.1157071916386485, -0.7587714362889528
19, 0.8260603379458189, -2.1156493239104748, -0.7533609047532082
20, 0.8321312367916107, -2.1155806239694357, -0.749052032828331
21, 0.8389260536059737, -2.1155037321150303, -0.7460104934871197
22, 0.8461836436763406, -2.1154216043651104, -0.7443529143929482
23, 0.8536251492332667, -2.1153373941779137, -0.7441433407366276
24, 0.860964585095644, -2.1152543425559998, -0.7453894577920437
25, 0.8679198361933231, -2.115175636485219, -0.748043742030859
26, 0.8742237091064453, -2.1151043009012938, -0.7520038541406393
27, 0.8796338941901922, -2.115043081343174, -0.7571178637444973
28, 0.8839424923062325, -2.1149943247437477, -0.7631891518831253
29, 0.8869838379323483, -2.1149599105119705, -0.7699844008311629
30, 0.8886413089931011, -2.114941155537963, -0.7772424560971558
31, 0.8888508677482605, -2.114938782528043, -0.7846844401210546
32, 0.8876048289239407, -2.1149528846144676, -0.7920243442058563
33, 0.8849507197737694, -2.114982919767499, -0.7989800423383713
34, 0.8584268498234451, -2.0906954631209373, -0.7841387474909425
35, 0.8584941923618317, -2.090694699436426, -0.7837422884767875
36, 0.8597406139597297, -2.0909990444779396, -0.7826622789725661
37, 0.8581305416300893, -2.090668596327305, -0.7840580041520298
38, 0.8663215283304453, -2.0929455012083054, -0.7800457160919905
39, 0.8657342391088605, -2.092952147126198, -0.7774736871942878
40, 0.8666149033233523, -2.093491017818451, -0.7767137861810625
41, 0.8621528521180153, -2.0917221307754517, -0.7805734209250659
42, 0.8512514952162746, -2.0907766558229923, -0.7740279948338866
43, 0.851309688994661, -2.0907760001719, -0.774037916213274
44, 0.8512469058405259, -2.0907703563570976, -0.7740924125537276
45, 0.8426911868155003, -2.0908735282719135, -0.7814669052022509
46, 0.8426928892731667, -2.090873509645462, -0.7815259177004918
47, 0.84065449424088, -2.091535195708275, -0.7833035631338134
48, 0.8427555272355676, -2.090866446495056, -0.7814714222913608
49, 0.8255808688700199, -2.1023180428892374, -0.7964463979005814
50, 0.8257818780839443, -2.1021236665546894, -0.7963303243741393
51, 0.8256074488162994, -2.1023177430033684, -0.7964837905019522
52, 0.8304321188479662, -2.097150571644306, -0.7922408832237124
53, 0.8441119054332376, -2.093196827918291, -0.7962635010480881
54, 0.8465766389854252, -2.0931689366698265, -0.7972040297463536
55, 0.8447490124963224, -2.096988558769226, -0.8040601368993521
56, 0.8517009675269946, -2.0907715745270252, -0.7899835417047143
57, 0.851299014640972, -2.0907761231064796, -0.7899949001148343
58, 0.8516619814909063, -2.0907417945563793, -0.7896791845560074
59, 0.8805638886988163, -2.10792532004416, -0.7650735266506672
60, 0.8763716798275709, -2.101743286475539, -0.7683173688128591
61, 0.8779215030372143, -2.1040900200605392, -0.7669938178732991
62, 0.8777661118656397, -2.10409177839756, -0.7666469607502222
63, 0.8359676916152239, -2.0932889878749847, -0.7873931182548404
64, 0.8357990672811866, -2.0932908952236176, -0.7870163703337312
65, 0.8367743389680982, -2.0929667316377163, -0.7866890616714954
66, 0.8255769200623035, -2.1023682169616222, -0.7965108146890998
67, 0.8255756460130215, -2.102370288223028, -0.7965119425207376
68, 0.868616409599781, -2.1018310450017452, -0.7590485028922558
69, 0.8686497267335653, -2.101830668747425, -0.7590800411999226
70, 0.8684709519147873, -2.1016405895352364, -0.759233508259058
71, 0.860953432507813, -2.0968051813542843, -0.761591637507081
72, 0.8637093640863895, -2.096773996949196, -0.7633229494094849
73, 0.857738321647048, -2.093042630702257, -0.7679511522874236
74, 0.8580878237262368, -2.09303867444396, -0.7681707162410021
75, 0.8572740918025374, -2.0927347503602505, -0.7688747709617019
76, 0.8533625365234911, -2.0913913883268833, -0.7722602700814605
77, 0.8476645422633737, -2.091886080801487, -0.7931637670844793
78, 0.8548948126845062, -2.090577147901058, -0.7868685945868492
79, 0.8500598004320636, -2.0911085940897465, -0.7910749092698097
80, 0.849836784764193, -2.090669061988592, -0.7753166542388499
81, 0.8212127946317196, -2.1085969489067793, -0.798982223495841
82, 0.8245155531913042, -2.104125790297985, -0.7974503058940172
83, 0.8241696897894144, -2.104698281735182, -0.79775645211339
84, 0.8405665885657072, -2.097035888582468, -0.8024641182273626
85, 0.8385077910497785, -2.0970591865479946, -0.8011708315461874
86, 0.8432436613366008, -2.0937554910779, -0.7970234015956521
87, 0.8714243210852146, -2.0966866947710514, -0.772566357627511
88, 0.8469986193813384, -2.09058890491724, -0.7777819167822599
89, 0.847843267256394, -2.0905901603400707, -0.7770480248145759
90, 0.8724175449460745, -2.096675455570221, -0.7747856276109815
91, 0.8559503103606403, -2.0907234884798527, -0.7880812999792397
92, 0.8570300908759236, -2.0907112658023834, -0.7869387525133789
93, 0.8631525905802846, -2.0929813645780087, -0.7916609803214669
94, 0.8610344380140305, -2.093005333095789, -0.7939021326601505
95, 0.8688137140125036, -2.0967162400484085, -0.7960130022838712
96, 0.8657385446131229, -2.0967510379850864, -0.7992665953934193
97, 0.8737957626581192, -2.1017724368721247, -0.7998275682330132
98, 0.8698818571865559, -2.1018167287111282, -0.8039685357362032
99, 0.8779074978083372, -2.1079553868621588, -0.8029580619186163
100, 0.8733053095638752, -2.1080074664205313, -0.8078274484723806
101, 0.8814713787287474, -2.1079150550067425, -0.7972844336181879
102, 0.8768264725804329, -2.101738141849637, -0.7950025107711554
103, 0.8711949456483126, -2.0966892912983894, -0.7922219522297382
104, 0.8647928517311811, -2.0929628014564514, -0.7890496221370995
105, 0.8578663682565093, -2.0907018035650253, -0.7856075575109571
106, 0.8658922091126442, -2.092950362712145, -0.7861685301177204
107, 0.8727908618748188, -2.0966712310910225, -0.7880392605438828
108, 0.8788579236716032, -2.1017151549458504, -0.7896788162179291
109, 0.8838598914444447, -2.107888026162982, -0.7910243775695562
110, 0.8849814422428608, -2.107875334098935, -0.7844187272712588
111, 0.8798116408288479, -2.1017043627798557, -0.7840611292049289
112, 0.873540323227644, -2.096662748605013, -0.7836253944551572
113, 0.8664082307368517, -2.092944521456957, -0.7831282576080412
114, 0.8734141513705254, -2.0966641791164875, -0.779150124406442
115, 0.8796512056142092, -2.101706176996231, -0.7783653042279184
116, 0.884792685508728, -2.107877468690276, -0.7777211889624596
117, 0.883301142603159, -2.1078943461179733, -0.7711890349164605
118, 0.8783825561404228, -2.101720532402396, -0.7728101862594485
119, 0.8766862656921148, -2.1079691983759403, -0.7596094720065594
120, 0.871817184612155, -2.1080242972820997, -0.7550069950520992
121, 0.8661439213901758, -2.108088495209813, -0.7514428831636906
122, 0.8637916604056954, -2.1018856428563595, -0.7560175973922014
123, 0.8548574151936918, -2.093075230717659, -0.7668517250567675
124, 0.8567710085771978, -2.0968525111675262, -0.7599956188350916
125, 0.8584683085791767, -2.1019458808004856, -0.7539860177785158
126, 0.8598842676728964, -2.1081593316048384, -0.7490542158484459
127, 0.8532790383324027, -2.1082340758293867, -0.7479325979948044
128, 0.8528509761672467, -2.1020094472914934, -0.7530322372913361
129, 0.8523574247956276, -2.0969024561345577, -0.7592461090534925
130, 0.851817335234955, -2.093109630048275, -0.7663356699049473
131, 0.8496801484143361, -2.090794440358877, -0.7740722140297294
132, 0.8487349916249514, -2.0931445099413395, -0.7664223769679666
133, 0.847882442176342, -2.0969530940055847, -0.7593722883611917
134, 0.8471555202268064, -2.102073898538947, -0.7531926855444908
135, 0.8465819270350039, -2.1083098612725735, -0.7481213621795177
136, 0.8400501944124699, -2.1083837766200304, -0.7496130056679249
137, 0.8416007552295923, -2.102136753499508, -0.7544614132493734
138, 0.843518222682178, -2.0970024801790714, -0.7603689543902874
139, 0.8457288518548012, -2.093178529292345, -0.7671089628711343
140, 0.8481475852895528, -2.0908117815852165, -0.7744222600013018
141, 0.8467127932235599, -2.090828016400337, -0.775064627174288
142, 0.8429143028333783, -2.093210380524397, -0.7683688374236226
143, 0.8394321901723742, -2.097048718482256, -0.7621979583054781
144, 0.8364002583548427, -2.102195603772998, -0.7567892745137215
145, 0.8339350763708353, -2.1084529757499695, -0.7523504290729761
146, 0.8284713700413704, -2.108514804393053, -0.7562283016741276
147, 0.8317538574337959, -2.1022481825202703, -0.7600872181355953
148, 0.8357814755290747, -2.097090031951666, -0.7647891584783792
149, 0.8403996163979173, -2.093238838016987, -0.7701536221429706
150, 0.8454308048821986, -2.0908425264060497, -0.7759744548238814
151, 0.8443510248325765, -2.0908547453582287, -0.7771170046180487
152, 0.8382814629003406, -2.093262806534767, -0.7723947763442993
153, 0.8327063079923391, -2.097124829888344, -0.7680427525192499
154, 0.8278399500995874, -2.1022924724966288, -0.7642281837761402
155, 0.8238691855221987, -2.1085668820887804, -0.7610976900905371
156, 0.8203053027391434, -2.1086072120815516, -0.766771319322288
157, 0.8248092420399189, -2.1023267712444067, -0.7690532431006432
158, 0.830325074493885, -2.097151778638363, -0.7718338016420603
159, 0.8366412008181214, -2.093281365931034, -0.7750061340630054
160, 0.8435147474519908, -2.0908642075955868, -0.7784481977578253
161, 0.8429542658850551, -2.090870551764965, -0.7799170080106705
162, 0.835541844367981, -2.0932938046753407, -0.7778872242197394
163, 0.8287291619926691, -2.09716983884573, -0.7760164956562221
164, 0.8227777928113937, -2.1023497581481934, -0.7743769371882081
165, 0.8179167881608009, -2.108634240925312, -0.7730313735082746
166, 0.8167952410876751, -2.108646934852004, -0.779637026367709
167, 0.8218240719288588, -2.1023605540394783, -0.7799946262966841
168, 0.8279796969145536, -2.0971783213317394, -0.7804303599987179
169, 0.8350258227437735, -2.0932996459305286, -0.7809274987084791
170, 0.8351125251501799, -2.09329866245389, -0.7840100396424532
171, 0.8281058706343174, -2.097176890820265, -0.784905631095171
172, 0.8219845090061426, -2.102358737960458, -0.7856904498767108
173, 0.8169839978218079, -2.108644800260663, -0.7863345644436777
174, 0.8184755444526672, -2.108627922832966, -0.7928667161613703
175, 0.823253158479929, -2.1023443825542927, -0.7912455666810274
176, 0.829102473333478, -2.0971656143665314, -0.7892701295204461
177, 0.8250904157757759, -2.1085530687123537, -0.8044462818652391
178, 0.8299594949930906, -2.1084979698061943, -0.8090487588196993
179, 0.8356327600777149, -2.108433771878481, -0.812612870708108
180, 0.8431674065068364, -2.102119032293558, -0.8100697360932827
181, 0.8378440532833338, -2.1021792739629745, -0.8080381546169519
182, 0.8418924165889621, -2.108362937346101, -0.8150015361607075
183, 0.848497643135488, -2.1082881912589073, -0.8161231577396393
184, 0.8487847370561212, -2.1020554676651955, -0.8110235165804625
185, 0.849162596045062, -2.0969386138021946, -0.8048096466809511
186, 0.8496167183620855, -2.0931345373392105, -0.7977200858294964
187, 0.852699062670581, -2.093099657446146, -0.7976333778351545
188, 0.853637580294162, -2.0968879759311676, -0.8046834655106068
189, 0.8544801939278841, -2.1019910164177418, -0.8108630683273077
190, 0.8551947539672256, -2.1082124058157206, -0.8159343898296356
191, 0.861726488918066, -2.1081384923309088, -0.8144427463412285
192, 0.8600349593907595, -2.1019281577318907, -0.8095943406224251
193, 0.8580017979256809, -2.096838589757681, -0.8036868013441563
194, 0.855705201625824, -2.0930656418204308, -0.7969467919319868
195, 0.853233529953286, -2.0907542295753956, -0.7896334948018193
196, 0.8546683234162629, -2.090737994760275, -0.7889911290258169
197, 0.8585197520442307, -2.093033790588379, -0.7956869183108211
198, 0.8620878309011459, -2.0967923514544964, -0.8018577937036753
199, 0.865235454402864, -2.1018693074584007, -0.8072664774954319
200, 0.8678416069597006, -2.1080692932009697, -0.8117053229361773
201, 0.8558577736839652, -2.0905786119401455, -0.7860319023020566
202, 0.8539321317803115, -2.0906004048883915, -0.7877052859403193
203, 0.8569003385491669, -2.0906064696609974, -0.7851263033226132
204, 0.8701409865170717, -2.104178063571453, -0.7578073833137751
205, 0.8487577645573765, -2.0906146615743637, -0.7762536685913801
206, 0.846154217608273, -2.0906092785298824, -0.7785158092156053
207, 0.84524050867185, -2.0906544663012028, -0.779310166137293
208, 0.8441629949957132, -2.090733267366886, -0.7802471790928394
209, 0.8318580482155085, -2.1046112813055515, -0.8065410815179348
210, 0.8321798034012318, -2.104607639834285, -0.8067433685064316
211, 0.8503870450658724, -2.0910207740962505, -0.7907897057011724
212, 0.8528904641279951, -2.090651847422123, -0.7886108853854239
213, 0.8742483723908663, -2.1041315849870443, -0.7616900000721216
214, 0.827440844848752, -2.1046612672507763, -0.8023657537996769
215, 0.8336761258542538, -2.1022264380007982, -0.8054198157042265

Triangles, 424
Triangle:, Side1:, Side2:, Side3:
1, 1, 2, 3
2, 4, 1, 3
3, 5, 4, 3
4, 6, 5, 3
5, 7, 6, 3
6, 8, 7, 3
7, 9, 8, 3
8, 10, 9, 3
9, 11, 10, 3
10, 12, 11, 3
11, 13, 12, 3
12, 14, 13, 3
13, 15, 14, 3
14, 16, 15, 3
15, 17, 16, 3
16, 18, 17, 3
17, 19, 18, 3
18, 20, 19, 3
19, 21, 20, 3
20, 22, 21, 3
21, 23, 22, 3
22, 24, 23, 3
23, 25, 24, 3
24, 26, 25, 3
25, 27, 26, 3
26, 28, 27, 3
27, 29, 28, 3
28, 30, 29, 3
29, 31, 30, 3
30, 32, 31, 3
31, 33, 32, 3
32, 2, 33, 3
33, 34, 35, 36
34, 35, 34, 37
35, 38, 39, 40
36, 39, 38, 41
37, 42, 43, 44
38, 45, 46, 47
39, 46, 45, 48
40, 49, 50, 51
41, 52, 50, 49
42, 53, 54, 55
43, 56, 57, 58
44, 59, 60, 61
45, 62, 59, 61
46, 63, 64, 65
47, 49, 66, 67
48, 49, 51, 66
49, 68, 69, 70
50, 71, 70, 72
51, 73, 74, 75
52, 42, 76, 43
53, 53, 77, 54
54, 78, 79, 77
55, 76, 75, 74
56, 70, 80, 44
57, 81, 82, 83
58, 84, 85, 86
59, 86, 85, 78
60, 36, 87, 41
61, 88, 89, 70
62, 90, 40, 87
63, 91, 92, 93
64, 91, 93, 94
65, 94, 93, 95
66, 94, 95, 96
67, 96, 95, 97
68, 96, 97, 98
69, 98, 97, 99
70, 98, 99, 100
71, 2, 1, 100
72, 2, 100, 99
73, 99, 101, 33
74, 99, 33, 2
75, 97, 102, 101
76, 97, 101, 99
77, 95, 103, 102
78, 95, 102, 97
79, 93, 104, 103
80, 93, 103, 95
81, 92, 105, 104
82, 92, 104, 93
83, 105, 34, 106
84, 105, 106, 104
85, 104, 106, 107
86, 104, 107, 103
87, 103, 107, 108
88, 103, 108, 102
89, 102, 108, 109
90, 102, 109, 101
91, 101, 109, 32
92, 101, 32, 33
93, 109, 110, 31
94, 109, 31, 32
95, 108, 111, 110
96, 108, 110, 109
97, 107, 112, 111
98, 107, 111, 108
99, 106, 113, 112
100, 106, 112, 107
101, 34, 36, 113
102, 34, 113, 106
103, 113, 38, 114
104, 113, 114, 112
105, 112, 114, 115
106, 112, 115, 111
107, 111, 115, 116
108, 111, 116, 110
109, 110, 116, 30
110, 110, 30, 31
111, 116, 117, 29
112, 116, 29, 30
113, 115, 118, 117
114, 115, 117, 116
115, 114, 90, 118
116, 114, 118, 115
117, 38, 40, 90
118, 38, 90, 114
119, 118, 60, 59
120, 118, 59, 117
121, 117, 59, 28
122, 117, 28, 29
123, 59, 119, 27
124, 59, 27, 28
125, 119, 120, 26
126, 119, 26, 27
127, 120, 121, 25
128, 120, 25, 26
129, 68, 122, 121
130, 68, 121, 120
131, 73, 123, 124
132, 73, 124, 71
133, 71, 124, 125
134, 71, 125, 122
135, 122, 125, 126
136, 122, 126, 121
137, 121, 126, 24
138, 121, 24, 25
139, 126, 127, 23
140, 126, 23, 24
141, 125, 128, 127
142, 125, 127, 126
143, 124, 129, 128
144, 124, 128, 125
145, 123, 130, 129
146, 123, 129, 124
147, 42, 131, 132
148, 42, 132, 130
149, 130, 132, 133
150, 130, 133, 129
151, 129, 133, 134
152, 129, 134, 128
153, 128, 134, 135
154, 128, 135, 127
155, 127, 135, 22
156, 127, 22, 23
157, 135, 136, 21
158, 135, 21, 22
159, 134, 137, 136
160, 134, 136, 135
161, 133, 138, 137
162, 133, 137, 134
163, 132, 139, 138
164, 132, 138, 133
165, 131, 140, 139
166, 131, 139, 132
167, 140, 141, 142
168, 140, 142, 139
169, 139, 142, 143
170, 139, 143, 138
171, 138, 143, 144
172, 138, 144, 137
173, 137, 144, 145
174, 137, 145, 136
175, 136, 145, 20
176, 136, 20, 21
177, 145, 146, 19
178, 145, 19, 20
179, 144, 147, 146
180, 144, 146, 145
181, 143, 148, 147
182, 143, 147, 144
183, 142, 149, 148
184, 142, 148, 143
185, 141, 150, 149
186, 141, 149, 142
187, 150, 151, 152
188, 150, 152, 149
189, 149, 152, 153
190, 149, 153, 148
191, 148, 153, 154
192, 148, 154, 147
193, 147, 154, 155
194, 147, 155, 146
195, 146, 155, 18
196, 146, 18, 19
197, 155, 156, 17
198, 155, 17, 18
199, 154, 157, 156
200, 154, 156, 155
201, 153, 158, 157
202, 153, 157, 154
203, 152, 159, 158
204, 152, 158, 153
205, 151, 160, 159
206, 151, 159, 152
207, 160, 161, 162
208, 160, 162, 159
209, 159, 162, 163
210, 159, 163, 158
211, 158, 163, 164
212, 158, 164, 157
213, 157, 164, 165
214, 157, 165, 156
215, 156, 165, 16
216, 156, 16, 17
217, 165, 166, 15
218, 165, 15, 16
219, 164, 167, 166
220, 164, 166, 165
221, 163, 168, 167
222, 163, 167, 164
223, 162, 169, 168
224, 162, 168, 163
225, 161, 45, 169
226, 161, 169, 162
227, 45, 47, 170
228, 45, 170, 169
229, 169, 170, 171
230, 169, 171, 168
231, 168, 171, 172
232, 168, 172, 167
233, 167, 172, 173
234, 167, 173, 166
235, 166, 173, 14
236, 166, 14, 15
237, 173, 174, 13
238, 173, 13, 14
239, 172, 175, 174
240, 172, 174, 173
241, 171, 176, 175
242, 171, 175, 172
243, 170, 64, 176
244, 170, 176, 171
245, 176, 52, 49
246, 176, 49, 175
247, 175, 49, 81
248, 175, 81, 174
249, 174, 81, 12
250, 174, 12, 13
251, 81, 177, 11
252, 81, 11, 12
253, 177, 178, 10
254, 177, 10, 11
255, 178, 179, 9
256, 178, 9, 10
257, 84, 55, 180
258, 84, 180, 181
259, 181, 180, 182
260, 181, 182, 179
261, 179, 182, 8
262, 179, 8, 9
263, 182, 183, 7
264, 182, 7, 8
265, 180, 184, 183
266, 180, 183, 182
267, 55, 185, 184
268, 55, 184, 180
269, 54, 186, 185
270, 54, 185, 55
271, 186, 187, 188
272, 186, 188, 185
273, 185, 188, 189
274, 185, 189, 184
275, 184, 189, 190
276, 184, 190, 183
277, 183, 190, 6
278, 183, 6, 7
279, 190, 191, 5
280, 190, 5, 6
281, 189, 192, 191
282, 189, 191, 190
283, 188, 193, 192
284, 188, 192, 189
285, 187, 194, 193
286, 187, 193, 188
287, 56, 195, 194
288, 56, 194, 187
289, 195, 196, 197
290, 195, 197, 194
291, 194, 197, 198
292, 194, 198, 193
293, 193, 198, 199
294, 193, 199, 192
295, 192, 199, 200
296, 192, 200, 191
297, 191, 200, 4
298, 191, 4, 5
299, 1, 4, 200
300, 1, 200, 100
301, 199, 98, 100
302, 199, 100, 200
303, 198, 96, 98
304, 198, 98, 199
305, 197, 94, 96
306, 197, 96, 198
307, 196, 91, 94
308, 196, 94, 197
309, 91, 78, 201
310, 91, 201, 92
311, 78, 91, 196
312, 78, 196, 202
313, 105, 92, 201
314, 105, 201, 203
315, 105, 203, 37
316, 105, 37, 34
317, 38, 113, 36
318, 38, 36, 41
319, 37, 87, 36
320, 37, 36, 35
321, 41, 87, 40
322, 41, 40, 39
323, 69, 68, 120
324, 69, 120, 204
325, 122, 68, 70
326, 122, 70, 71
327, 123, 73, 75
328, 123, 75, 76
329, 130, 123, 76
330, 130, 76, 42
331, 131, 42, 44
332, 131, 44, 80
333, 140, 131, 80
334, 140, 80, 205
335, 141, 140, 205
336, 141, 205, 89
337, 151, 150, 88
338, 151, 88, 206
339, 151, 206, 207
340, 151, 207, 160
341, 161, 160, 207
342, 161, 207, 208
343, 88, 52, 207
344, 88, 207, 206
345, 161, 208, 48
346, 161, 48, 45
347, 64, 170, 47
348, 64, 47, 65
349, 48, 52, 47
350, 48, 47, 46
351, 178, 209, 210
352, 178, 210, 179
353, 55, 84, 86
354, 55, 86, 53
355, 186, 54, 77
356, 186, 77, 79
357, 187, 186, 79
358, 187, 79, 211
359, 57, 56, 187
360, 57, 187, 211
361, 195, 56, 58
362, 195, 58, 212
363, 79, 78, 58
364, 79, 58, 57
365, 196, 195, 212
366, 196, 212, 202
367, 78, 202, 212
368, 78, 212, 58
369, 60, 78, 210
370, 60, 210, 61
371, 205, 80, 70
372, 205, 70, 89
373, 49, 67, 82
374, 49, 82, 81
375, 51, 69, 82
376, 51, 82, 66
377, 90, 87, 60
378, 90, 60, 118
379, 59, 62, 213
380, 59, 213, 119
381, 61, 210, 213
382, 61, 213, 62
383, 69, 51, 50
384, 69, 50, 52
385, 213, 204, 120
386, 213, 120, 119
387, 71, 72, 74
388, 71, 74, 73
389, 70, 76, 74
390, 70, 74, 72
391, 76, 70, 44
392, 76, 44, 43
393, 141, 89, 88
394, 141, 88, 150
395, 69, 52, 88
396, 69, 88, 70
397, 64, 63, 52
398, 64, 52, 176
399, 214, 209, 178
400, 214, 178, 177
401, 179, 210, 215
402, 179, 215, 181
403, 78, 85, 215
404, 78, 215, 210
405, 181, 215, 85
406, 181, 85, 84
407, 78, 77, 53
408, 78, 53, 86
409, 203, 60, 87
410, 203, 87, 37
411, 52, 48, 208
412, 52, 208, 207
413, 204, 83, 82
414, 204, 82, 69
415, 81, 83, 214
416, 81, 214, 177
417, 209, 214, 213
418, 209, 213, 210
419, 60, 203, 201
420, 60, 201, 78
421, 52, 63, 65
422, 52, 65, 47
423, 213, 214, 83
424, 213, 83, 204

Colors, 424
Triangle:, Red:, Green:, Blue:
1, 58, 1, 2
2, 58, 1, 2
3, 58, 1, 2
4, 58, 1, 2
5, 58, 1, 2
6, 58, 1, 2
7, 58, 1, 2
8, 58, 1, 2
9, 58, 1, 2
10, 58, 1, 2
11, 58, 1, 2
12, 58, 1, 2
13, 58, 1, 2
14, 58, 1, 2
15, 58, 1, 2
16, 58, 1, 2
17, 58, 1, 2
18, 58, 1, 2
19, 58, 1, 2
20, 58, 1, 2
21, 58, 1, 2
22, 58, 1, 2
23, 58, 1, 2
24, 58, 1, 2
25, 58, 1, 2
26, 58, 1, 2
27, 58, 1, 2
28, 58, 1, 2
29, 58, 1, 2
30, 58, 1, 2
31, 58, 1, 2
32, 58, 1, 2
33, 58, 1, 2
34, 58, 1, 2
35, 58, 1, 2
36, 58, 1, 2
37, 58, 1, 2
38, 58, 1, 2
39, 58, 1, 2
40, 58, 1, 2
41, 58, 1, 2
42, 58, 1, 2
43, 58, 1, 2
44, 58, 1, 2
45, 58, 1, 2
46, 58, 1, 2
47, 58, 1, 2
48, 58, 1, 2
49, 58, 1, 2
50, 58, 1, 2
51, 58, 1, 2
52, 58, 1, 2
53, 58, 1, 2
54, 58, 1, 2
55, 58, 1, 2
56, 58, 1, 2
57, 58, 1, 2
58, 58, 1, 2
59, 58, 1, 2
60, 58, 1, 2
61, 58, 1, 2
62, 58, 1, 2
63, 58, 1, 2
64, 58, 1, 2
65, 58, 1, 2
66, 58, 1, 2
67, 58, 1, 2
68, 58, 1, 2
69, 58, 1, 2
70, 58, 1, 2
71, 58, 1, 2
72, 58, 1, 2
73, 58, 1, 2
74, 58, 1, 2
75, 58, 1, 2
76, 58, 1, 2
77, 58, 1, 2
78, 58, 1, 2
79, 58, 1, 2
80, 58, 1, 2
81, 58, 1, 2
82, 58, 1, 2
83, 58, 1, 2
84, 58, 1, 2
85, 58, 1, 2
86, 58, 1, 2
87, 58, 1, 2
88, 58, 1, 2
89, 58, 1, 2
90, 58, 1, 2
91, 58, 1, 2
92, 58, 1, 2
93, 58, 1, 2
94, 58, 1, 2
95, 58, 1, 2
96, 58, 1, 2
97, 58, 1, 2
98, 58, 1, 2
99, 58, 1, 2
100, 58, 1, 2
101, 58, 1, 2
102, 58, 1, 2
103, 58, 1, 2
104, 58, 1, 2
105, 58, 1, 2
106, 58, 1, 2
107, 58, 1, 2
108, 58, 1, 2
109, 58, 1, 2
110, 58, 1, 2
111, 58, 1, 2
112, 58, 1, 2
113, 58, 1, 2
114, 58, 1, 2
115, 58, 1, 2
116, 58, 1, 2
117, 58, 1, 2
118, 58, 1, 2
119, 58, 1, 2
120, 58, 1, 2
121, 58, 1, 2
122, 58, 1, 2
123, 58, 1, 2
124, 58, 1, 2
125, 58, 1, 2
126, 58, 1, 2
127, 58, 1, 2
128, 58, 1, 2
129, 58, 1, 2
130, 58, 1, 2
131, 58, 1, 2
132, 58, 1, 2
133, 58, 1, 2
134, 58, 1, 2
135, 58, 1, 2
136, 58, 1, 2
137, 58, 1, 2
138, 58, 1, 2
139, 58, 1, 2
140, 58, 1, 2
141, 58, 1, 2
142, 58, 1, 2
143, 58, 1, 2
144, 58, 1, 2
145, 58, 1, 2
146, 58, 1, 2
147, 58, 1, 2
148, 58, 1, 2
149, 58, 1, 2
150, 58, 1, 2
151, 58, 1, 2
152, 58, 1, 2
153, 58, 1, 2
154, 58, 1, 2
155, 58, 1, 2
156, 58, 1, 2
157, 58, 1, 2
158, 58, 1, 2
159, 58, 1, 2
160, 58, 1, 2
161, 58, 1, 2
162, 58, 1, 2
163, 58, 1, 2
164, 58, 1, 2
165, 58, 1, 2
166, 58, 1, 2
167, 58, 1, 2
168, 58, 1, 2
169, 58, 1, 2
170, 58, 1, 2
171, 58, 1, 2
172, 58, 1, 2
173, 58, 1, 2
174, 58, 1, 2
175, 58, 1, 2
176, 58, 1, 2
177, 58, 1, 2
178, 58, 1, 2
179, 58, 1, 2
180, 58, 1, 2
181, 58, 1, 2
182, 58, 1, 2
183, 58, 1, 2
184, 58, 1, 2
185, 58, 1, 2
186, 58, 1, 2
187, 58, 1, 2
188, 58, 1, 2
189, 58, 1, 2
190, 58, 1, 2
191, 58, 1, 2
192, 58, 1, 2
193, 58, 1, 2
194, 58, 1, 2
195, 58, 1, 2
196, 58, 1, 2
197, 58, 1, 2
198, 58, 1, 2
199, 58, 1, 2
200, 58, 1, 2
201, 58, 1, 2
202, 58, 1, 2
203, 58, 1, 2
204, 58, 1, 2
205, 58, 1, 2
206, 58, 1, 2
207, 58, 1, 2
208, 58, 1, 2
209, 58, 1, 2
210, 58, 1, 2
211, 58, 1, 2
212, 58, 1, 2
213, 58, 1, 2
214, 58, 1, 2
215, 58, 1, 2
216, 58, 1, 2
217, 58, 1, 2
218, 58, 1, 2
219, 58, 1, 2
220, 58, 1, 2
221, 58, 1, 2
222, 58, 1, 2
223, 58, 1, 2
224, 58, 1, 2
225, 58, 1, 2
226, 58, 1, 2
227, 58, 1, 2
228, 58, 1, 2
229, 58, 1, 2
230, 58, 1, 2
231, 58, 1, 2
232, 58, 1, 2
233, 58, 1, 2
234, 58, 1, 2
235, 58, 1, 2
236, 58, 1, 2
237, 58, 1, 2
238, 58, 1, 2
239, 58, 1, 2
240, 58, 1, 2
241, 58, 1, 2
242, 58, 1, 2
243, 58, 1, 2
244, 58, 1, 2
245, 58, 1, 2
246, 58, 1, 2
247, 58, 1, 2
248, 58, 1, 2
249, 58, 1, 2
250, 58, 1, 2
251, 58, 1, 2
252, 58, 1, 2
253, 58, 1, 2
254, 58, 1, 2
255, 58, 1, 2
256, 58, 1, 2
257, 58, 1, 2
258, 58, 1, 2
259, 58, 1, 2
260, 58, 1, 2
261, 58, 1, 2
262, 58, 1, 2
263, 58, 1, 2
264, 58, 1, 2
265, 58, 1, 2
266, 58, 1, 2
267, 58, 1, 2
268, 58, 1, 2
269, 58, 1, 2
270, 58, 1, 2
271, 58, 1, 2
272, 58, 1, 2
273, 58, 1, 2
274, 58, 1, 2
275, 58, 1, 2
276, 58, 1, 2
277, 58, 1, 2
278, 58, 1, 2
279, 58, 1, 2
280, 58, 1, 2
281, 58, 1, 2
282, 58, 1, 2
283, 58, 1, 2
284, 58, 1, 2
285, 58, 1, 2
286, 58, 1, 2
287, 58, 1, 2
288, 58, 1, 2
289, 58, 1, 2
290, 58, 1, 2
291, 58, 1, 2
292, 58, 1, 2
293, 58, 1, 2
294, 58, 1, 2
295, 58, 1, 2
296, 58, 1, 2
297, 58, 1, 2
298, 58, 1, 2
299, 58, 1, 2
300, 58, 1, 2
301, 58, 1, 2
302, 58, 1, 2
303, 58, 1, 2
304, 58, 1, 2
305, 58, 1, 2
306, 58, 1, 2
307, 58, 1, 2
308, 58, 1, 2
309, 58, 1, 2
310, 58, 1, 2
311, 58, 1, 2
312, 58, 1, 2
313, 58, 1, 2
314, 58, 1, 2
315, 58, 1, 2
316, 58, 1, 2
317, 58, 1, 2
318, 58, 1, 2
319, 58, 1, 2
320, 58, 1, 2
321, 58, 1, 2
322, 58, 1, 2
323, 58, 1, 2
324, 58, 1, 2
325, 58, 1, 2
326, 58, 1, 2
327, 58, 1, 2
328, 58, 1, 2
329, 58, 1, 2
330, 58, 1, 2
331, 58, 1, 2
332, 58, 1, 2
333, 58, 1, 2
334, 58, 1, 2
335, 58, 1, 2
336, 58, 1, 2
337, 58, 1, 2
338, 58, 1, 2
339, 58, 1, 2
340, 58, 1, 2
341, 58, 1, 2
342, 58, 1, 2
343, 58, 1, 2
344, 58, 1, 2
345, 58, 1, 2
346, 58, 1, 2
347, 58, 1, 2
348, 58, 1, 2
349, 58, 1, 2
350, 58, 1, 2
351, 58, 1, 2
352, 58, 1, 2
353, 58, 1, 2
354, 58, 1, 2
355, 58, 1, 2
356, 58, 1, 2
357, 58, 1, 2
358, 58, 1, 2
359, 58, 1, 2
360, 58, 1, 2
361, 58, 1, 2
362, 58, 1, 2
363, 58, 1, 2
364, 58, 1, 2
365, 58, 1, 2
366, 58, 1, 2
367, 58, 1, 2
368, 58, 1, 2
369, 58, 1, 2
370, 58, 1, 2
371, 58, 1, 2
372, 58, 1, 2
373, 58, 1, 2
374, 58, 1, 2
375, 58, 1, 2
376, 58, 1, 2
377, 58, 1, 2
378, 58, 1, 2
379, 58, 1, 2
380, 58, 1, 2
381, 58, 1, 2
382, 58, 1, 2
383, 58, 1, 2
384, 58, 1, 2
385, 58, 1, 2
386, 58, 1, 2
387, 58, 1, 2
388, 58, 1, 2
389, 58, 1, 2
390, 58, 1, 2
391, 58, 1, 2
392, 58, 1, 2
393, 58, 1, 2
394, 58, 1, 2
395, 58, 1, 2
396, 58, 1, 2
397, 58, 1, 2
398, 58, 1, 2
399, 58, 1, 2
400, 58, 1, 2
401, 58, 1, 2
402, 58, 1, 2
403, 58, 1, 2
404, 58, 1, 2
405, 58, 1, 2
406, 58, 1, 2
407, 58, 1, 2
408, 58, 1, 2
409, 58, 1, 2
410, 58, 1, 2
411, 58, 1, 2
412, 58, 1, 2
413, 58, 1, 2
414, 58, 1, 2
415, 58, 1, 2
416, 58, 1, 2
417, 58, 1, 2
418, 58, 1, 2
419, 58, 1, 2
420, 58, 1, 2
421, 58, 1, 2
422, 58, 1, 2
423, 58, 1, 2
424, 58, 1, 2
