Objects, 1
Object:, First Vertice:, Vertices:, First Triangle:, Triangles:
Sphere.001, 1, 215, 1, 486

Vertices, 215
Vertice:, X:, Y:, Z:
1, 0.5810145735740662, -2.0314557552337646, -1.045478343963623
2, 0.5850470662117004, -2.031501293182373, -1.0484765768051147
3, 0.5982506275177002, -2.0316507816314697, -1.0265040397644043
4, 0.5776441097259521, -2.0314173698425293, -1.0417510271072388
5, 0.5750658512115479, -2.031388282775879, -1.0374376773834229
6, 0.5733783841133118, -2.031369209289551, -1.0327041149139404
7, 0.5726468563079834, -2.0313608646392822, -1.0277323722839355
8, 0.5728990435600281, -2.0313637256622314, -1.0227134227752686
9, 0.5741257667541504, -2.0313777923583984, -1.0178401470184326
10, 0.57627934217453, -2.031402111053467, -1.0132997035980225
11, 0.5792773962020874, -2.031435966491699, -1.00926673412323
12, 0.5830045342445374, -2.0314781665802, -1.0058962106704712
13, 0.587317705154419, -2.031526803970337, -1.0033178329467773
14, 0.5920508503913879, -2.0315804481506348, -1.001630187034607
15, 0.5970223546028137, -2.0316367149353027, -1.0008985996246338
16, 0.6020411252975464, -2.031693696975708, -1.0011509656906128
17, 0.6069139838218689, -2.0317487716674805, -1.0023776292800903
18, 0.6114540100097656, -2.0318000316619873, -1.0045313835144043
19, 0.6154868006706238, -2.031845808029175, -1.0075297355651855
20, 0.6188570261001587, -2.031883955001831, -1.0112571716308594
21, 0.6214354038238525, -2.0319130420684814, -1.0155704021453857
22, 0.6231228113174438, -2.0319321155548096, -1.0203038454055786
23, 0.6238543391227722, -2.031940460205078, -1.025275707244873
24, 0.6236020922660828, -2.031937599182129, -1.0302947759628296
25, 0.6223754286766052, -2.031923770904541, -1.0351680517196655
26, 0.620221734046936, -2.0318992137908936, -1.0397083759307861
27, 0.6172237992286682, -2.031865358352661, -1.0437413454055786
28, 0.6134965419769287, -2.03182315826416, -1.0471117496490479
29, 0.6091835498809814, -2.0317745208740234, -1.0496903657913208
30, 0.6044502854347229, -2.0317208766937256, -1.0513780117034912
31, 0.5994788408279419, -2.0316646099090576, -1.0521094799041748
32, 0.594460129737854, -2.0316078662872314, -1.0518571138381958
33, 0.5895871520042419, -2.03155255317688, -1.0506303310394287
34, 0.5976380109786987, -2.015047073364258, -1.0318578481674194
35, 0.5979090929031372, -2.015050172805786, -1.0318713188171387
36, 0.5987291932106018, -2.0152745246887207, -1.032618761062622
37, 0.5976688265800476, -2.0150270462036133, -1.0316529273986816
38, 0.6009886264801025, -2.0166642665863037, -1.0368071794509888
39, 0.6026658415794373, -2.0166831016540527, -1.0362091064453125
40, 0.6032403707504272, -2.0170600414276123, -1.036734938621521
41, 0.6003145575523376, -2.015798807144165, -1.0340641736984253
42, 0.6038450598716736, -2.0151174068450928, -1.0262446403503418
43, 0.6038429141044617, -2.0151174068450928, -1.0262844562530518
44, 0.6038015484809875, -2.0151126384735107, -1.0262466669082642
45, 0.5981789231300354, -2.0150532722473145, -1.0210970640182495
46, 0.5981396436691284, -2.0150527954101562, -1.0211029052734375
47, 0.5967807769775391, -2.0154685974121094, -1.0198729038238525
48, 0.5981811881065369, -2.0150489807128906, -1.0211405754089355
49, 0.5866837501525879, -2.022517442703247, -1.01073157787323
50, 0.5867790579795837, -2.0223886966705322, -1.010858416557312
51, 0.5866607427597046, -2.022517204284668, -1.0107523202896118
52, 0.5899314880371094, -2.019103527069092, -1.0136884450912476
53, 0.588354229927063, -2.0165212154388428, -1.0232069492340088
54, 0.5879195928573608, -2.0165162086486816, -1.024933934211731
55, 0.5831465125083923, -2.019026517868042, -1.0242245197296143
56, 0.5931863188743591, -2.0149967670440674, -1.02781343460083
57, 0.5931466817855835, -2.014996290206909, -1.0275447368621826
58, 0.5933873653411865, -2.0149786472320557, -1.0277631282806396
59, 0.612025797367096, -2.0270090103149414, -1.0450503826141357
60, 0.6095717549324036, -2.0227763652801514, -1.0425450801849365
61, 0.6105618476867676, -2.024383783340454, -1.0434609651565552
62, 0.6107820272445679, -2.024386405944824, -1.0433293581008911
63, 0.5936529040336609, -2.0165810585021973, -1.0170429944992065
64, 0.593891978263855, -2.0165839195251465, -1.0168999433517456
65, 0.5941914916038513, -2.01637601852417, -1.017530083656311
66, 0.5866398215293884, -2.0225508213043213, -1.0107336044311523
67, 0.5866389870643616, -2.022552251815796, -1.010732889175415
68, 0.6151685118675232, -2.0228397846221924, -1.0366102457046509
69, 0.6151500344276428, -2.0228395462036133, -1.0366350412368774
70, 0.6150345206260681, -2.0227084159851074, -1.0365287065505981
71, 0.6128988862037659, -2.0193631649017334, -1.0317139625549316
72, 0.611957311630249, -2.019352436065674, -1.0336989164352417
73, 0.6084133982658386, -2.0167481899261475, -1.030092716217041
74, 0.6082940101623535, -2.016746759414673, -1.0303444862365723
75, 0.6077600121498108, -2.0165295600891113, -1.0298571586608887
76, 0.6051921248435974, -2.015563726425171, -1.0275145769119263
77, 0.5907248854637146, -2.015690326690674, -1.025351881980896
78, 0.5955291390419006, -2.01491641998291, -1.0297080278396606
79, 0.5923216938972473, -2.015202045440674, -1.0267974138259888
80, 0.6028700470924377, -2.0150229930877686, -1.0253996849060059
81, 0.5845838785171509, -2.026698589324951, -1.0079575777053833
82, 0.5859109163284302, -2.0237209796905518, -1.010083556175232
83, 0.5856733918190002, -2.024102210998535, -1.0098717212677002
84, 0.5838841795921326, -2.0190348625183105, -1.0212939977645874
85, 0.5845874547958374, -2.01904296875, -1.0198112726211548
86, 0.5877711772918701, -2.0168850421905518, -1.0226811170578003
87, 0.6063745617866516, -2.019289493560791, -1.039604902267456
88, 0.6009931564331055, -2.014925718307495, -1.0236936807632446
89, 0.6015519499778748, -2.014939546585083, -1.024201512336731
90, 0.6049659252166748, -2.019273519515991, -1.0404469966888428
91, 0.594798743724823, -2.015014886856079, -1.0305107831954956
92, 0.595650315284729, -2.0150246620178223, -1.0311437845230103
93, 0.5929514765739441, -2.016573190689087, -1.0356054306030273
94, 0.5912811160087585, -2.016554355621338, -1.0343636274337769
95, 0.5904516577720642, -2.0191092491149902, -1.039717197418213
96, 0.5880267024040222, -2.0190818309783936, -1.0379142761230469
97, 0.5882469415664673, -2.0225350856781006, -1.043321132659912
98, 0.5851605534553528, -2.0225002765655518, -1.0410264730453491
99, 0.5864220857620239, -2.026719331741333, -1.046278953552246
100, 0.5827927589416504, -2.0266783237457275, -1.0435805320739746
101, 0.5905080437660217, -2.0267655849456787, -1.0482172966003418
102, 0.5917217135429382, -2.0225744247436523, -1.0449694395065308
103, 0.5931817889213562, -2.0191402435302734, -1.0410122871398926
104, 0.5948319435119629, -2.016594409942627, -1.0364974737167358
105, 0.5966089367866516, -2.015035390853882, -1.031598687171936
106, 0.5968504548072815, -2.0166172981262207, -1.0370056629180908
107, 0.596112072467804, -2.0191733837127686, -1.0417499542236328
108, 0.5954514145851135, -2.0226166248321533, -1.0459085702896118
109, 0.5948935747146606, -2.026815176010132, -1.049321174621582
110, 0.5994102954864502, -2.0268661975860596, -1.0495485067367554
111, 0.5992924571037292, -2.022660255432129, -1.046101689338684
112, 0.5991301536560059, -2.01920747756958, -1.0419018268585205
113, 0.5989292860031128, -2.0166409015655518, -1.0371100902557373
114, 0.6021196842193604, -2.0192413330078125, -1.0414618253707886
115, 0.6030974984169006, -2.022703170776367, -1.0455416440963745
116, 0.6038845181465149, -2.026916980743408, -1.0488899946212769
117, 0.608144223690033, -2.0269651412963867, -1.0473712682724
118, 0.6067201495170593, -2.0227441787719727, -1.0442500114440918
119, 0.6153803467750549, -2.0270469188690186, -1.0420172214508057
120, 0.618078351020813, -2.0270776748657227, -1.0383875370025635
121, 0.6200166940689087, -2.027099370956421, -1.0343014001846313
122, 0.6168166995048523, -2.0228583812713623, -1.033135175704956
123, 0.6089215278625488, -2.016753911972046, -1.0280741453170776
124, 0.6136363744735718, -2.019371509552002, -1.0287835597991943
125, 0.617755651473999, -2.022869110107422, -1.0294052362442017
126, 0.6211206316947937, -2.0271120071411133, -1.029915690422058
127, 0.6213477253913879, -2.0271146297454834, -1.0253984928131104
128, 0.6179487109184265, -2.022871255874634, -1.0255638360977173
129, 0.6137883067131042, -2.0193734169006348, -1.0257654190063477
130, 0.6090258359909058, -2.0167551040649414, -1.0259952545166016
131, 0.6036905646324158, -2.01511549949646, -1.025194764137268
132, 0.6087229251861572, -2.016751766204834, -1.0239359140396118
133, 0.6133482456207275, -2.0193684101104736, -1.022775650024414
134, 0.617388904094696, -2.022865056991577, -1.021758794784546
135, 0.6206892132759094, -2.027107000350952, -1.0209240913391113
136, 0.6191707849502563, -2.027089834213257, -1.0166641473770142
137, 0.6160972118377686, -2.022850275039673, -1.018135666847229
138, 0.6123335361480713, -2.0193569660186768, -1.0199291706085205
139, 0.6080239415168762, -2.0167438983917236, -1.0219752788543701
140, 0.6033341884613037, -2.0151114463806152, -1.0241953134536743
141, 0.6027896404266357, -2.0151054859161377, -1.0232844352722168
142, 0.6069559454917908, -2.0167317390441895, -1.020188570022583
143, 0.6107831001281738, -2.0193393230438232, -1.017335295677185
144, 0.6141239404678345, -2.0228281021118164, -1.0148346424102783
145, 0.6168501377105713, -2.0270636081695557, -1.0127822160720825
146, 0.613817036151886, -2.027029275894165, -1.0094276666641235
147, 0.6115443706512451, -2.022798776626587, -1.011981725692749
148, 0.608756422996521, -2.0193164348602295, -1.0150939226150513
149, 0.6055599451065063, -2.0167157649993896, -1.0186445713043213
150, 0.6020780801773071, -2.0150973796844482, -1.0224974155426025
151, 0.6012264490127563, -2.015087842941284, -1.021864414215088
152, 0.6038895845413208, -2.0166969299316406, -1.0174027681350708
153, 0.6063313484191895, -2.019289016723633, -1.0132908821105957
154, 0.6084578633308411, -2.022763967514038, -1.0096869468688965
155, 0.6101876497268677, -2.0269882678985596, -1.006729245185852
156, 0.6061016917228699, -2.026942014694214, -1.0047907829284668
157, 0.6049831509590149, -2.0227243900299072, -1.0080385208129883
158, 0.6036011576652527, -2.0192580223083496, -1.0119956731796265
159, 0.6020089387893677, -2.0166757106781006, -1.0165104866027832
160, 0.6002678275108337, -2.0150768756866455, -1.021409511566162
161, 0.5992388129234314, -2.0150651931762695, -1.0211503505706787
162, 0.5999905467033386, -2.016652822494507, -1.0160024166107178
163, 0.6006709933280945, -2.0192248821258545, -1.0112582445144653
164, 0.6012535095214844, -2.0226824283599854, -1.0070996284484863
165, 0.6017161011695862, -2.0268924236297607, -1.003686785697937
166, 0.5971994400024414, -2.026841402053833, -1.0034596920013428
167, 0.5974123477935791, -2.0226387977600098, -1.006906509399414
168, 0.5976529121398926, -2.019190788269043, -1.0111063718795776
169, 0.5979117751121521, -2.016629219055176, -1.0158979892730713
170, 0.5958524942398071, -2.016606092453003, -1.0162009000778198
171, 0.5946633219718933, -2.0191569328308105, -1.0115463733673096
172, 0.5936073660850525, -2.0225958824157715, -1.007466435432434
173, 0.5927252769470215, -2.0267906188964844, -1.0041182041168213
174, 0.5884655117988586, -2.026742458343506, -1.0056369304656982
175, 0.5899847149848938, -2.022554874420166, -1.0087580680847168
176, 0.5918172001838684, -2.019124746322632, -1.0125612020492554
177, 0.581229567527771, -2.026660442352295, -1.0109909772872925
178, 0.5785312652587891, -2.02662992477417, -1.0146204233169556
179, 0.5765929818153381, -2.0266079902648926, -1.0187066793441772
180, 0.5789491534233093, -2.022429943084717, -1.0236027240753174
181, 0.579888105392456, -2.0224406719207764, -1.0198729038238525
182, 0.5754891633987427, -2.0265955924987793, -1.0230926275253296
183, 0.5752619504928589, -2.026592969894409, -1.0276094675064087
184, 0.5787560939788818, -2.022427797317505, -1.0274442434310913
185, 0.5829946994781494, -2.0190248489379883, -1.027242660522461
186, 0.5878151655197144, -2.016515016555786, -1.027012825012207
187, 0.5881180167198181, -2.0165185928344727, -1.0290721654891968
188, 0.5834348201751709, -2.0190298557281494, -1.0302326679229736
189, 0.5793160796165466, -2.0224342346191406, -1.0312495231628418
190, 0.5759204626083374, -2.0266003608703613, -1.0320839881896973
191, 0.5774390697479248, -2.0266177654266357, -1.036344051361084
192, 0.5806075930595398, -2.0224485397338867, -1.0348721742630005
193, 0.5844493508338928, -2.0190412998199463, -1.033078908920288
194, 0.5888170003890991, -2.016526460647583, -1.0310328006744385
195, 0.5935426354408264, -2.015000820159912, -1.0288128852844238
196, 0.5940871238708496, -2.0150070190429688, -1.0297236442565918
197, 0.5898850560188293, -2.016538381576538, -1.0328196287155151
198, 0.5859999060630798, -2.0190589427948, -1.0356727838516235
199, 0.5825809240341187, -2.0224709510803223, -1.0381735563278198
200, 0.5797595381736755, -2.026643753051758, -1.040225863456726
201, 0.5961663126945496, -2.0149319171905518, -1.0302871465682983
202, 0.5948917269706726, -2.0149176120758057, -1.029129147529602
203, 0.5968558192253113, -2.0149667263031006, -1.0309138298034668
204, 0.6161012649536133, -2.024446487426758, -1.037515640258789
205, 0.6021566987037659, -2.014969825744629, -1.02475106716156
206, 0.6004341244697571, -2.0149269104003906, -1.0231859683990479
207, 0.5998286604881287, -2.0149435997009277, -1.02263605594635
208, 0.5991145372390747, -2.0149803161621094, -1.0219876766204834
209, 0.5803959369659424, -2.0240423679351807, -1.0157233476638794
210, 0.580285906791687, -2.024041175842285, -1.0159550905227661
211, 0.5925395488739014, -2.0151474475860596, -1.0269948244094849
212, 0.5942016839981079, -2.014936685562134, -1.0285024642944336
213, 0.6138251423835754, -2.024420738220215, -1.0405775308609009
214, 0.5828436613082886, -2.0240700244903564, -1.0124305486679077
215, 0.5813120603561401, -2.022456645965576, -1.0168709754943848

Triangles, 424
Triangle:, Side1:, Side2:, Side3:
1, 1, 2, 3
2, 4, 1, 3
3, 5, 4, 3
4, 6, 5, 3
5, 7, 6, 3
6, 8, 7, 3
7, 9, 8, 3
8, 10, 9, 3
9, 11, 10, 3
10, 12, 11, 3
11, 13, 12, 3
12, 14, 13, 3
13, 15, 14, 3
14, 16, 15, 3
15, 17, 16, 3
16, 18, 17, 3
17, 19, 18, 3
18, 20, 19, 3
19, 21, 20, 3
20, 22, 21, 3
21, 23, 22, 3
22, 24, 23, 3
23, 25, 24, 3
24, 26, 25, 3
25, 27, 26, 3
26, 28, 27, 3
27, 29, 28, 3
28, 30, 29, 3
29, 31, 30, 3
30, 32, 31, 3
31, 33, 32, 3
32, 2, 33, 3
33, 34, 35, 36
34, 35, 34, 37
35, 38, 39, 40
36, 39, 38, 41
37, 42, 43, 44
38, 45, 46, 47
39, 46, 45, 48
40, 49, 50, 51
41, 52, 50, 49
42, 53, 54, 55
43, 56, 57, 58
44, 59, 60, 61
45, 62, 59, 61
46, 63, 64, 65
47, 49, 66, 67
48, 49, 51, 66
49, 68, 69, 70
50, 71, 70, 72
51, 73, 74, 75
52, 42, 76, 43
53, 53, 77, 54
54, 78, 79, 77
55, 76, 75, 74
56, 70, 80, 44
57, 81, 82, 83
58, 84, 85, 86
59, 86, 85, 78
60, 36, 87, 41
61, 88, 89, 70
62, 90, 40, 87
63, 91, 92, 93
64, 91, 93, 94
65, 94, 93, 95
66, 94, 95, 96
67, 96, 95, 97
68, 96, 97, 98
69, 98, 97, 99
70, 98, 99, 100
71, 2, 1, 100
72, 2, 100, 99
73, 99, 101, 33
74, 99, 33, 2
75, 97, 102, 101
76, 97, 101, 99
77, 95, 103, 102
78, 95, 102, 97
79, 93, 104, 103
80, 93, 103, 95
81, 92, 105, 104
82, 92, 104, 93
83, 105, 34, 106
84, 105, 106, 104
85, 104, 106, 107
86, 104, 107, 103
87, 103, 107, 108
88, 103, 108, 102
89, 102, 108, 109
90, 102, 109, 101
91, 101, 109, 32
92, 101, 32, 33
93, 109, 110, 31
94, 109, 31, 32
95, 108, 111, 110
96, 108, 110, 109
97, 107, 112, 111
98, 107, 111, 108
99, 106, 113, 112
100, 106, 112, 107
101, 34, 36, 113
102, 34, 113, 106
103, 113, 38, 114
104, 113, 114, 112
105, 112, 114, 115
106, 112, 115, 111
107, 111, 115, 116
108, 111, 116, 110
109, 110, 116, 30
110, 110, 30, 31
111, 116, 117, 29
112, 116, 29, 30
113, 115, 118, 117
114, 115, 117, 116
115, 114, 90, 118
116, 114, 118, 115
117, 38, 40, 90
118, 38, 90, 114
119, 118, 60, 59
120, 118, 59, 117
121, 117, 59, 28
122, 117, 28, 29
123, 59, 119, 27
124, 59, 27, 28
125, 119, 120, 26
126, 119, 26, 27
127, 120, 121, 25
128, 120, 25, 26
129, 68, 122, 121
130, 68, 121, 120
131, 73, 123, 124
132, 73, 124, 71
133, 71, 124, 125
134, 71, 125, 122
135, 122, 125, 126
136, 122, 126, 121
137, 121, 126, 24
138, 121, 24, 25
139, 126, 127, 23
140, 126, 23, 24
141, 125, 128, 127
142, 125, 127, 126
143, 124, 129, 128
144, 124, 128, 125
145, 123, 130, 129
146, 123, 129, 124
147, 42, 131, 132
148, 42, 132, 130
149, 130, 132, 133
150, 130, 133, 129
151, 129, 133, 134
152, 129, 134, 128
153, 128, 134, 135
154, 128, 135, 127
155, 127, 135, 22
156, 127, 22, 23
157, 135, 136, 21
158, 135, 21, 22
159, 134, 137, 136
160, 134, 136, 135
161, 133, 138, 137
162, 133, 137, 134
163, 132, 139, 138
164, 132, 138, 133
165, 131, 140, 139
166, 131, 139, 132
167, 140, 141, 142
168, 140, 142, 139
169, 139, 142, 143
170, 139, 143, 138
171, 138, 143, 144
172, 138, 144, 137
173, 137, 144, 145
174, 137, 145, 136
175, 136, 145, 20
176, 136, 20, 21
177, 145, 146, 19
178, 145, 19, 20
179, 144, 147, 146
180, 144, 146, 145
181, 143, 148, 147
182, 143, 147, 144
183, 142, 149, 148
184, 142, 148, 143
185, 141, 150, 149
186, 141, 149, 142
187, 150, 151, 152
188, 150, 152, 149
189, 149, 152, 153
190, 149, 153, 148
191, 148, 153, 154
192, 148, 154, 147
193, 147, 154, 155
194, 147, 155, 146
195, 146, 155, 18
196, 146, 18, 19
197, 155, 156, 17
198, 155, 17, 18
199, 154, 157, 156
200, 154, 156, 155
201, 153, 158, 157
202, 153, 157, 154
203, 152, 159, 158
204, 152, 158, 153
205, 151, 160, 159
206, 151, 159, 152
207, 160, 161, 162
208, 160, 162, 159
209, 159, 162, 163
210, 159, 163, 158
211, 158, 163, 164
212, 158, 164, 157
213, 157, 164, 165
214, 157, 165, 156
215, 156, 165, 16
216, 156, 16, 17
217, 165, 166, 15
218, 165, 15, 16
219, 164, 167, 166
220, 164, 166, 165
221, 163, 168, 167
222, 163, 167, 164
223, 162, 169, 168
224, 162, 168, 163
225, 161, 45, 169
226, 161, 169, 162
227, 45, 47, 170
228, 45, 170, 169
229, 169, 170, 171
230, 169, 171, 168
231, 168, 171, 172
232, 168, 172, 167
233, 167, 172, 173
234, 167, 173, 166
235, 166, 173, 14
236, 166, 14, 15
237, 173, 174, 13
238, 173, 13, 14
239, 172, 175, 174
240, 172, 174, 173
241, 171, 176, 175
242, 171, 175, 172
243, 170, 64, 176
244, 170, 176, 171
245, 176, 52, 49
246, 176, 49, 175
247, 175, 49, 81
248, 175, 81, 174
249, 174, 81, 12
250, 174, 12, 13
251, 81, 177, 11
252, 81, 11, 12
253, 177, 178, 10
254, 177, 10, 11
255, 178, 179, 9
256, 178, 9, 10
257, 84, 55, 180
258, 84, 180, 181
259, 181, 180, 182
260, 181, 182, 179
261, 179, 182, 8
262, 179, 8, 9
263, 182, 183, 7
264, 182, 7, 8
265, 180, 184, 183
266, 180, 183, 182
267, 55, 185, 184
268, 55, 184, 180
269, 54, 186, 185
270, 54, 185, 55
271, 186, 187, 188
272, 186, 188, 185
273, 185, 188, 189
274, 185, 189, 184
275, 184, 189, 190
276, 184, 190, 183
277, 183, 190, 6
278, 183, 6, 7
279, 190, 191, 5
280, 190, 5, 6
281, 189, 192, 191
282, 189, 191, 190
283, 188, 193, 192
284, 188, 192, 189
285, 187, 194, 193
286, 187, 193, 188
287, 56, 195, 194
288, 56, 194, 187
289, 195, 196, 197
290, 195, 197, 194
291, 194, 197, 198
292, 194, 198, 193
293, 193, 198, 199
294, 193, 199, 192
295, 192, 199, 200
296, 192, 200, 191
297, 191, 200, 4
298, 191, 4, 5
299, 1, 4, 200
300, 1, 200, 100
301, 199, 98, 100
302, 199, 100, 200
303, 198, 96, 98
304, 198, 98, 199
305, 197, 94, 96
306, 197, 96, 198
307, 196, 91, 94
308, 196, 94, 197
309, 91, 78, 201
310, 91, 201, 92
311, 78, 91, 196
312, 78, 196, 202
313, 105, 92, 201
314, 105, 201, 203
315, 105, 203, 37
316, 105, 37, 34
317, 38, 113, 36
318, 38, 36, 41
319, 37, 87, 36
320, 37, 36, 35
321, 41, 87, 40
322, 41, 40, 39
323, 69, 68, 120
324, 69, 120, 204
325, 122, 68, 70
326, 122, 70, 71
327, 123, 73, 75
328, 123, 75, 76
329, 130, 123, 76
330, 130, 76, 42
331, 131, 42, 44
332, 131, 44, 80
333, 140, 131, 80
334, 140, 80, 205
335, 141, 140, 205
336, 141, 205, 89
337, 151, 150, 88
338, 151, 88, 206
339, 151, 206, 207
340, 151, 207, 160
341, 161, 160, 207
342, 161, 207, 208
343, 88, 52, 207
344, 88, 207, 206
345, 161, 208, 48
346, 161, 48, 45
347, 64, 170, 47
348, 64, 47, 65
349, 48, 52, 47
350, 48, 47, 46
351, 178, 209, 210
352, 178, 210, 179
353, 55, 84, 86
354, 55, 86, 53
355, 186, 54, 77
356, 186, 77, 79
357, 187, 186, 79
358, 187, 79, 211
359, 57, 56, 187
360, 57, 187, 211
361, 195, 56, 58
362, 195, 58, 212
363, 79, 78, 58
364, 79, 58, 57
365, 196, 195, 212
366, 196, 212, 202
367, 78, 202, 212
368, 78, 212, 58
369, 60, 78, 210
370, 60, 210, 61
371, 205, 80, 70
372, 205, 70, 89
373, 49, 67, 82
374, 49, 82, 81
375, 51, 69, 82
376, 51, 82, 66
377, 90, 87, 60
378, 90, 60, 118
379, 59, 62, 213
380, 59, 213, 119
381, 61, 210, 213
382, 61, 213, 62
383, 69, 51, 50
384, 69, 50, 52
385, 213, 204, 120
386, 213, 120, 119
387, 71, 72, 74
388, 71, 74, 73
389, 70, 76, 74
390, 70, 74, 72
391, 76, 70, 44
392, 76, 44, 43
393, 141, 89, 88
394, 141, 88, 150
395, 69, 52, 88
396, 69, 88, 70
397, 64, 63, 52
398, 64, 52, 176
399, 214, 209, 178
400, 214, 178, 177
401, 179, 210, 215
402, 179, 215, 181
403, 78, 85, 215
404, 78, 215, 210
405, 181, 215, 85
406, 181, 85, 84
407, 78, 77, 53
408, 78, 53, 86
409, 203, 60, 87
410, 203, 87, 37
411, 52, 48, 208
412, 52, 208, 207
413, 204, 83, 82
414, 204, 82, 69
415, 81, 83, 214
416, 81, 214, 177
417, 209, 214, 213
418, 209, 213, 210
419, 60, 203, 201
420, 60, 201, 78
421, 52, 63, 65
422, 52, 65, 47
423, 213, 214, 83
424, 213, 83, 204

Colors, 424
Triangle:, Red:, Green:, Blue:
1, 58, 1, 2
2, 58, 1, 2
3, 58, 1, 2
4, 58, 1, 2
5, 58, 1, 2
6, 58, 1, 2
7, 58, 1, 2
8, 58, 1, 2
9, 58, 1, 2
10, 58, 1, 2
11, 58, 1, 2
12, 58, 1, 2
13, 58, 1, 2
14, 58, 1, 2
15, 58, 1, 2
16, 58, 1, 2
17, 58, 1, 2
18, 58, 1, 2
19, 58, 1, 2
20, 58, 1, 2
21, 58, 1, 2
22, 58, 1, 2
23, 58, 1, 2
24, 58, 1, 2
25, 58, 1, 2
26, 58, 1, 2
27, 58, 1, 2
28, 58, 1, 2
29, 58, 1, 2
30, 58, 1, 2
31, 58, 1, 2
32, 58, 1, 2
33, 58, 1, 2
34, 58, 1, 2
35, 58, 1, 2
36, 58, 1, 2
37, 58, 1, 2
38, 58, 1, 2
39, 58, 1, 2
40, 58, 1, 2
41, 58, 1, 2
42, 58, 1, 2
43, 58, 1, 2
44, 58, 1, 2
45, 58, 1, 2
46, 58, 1, 2
47, 58, 1, 2
48, 58, 1, 2
49, 58, 1, 2
50, 58, 1, 2
51, 58, 1, 2
52, 58, 1, 2
53, 58, 1, 2
54, 58, 1, 2
55, 58, 1, 2
56, 58, 1, 2
57, 58, 1, 2
58, 58, 1, 2
59, 58, 1, 2
60, 58, 1, 2
61, 58, 1, 2
62, 58, 1, 2
63, 58, 1, 2
64, 58, 1, 2
65, 58, 1, 2
66, 58, 1, 2
67, 58, 1, 2
68, 58, 1, 2
69, 58, 1, 2
70, 58, 1, 2
71, 58, 1, 2
72, 58, 1, 2
73, 58, 1, 2
74, 58, 1, 2
75, 58, 1, 2
76, 58, 1, 2
77, 58, 1, 2
78, 58, 1, 2
79, 58, 1, 2
80, 58, 1, 2
81, 58, 1, 2
82, 58, 1, 2
83, 58, 1, 2
84, 58, 1, 2
85, 58, 1, 2
86, 58, 1, 2
87, 58, 1, 2
88, 58, 1, 2
89, 58, 1, 2
90, 58, 1, 2
91, 58, 1, 2
92, 58, 1, 2
93, 58, 1, 2
94, 58, 1, 2
95, 58, 1, 2
96, 58, 1, 2
97, 58, 1, 2
98, 58, 1, 2
99, 58, 1, 2
100, 58, 1, 2
101, 58, 1, 2
102, 58, 1, 2
103, 58, 1, 2
104, 58, 1, 2
105, 58, 1, 2
106, 58, 1, 2
107, 58, 1, 2
108, 58, 1, 2
109, 58, 1, 2
110, 58, 1, 2
111, 58, 1, 2
112, 58, 1, 2
113, 58, 1, 2
114, 58, 1, 2
115, 58, 1, 2
116, 58, 1, 2
117, 58, 1, 2
118, 58, 1, 2
119, 58, 1, 2
120, 58, 1, 2
121, 58, 1, 2
122, 58, 1, 2
123, 58, 1, 2
124, 58, 1, 2
125, 58, 1, 2
126, 58, 1, 2
127, 58, 1, 2
128, 58, 1, 2
129, 58, 1, 2
130, 58, 1, 2
131, 58, 1, 2
132, 58, 1, 2
133, 58, 1, 2
134, 58, 1, 2
135, 58, 1, 2
136, 58, 1, 2
137, 58, 1, 2
138, 58, 1, 2
139, 58, 1, 2
140, 58, 1, 2
141, 58, 1, 2
142, 58, 1, 2
143, 58, 1, 2
144, 58, 1, 2
145, 58, 1, 2
146, 58, 1, 2
147, 58, 1, 2
148, 58, 1, 2
149, 58, 1, 2
150, 58, 1, 2
151, 58, 1, 2
152, 58, 1, 2
153, 58, 1, 2
154, 58, 1, 2
155, 58, 1, 2
156, 58, 1, 2
157, 58, 1, 2
158, 58, 1, 2
159, 58, 1, 2
160, 58, 1, 2
161, 58, 1, 2
162, 58, 1, 2
163, 58, 1, 2
164, 58, 1, 2
165, 58, 1, 2
166, 58, 1, 2
167, 58, 1, 2
168, 58, 1, 2
169, 58, 1, 2
170, 58, 1, 2
171, 58, 1, 2
172, 58, 1, 2
173, 58, 1, 2
174, 58, 1, 2
175, 58, 1, 2
176, 58, 1, 2
177, 58, 1, 2
178, 58, 1, 2
179, 58, 1, 2
180, 58, 1, 2
181, 58, 1, 2
182, 58, 1, 2
183, 58, 1, 2
184, 58, 1, 2
185, 58, 1, 2
186, 58, 1, 2
187, 58, 1, 2
188, 58, 1, 2
189, 58, 1, 2
190, 58, 1, 2
191, 58, 1, 2
192, 58, 1, 2
193, 58, 1, 2
194, 58, 1, 2
195, 58, 1, 2
196, 58, 1, 2
197, 58, 1, 2
198, 58, 1, 2
199, 58, 1, 2
200, 58, 1, 2
201, 58, 1, 2
202, 58, 1, 2
203, 58, 1, 2
204, 58, 1, 2
205, 58, 1, 2
206, 58, 1, 2
207, 58, 1, 2
208, 58, 1, 2
209, 58, 1, 2
210, 58, 1, 2
211, 58, 1, 2
212, 58, 1, 2
213, 58, 1, 2
214, 58, 1, 2
215, 58, 1, 2
216, 58, 1, 2
217, 58, 1, 2
218, 58, 1, 2
219, 58, 1, 2
220, 58, 1, 2
221, 58, 1, 2
222, 58, 1, 2
223, 58, 1, 2
224, 58, 1, 2
225, 58, 1, 2
226, 58, 1, 2
227, 58, 1, 2
228, 58, 1, 2
229, 58, 1, 2
230, 58, 1, 2
231, 58, 1, 2
232, 58, 1, 2
233, 58, 1, 2
234, 58, 1, 2
235, 58, 1, 2
236, 58, 1, 2
237, 58, 1, 2
238, 58, 1, 2
239, 58, 1, 2
240, 58, 1, 2
241, 58, 1, 2
242, 58, 1, 2
243, 58, 1, 2
244, 58, 1, 2
245, 58, 1, 2
246, 58, 1, 2
247, 58, 1, 2
248, 58, 1, 2
249, 58, 1, 2
250, 58, 1, 2
251, 58, 1, 2
252, 58, 1, 2
253, 58, 1, 2
254, 58, 1, 2
255, 58, 1, 2
256, 58, 1, 2
257, 58, 1, 2
258, 58, 1, 2
259, 58, 1, 2
260, 58, 1, 2
261, 58, 1, 2
262, 58, 1, 2
263, 58, 1, 2
264, 58, 1, 2
265, 58, 1, 2
266, 58, 1, 2
267, 58, 1, 2
268, 58, 1, 2
269, 58, 1, 2
270, 58, 1, 2
271, 58, 1, 2
272, 58, 1, 2
273, 58, 1, 2
274, 58, 1, 2
275, 58, 1, 2
276, 58, 1, 2
277, 58, 1, 2
278, 58, 1, 2
279, 58, 1, 2
280, 58, 1, 2
281, 58, 1, 2
282, 58, 1, 2
283, 58, 1, 2
284, 58, 1, 2
285, 58, 1, 2
286, 58, 1, 2
287, 58, 1, 2
288, 58, 1, 2
289, 58, 1, 2
290, 58, 1, 2
291, 58, 1, 2
292, 58, 1, 2
293, 58, 1, 2
294, 58, 1, 2
295, 58, 1, 2
296, 58, 1, 2
297, 58, 1, 2
298, 58, 1, 2
299, 58, 1, 2
300, 58, 1, 2
301, 58, 1, 2
302, 58, 1, 2
303, 58, 1, 2
304, 58, 1, 2
305, 58, 1, 2
306, 58, 1, 2
307, 58, 1, 2
308, 58, 1, 2
309, 58, 1, 2
310, 58, 1, 2
311, 58, 1, 2
312, 58, 1, 2
313, 58, 1, 2
314, 58, 1, 2
315, 58, 1, 2
316, 58, 1, 2
317, 58, 1, 2
318, 58, 1, 2
319, 58, 1, 2
320, 58, 1, 2
321, 58, 1, 2
322, 58, 1, 2
323, 58, 1, 2
324, 58, 1, 2
325, 58, 1, 2
326, 58, 1, 2
327, 58, 1, 2
328, 58, 1, 2
329, 58, 1, 2
330, 58, 1, 2
331, 58, 1, 2
332, 58, 1, 2
333, 58, 1, 2
334, 58, 1, 2
335, 58, 1, 2
336, 58, 1, 2
337, 58, 1, 2
338, 58, 1, 2
339, 58, 1, 2
340, 58, 1, 2
341, 58, 1, 2
342, 58, 1, 2
343, 58, 1, 2
344, 58, 1, 2
345, 58, 1, 2
346, 58, 1, 2
347, 58, 1, 2
348, 58, 1, 2
349, 58, 1, 2
350, 58, 1, 2
351, 58, 1, 2
352, 58, 1, 2
353, 58, 1, 2
354, 58, 1, 2
355, 58, 1, 2
356, 58, 1, 2
357, 58, 1, 2
358, 58, 1, 2
359, 58, 1, 2
360, 58, 1, 2
361, 58, 1, 2
362, 58, 1, 2
363, 58, 1, 2
364, 58, 1, 2
365, 58, 1, 2
366, 58, 1, 2
367, 58, 1, 2
368, 58, 1, 2
369, 58, 1, 2
370, 58, 1, 2
371, 58, 1, 2
372, 58, 1, 2
373, 58, 1, 2
374, 58, 1, 2
375, 58, 1, 2
376, 58, 1, 2
377, 58, 1, 2
378, 58, 1, 2
379, 58, 1, 2
380, 58, 1, 2
381, 58, 1, 2
382, 58, 1, 2
383, 58, 1, 2
384, 58, 1, 2
385, 58, 1, 2
386, 58, 1, 2
387, 58, 1, 2
388, 58, 1, 2
389, 58, 1, 2
390, 58, 1, 2
391, 58, 1, 2
392, 58, 1, 2
393, 58, 1, 2
394, 58, 1, 2
395, 58, 1, 2
396, 58, 1, 2
397, 58, 1, 2
398, 58, 1, 2
399, 58, 1, 2
400, 58, 1, 2
401, 58, 1, 2
402, 58, 1, 2
403, 58, 1, 2
404, 58, 1, 2
405, 58, 1, 2
406, 58, 1, 2
407, 58, 1, 2
408, 58, 1, 2
409, 58, 1, 2
410, 58, 1, 2
411, 58, 1, 2
412, 58, 1, 2
413, 58, 1, 2
414, 58, 1, 2
415, 58, 1, 2
416, 58, 1, 2
417, 58, 1, 2
418, 58, 1, 2
419, 58, 1, 2
420, 58, 1, 2
421, 58, 1, 2
422, 58, 1, 2
423, 58, 1, 2
424, 58, 1, 2
