Objects, 1
Object:, First Vertice:, Vertices:, First Triangle:, Triangles:
Sphere.013, 1, 215, 1, 486

Vertices, 215
Vertice:, X:, Y:, Z:
1, -0.8353525400161743, -2.0328001976013184, -0.8933092355728149
2, -0.8411458730697632, -2.0327811241149902, -0.8916351795196533
3, -0.8467477560043335, -2.03312349319458, -0.9218807220458984
4, -0.8299970626831055, -2.0328314304351807, -0.8960812091827393
5, -0.8252854347229004, -2.03287410736084, -0.8998445272445679
6, -0.8213983774185181, -2.032926321029663, -0.9044547080993652
7, -0.8184857368469238, -2.0329861640930176, -0.9097347259521484
8, -0.8166589736938477, -2.033051013946533, -0.915481448173523
9, -0.8159886598587036, -2.033118963241577, -0.9214740991592407
10, -0.8165003061294556, -2.033186912536621, -0.9274823665618896
11, -0.8181743621826172, -2.033252477645874, -0.9332754611968994
12, -0.820946455001831, -2.033313035964966, -0.9386304616928101
13, -0.8247102499008179, -2.0333664417266846, -0.943341851234436
14, -0.8293207883834839, -2.0334103107452393, -0.9472285509109497
15, -0.8346010446548462, -2.0334432125091553, -0.9501409530639648
16, -0.8403481245040894, -2.033463954925537, -0.951967716217041
17, -0.8463411331176758, -2.0334715843200684, -0.9526379108428955
18, -0.8523497581481934, -2.033465623855591, -0.9521263837814331
19, -0.8581432104110718, -2.033446788787842, -0.950452446937561
20, -0.8634985685348511, -2.0334153175354004, -0.9476803541183472
21, -0.8682103157043457, -2.0333728790283203, -0.943916916847229
22, -0.8720972537994385, -2.033320665359497, -0.9393066167831421
23, -0.8750098943710327, -2.0332608222961426, -0.9340265989303589
24, -0.8768366575241089, -2.033195734024048, -0.9282799959182739
25, -0.8775069713592529, -2.033128023147583, -0.9222874641418457
26, -0.876995325088501, -2.033060073852539, -0.9162791967391968
27, -0.8753212690353394, -2.032994508743286, -0.9104862213134766
28, -0.8725490570068359, -2.0329339504241943, -0.9051311016082764
29, -0.8687852621078491, -2.0328805446624756, -0.9004195928573608
30, -0.8641748428344727, -2.032836675643921, -0.8965328931808472
31, -0.8588944673538208, -2.032803773880005, -0.8936203718185425
32, -0.8531475067138672, -2.032783031463623, -0.8917938470840454
33, -0.8471544981002808, -2.032775402069092, -0.8911235332489014
34, -0.8480992317199707, -2.0131382942199707, -0.9157527685165405
35, -0.8484096527099609, -2.013139247894287, -0.9158515930175781
36, -0.8496484756469727, -2.0133914947509766, -0.9153544902801514
37, -0.8480474948883057, -2.0131163597106934, -0.9159961938858032
38, -0.8539663553237915, -2.0149857997894287, -0.9115852117538452
39, -0.8556002378463745, -2.0150015354156494, -0.9129625558853149
40, -0.8564718961715698, -2.01544189453125, -0.9126099348068237
41, -0.8520445823669434, -2.0139882564544678, -0.9143921136856079
42, -0.8527157306671143, -2.0132391452789307, -0.924670934677124
43, -0.8527302742004395, -2.0132386684417725, -0.9246252775192261
44, -0.8526676893234253, -2.0132336616516113, -0.9246501922607422
45, -0.8441828489303589, -2.013277530670166, -0.9280737638473511
46, -0.8441410064697266, -2.013277292251587, -0.9280505180358887
47, -0.8421019315719604, -2.013803720474243, -0.9288578033447266
48, -0.8442034721374512, -2.0132718086242676, -0.9280257225036621
49, -0.8270003795623779, -2.0224671363830566, -0.934822678565979
50, -0.8271592855453491, -2.022310256958008, -0.9347211122512817
51, -0.8269833326339722, -2.0224668979644775, -0.9347896575927734
52, -0.8318502902984619, -2.0183041095733643, -0.9328955411911011
53, -0.8340470790863037, -2.015098810195923, -0.9215576648712158
54, -0.8342846632003784, -2.0150747299194336, -0.9194339513778687
55, -0.8286540508270264, -2.0181376934051514, -0.9182018041610718
56, -0.8413947820663452, -2.0131685733795166, -0.9184263944625854
57, -0.8412374258041382, -2.013171672821045, -0.9187116622924805
58, -0.841599702835083, -2.0131454467773438, -0.918567419052124
59, -0.8699682950973511, -2.0271966457366943, -0.9068715572357178
60, -0.8661031723022461, -2.0221714973449707, -0.9086925983428955
61, -0.8676213026046753, -2.0240793228149414, -0.9080654382705688
62, -0.8678133487701416, -2.0240819454193115, -0.9083060026168823
63, -0.8374109268188477, -2.015202283859253, -0.9307129383087158
64, -0.8376196622848511, -2.0152053833007812, -0.9309741258621216
65, -0.8382184505462646, -2.0149450302124023, -0.9303938150405884
66, -0.8269522190093994, -2.022507429122925, -0.9348015785217285
67, -0.8269510269165039, -2.0225090980529785, -0.9348019361495972
68, -0.8698982000350952, -2.022273540496826, -0.9177157878875732
69, -0.8698879480361938, -2.022273302078247, -0.9176799058914185
70, -0.8697118759155273, -2.022118330001831, -0.9177519083023071
71, -0.8652447462081909, -2.018183946609497, -0.9222943782806396
72, -0.8650209903717041, -2.0181543827056885, -0.9196676015853882
73, -0.8594887256622314, -2.015106678009033, -0.9222531318664551
74, -0.8594602346420288, -2.0151028633117676, -0.9219200611114502
75, -0.8586527109146118, -2.01485276222229, -0.9222449064254761
76, -0.854769229888916, -2.013746500015259, -0.9238063097000122
77, -0.8376026153564453, -2.0140535831451416, -0.9201513528823853
78, -0.8448235988616943, -2.0130271911621094, -0.9172830581665039
79, -0.839998722076416, -2.013434886932373, -0.9192028045654297
80, -0.8512634038925171, -2.0131449699401855, -0.9252113103866577
81, -0.8235273361206055, -2.0275378227233887, -0.9370201826095581
82, -0.8258746862411499, -2.023926019668579, -0.9352152347564697
83, -0.8255234956741333, -2.024388074874878, -0.9353500604629517
84, -0.8282508850097656, -2.0181784629821777, -0.9218052625656128
85, -0.8284180164337158, -2.018200635910034, -0.9237675666809082
86, -0.8331754207611084, -2.015547037124634, -0.9219001531600952
87, -0.8612291812896729, -2.018052577972412, -0.9106830358505249
88, -0.848435640335083, -2.0130667686462402, -0.9263401031494141
89, -0.8492774963378906, -2.0130717754364014, -0.9260042905807495
90, -0.8600000143051147, -2.0180351734161377, -0.9091442823410034
91, -0.844341516494751, -2.0131418704986572, -0.9160728454589844
92, -0.8455648422241211, -2.0131378173828125, -0.9157193899154663
93, -0.8444273471832275, -2.014962911605835, -0.90955650806427
94, -0.8420276641845703, -2.0149707794189453, -0.9102499485015869
95, -0.8433791399002075, -2.017975330352783, -0.9038618803024292
96, -0.8398952484130859, -2.01798677444458, -0.9048683643341064
97, -0.8424602746963501, -2.0220601558685303, -0.8988540172576904
98, -0.8380262851715088, -2.0220746994018555, -0.9001353979110718
99, -0.8417061567306519, -2.0270590782165527, -0.8947255611419678
100, -0.8364921808242798, -2.027076244354248, -0.8962321281433105
101, -0.847113847732544, -2.0270540714263916, -0.8942650556564331
102, -0.8470590114593506, -2.0220558643341064, -0.8984624147415161
103, -0.8469923734664917, -2.017971992492676, -0.9035540819168091
104, -0.8469163179397583, -2.014960527420044, -0.9093445539474487
105, -0.8468337059020996, -2.013136625289917, -0.9156112670898438
106, -0.8493986129760742, -2.0149636268615723, -0.9096221923828125
107, -0.8505960702896118, -2.0179765224456787, -0.9039572477340698
108, -0.8516459465026855, -2.022061586380005, -0.8989754915237427
109, -0.852507472038269, -2.0270607471466064, -0.8948683738708496
110, -0.8576796054840088, -2.0270793437957764, -0.8965121507644653
111, -0.8560445308685303, -2.0220773220062256, -0.9003733396530151
112, -0.8540521860122681, -2.017988920211792, -0.9050556421279907
113, -0.8517791032791138, -2.01497220993042, -0.9103790521621704
114, -0.8572274446487427, -2.0180087089538574, -0.9068071842193604
115, -0.8600858449935913, -2.0221025943756104, -0.9026025533676147
116, -0.8624316453933716, -2.027109146118164, -0.899133563041687
117, -0.8665810823440552, -2.027148723602295, -0.9026312828063965
118, -0.8636146783828735, -2.0221362113952637, -0.905577540397644
119, -0.8724632263183594, -2.0272512435913086, -0.9116910696029663
120, -0.8739697933197021, -2.0273101329803467, -0.9169045686721802
121, -0.8744304180145264, -2.027371406555176, -0.9223119020462036
122, -0.8702898025512695, -2.0223257541656494, -0.9223141670227051
123, -0.8592110872268677, -2.015134811401367, -0.9247353076934814
124, -0.8648415803909302, -2.0182249546051025, -0.9258978366851807
125, -0.8697768449783325, -2.0223774909973145, -0.9269008636474609
126, -0.8738269805908203, -2.027432441711426, -0.9277051687240601
127, -0.872183084487915, -2.0274908542633057, -0.9328770637512207
128, -0.868378758430481, -2.0224273204803467, -0.931299090385437
129, -0.8637431859970093, -2.018263816833496, -0.9293538331985474
130, -0.8584543466567993, -2.0151615142822266, -0.9271156787872314
131, -0.8521007299423218, -2.013251781463623, -0.9257857799530029
132, -0.8572479486465454, -2.015186309814453, -0.9293026924133301
133, -0.8619915246963501, -2.0182998180389404, -0.9325289726257324
134, -0.8661494255065918, -2.022473096847534, -0.935340166091919
135, -0.8695616722106934, -2.0275447368621826, -0.9376287460327148
136, -0.8660635948181152, -2.0275917053222656, -0.9417779445648193
137, -0.8631744384765625, -2.022512912750244, -0.9388686418533325
138, -0.8596541881561279, -2.018331289291382, -0.9353011846542358
139, -0.8556379079818726, -2.0152080059051514, -0.931212306022644
140, -0.8512798547744751, -2.0132627487182617, -0.9267593622207642
141, -0.8502849340438843, -2.0132718086242676, -0.9275540113449097
142, -0.8536862134933472, -2.015225648880005, -0.9327712059020996
143, -0.856820821762085, -2.0183568000793457, -0.9375643730163574
144, -0.8595682382583618, -2.022545576095581, -0.9417492151260376
145, -0.8618230819702148, -2.027630090713501, -0.9451647996902466
146, -0.8570033311843872, -2.027658224105835, -0.9476596117019653
147, -0.8554693460464478, -2.0225696563720703, -0.9438705444335938
148, -0.853600263595581, -2.0183756351470947, -0.9392311573028564
149, -0.8514678478240967, -2.0152385234832764, -0.9339194297790527
150, -0.8491541147232056, -2.0132784843444824, -0.9281394481658936
151, -0.8479306697845459, -2.013282299041748, -0.9284927845001221
152, -0.8490681648254395, -2.0152463912963867, -0.9346127510070801
153, -0.850116491317749, -2.0183870792388916, -0.9402379989624023
154, -0.8510353565216064, -2.0225839614868164, -0.9451519250869751
155, -0.8517893552780151, -2.027675151824951, -0.9491661787033081
156, -0.8463819026947021, -2.0276803970336914, -0.9496266841888428
157, -0.846436619758606, -2.0225884914398193, -0.9455434083938599
158, -0.8465032577514648, -2.018390655517578, -0.9405455589294434
159, -0.8465793132781982, -2.0152487754821777, -0.9348247051239014
160, -0.8466619253158569, -2.0132834911346436, -0.9286010265350342
161, -0.8453963994979858, -2.013282060623169, -0.9284594058990479
162, -0.8440970182418823, -2.0152456760406494, -0.9345471858978271
163, -0.8428994417190552, -2.018386125564575, -0.9401425123214722
164, -0.841849684715271, -2.022582769393921, -0.9450304508209229
165, -0.840988278388977, -2.0276737213134766, -0.9490234851837158
166, -0.8358160257339478, -2.0276551246643066, -0.9473795890808105
167, -0.8374511003494263, -2.022566795349121, -0.9436324834823608
168, -0.8394434452056885, -2.018373727798462, -0.9390441179275513
169, -0.8417165279388428, -2.0152370929718018, -0.9337903261184692
170, -0.839529275894165, -2.015223503112793, -0.9325840473175049
171, -0.8362680673599243, -2.0183537006378174, -0.9372924566268921
172, -0.8334097862243652, -2.0225417613983154, -0.9414033889770508
173, -0.8310638666152954, -2.027625322341919, -0.9447582960128784
174, -0.8269145488739014, -2.027585744857788, -0.9412604570388794
175, -0.829880952835083, -2.022507905960083, -0.938428521156311
176, -0.8334956169128418, -2.018327236175537, -0.934955358505249
177, -0.8210324048995972, -2.0274832248687744, -0.9322007894515991
178, -0.8195258378982544, -2.0274243354797363, -0.9269871711730957
179, -0.8190652132034302, -2.0273630619049072, -0.9215798377990723
180, -0.823718786239624, -2.0222666263580322, -0.9171051979064941
181, -0.823205828666687, -2.0223186016082764, -0.9216917753219604
182, -0.8196685314178467, -2.0273020267486572, -0.9161866903305054
183, -0.821312427520752, -2.0272436141967773, -0.9110147953033447
184, -0.8251168727874756, -2.022216796875, -0.9127068519592285
185, -0.8297524452209473, -2.0180985927581787, -0.9147459268569946
186, -0.8350414037704468, -2.015047788619995, -0.9170536994934082
187, -0.8362476825714111, -2.0150229930877686, -0.9148664474487305
188, -0.8315041065216064, -2.0180628299713135, -0.9115707874298096
189, -0.8273460865020752, -2.0221712589263916, -0.908665657043457
190, -0.8239339590072632, -2.0271897315979004, -0.9062631130218506
191, -0.8274321556091309, -2.0271427631378174, -0.9021137952804565
192, -0.830321192741394, -2.0221312046051025, -0.9051371812820435
193, -0.8338414430618286, -2.018031358718872, -0.9087984561920166
194, -0.837857723236084, -2.0150015354156494, -0.912956953048706
195, -0.8422156572341919, -2.013157367706299, -0.9174529314041138
196, -0.8432105779647827, -2.013148546218872, -0.9166581630706787
197, -0.8398094177246094, -2.014983892440796, -0.91139817237854
198, -0.8366748094558716, -2.018005609512329, -0.9065355062484741
199, -0.8339272737503052, -2.0220985412597656, -0.9022568464279175
200, -0.8316724300384521, -2.027104377746582, -0.8987267017364502
201, -0.8457833528518677, -2.013032913208008, -0.9169001579284668
202, -0.843863844871521, -2.0130414962768555, -0.9176656007766724
203, -0.8468221426010132, -2.0130603313446045, -0.9164855480194092
204, -0.8713476657867432, -2.0241811275482178, -0.9170762300491333
205, -0.8501886129379272, -2.0130958557128906, -0.9256405830383301
206, -0.8475937843322754, -2.0130794048309326, -0.9266756772994995
207, -0.8466825485229492, -2.0131115913391113, -0.9270387887954712
208, -0.8456077575683594, -2.0131704807281494, -0.9274667501449585
209, -0.8220521211624146, -2.0242884159088135, -0.926554799079895
210, -0.8220258951187134, -2.024285078048706, -0.9262480735778809
211, -0.8403258323669434, -2.0133655071258545, -0.9190729856491089
212, -0.8428250551223755, -2.013078451156616, -0.9180794954299927
213, -0.8700767755508423, -2.0241315364837646, -0.9126781225204468
214, -0.8234189748764038, -2.0243420600891113, -0.9312845468521118
215, -0.8235441446304321, -2.0223636627197266, -0.9256643056869507

Triangles, 424
Triangle:, Side1:, Side2:, Side3:
1, 1, 2, 3
2, 4, 1, 3
3, 5, 4, 3
4, 6, 5, 3
5, 7, 6, 3
6, 8, 7, 3
7, 9, 8, 3
8, 10, 9, 3
9, 11, 10, 3
10, 12, 11, 3
11, 13, 12, 3
12, 14, 13, 3
13, 15, 14, 3
14, 16, 15, 3
15, 17, 16, 3
16, 18, 17, 3
17, 19, 18, 3
18, 20, 19, 3
19, 21, 20, 3
20, 22, 21, 3
21, 23, 22, 3
22, 24, 23, 3
23, 25, 24, 3
24, 26, 25, 3
25, 27, 26, 3
26, 28, 27, 3
27, 29, 28, 3
28, 30, 29, 3
29, 31, 30, 3
30, 32, 31, 3
31, 33, 32, 3
32, 2, 33, 3
33, 34, 35, 36
34, 35, 34, 37
35, 38, 39, 40
36, 39, 38, 41
37, 42, 43, 44
38, 45, 46, 47
39, 46, 45, 48
40, 49, 50, 51
41, 52, 50, 49
42, 53, 54, 55
43, 56, 57, 58
44, 59, 60, 61
45, 62, 59, 61
46, 63, 64, 65
47, 49, 66, 67
48, 49, 51, 66
49, 68, 69, 70
50, 71, 70, 72
51, 73, 74, 75
52, 42, 76, 43
53, 53, 77, 54
54, 78, 79, 77
55, 76, 75, 74
56, 70, 80, 44
57, 81, 82, 83
58, 84, 85, 86
59, 86, 85, 78
60, 36, 87, 41
61, 88, 89, 70
62, 90, 40, 87
63, 91, 92, 93
64, 91, 93, 94
65, 94, 93, 95
66, 94, 95, 96
67, 96, 95, 97
68, 96, 97, 98
69, 98, 97, 99
70, 98, 99, 100
71, 2, 1, 100
72, 2, 100, 99
73, 99, 101, 33
74, 99, 33, 2
75, 97, 102, 101
76, 97, 101, 99
77, 95, 103, 102
78, 95, 102, 97
79, 93, 104, 103
80, 93, 103, 95
81, 92, 105, 104
82, 92, 104, 93
83, 105, 34, 106
84, 105, 106, 104
85, 104, 106, 107
86, 104, 107, 103
87, 103, 107, 108
88, 103, 108, 102
89, 102, 108, 109
90, 102, 109, 101
91, 101, 109, 32
92, 101, 32, 33
93, 109, 110, 31
94, 109, 31, 32
95, 108, 111, 110
96, 108, 110, 109
97, 107, 112, 111
98, 107, 111, 108
99, 106, 113, 112
100, 106, 112, 107
101, 34, 36, 113
102, 34, 113, 106
103, 113, 38, 114
104, 113, 114, 112
105, 112, 114, 115
106, 112, 115, 111
107, 111, 115, 116
108, 111, 116, 110
109, 110, 116, 30
110, 110, 30, 31
111, 116, 117, 29
112, 116, 29, 30
113, 115, 118, 117
114, 115, 117, 116
115, 114, 90, 118
116, 114, 118, 115
117, 38, 40, 90
118, 38, 90, 114
119, 118, 60, 59
120, 118, 59, 117
121, 117, 59, 28
122, 117, 28, 29
123, 59, 119, 27
124, 59, 27, 28
125, 119, 120, 26
126, 119, 26, 27
127, 120, 121, 25
128, 120, 25, 26
129, 68, 122, 121
130, 68, 121, 120
131, 73, 123, 124
132, 73, 124, 71
133, 71, 124, 125
134, 71, 125, 122
135, 122, 125, 126
136, 122, 126, 121
137, 121, 126, 24
138, 121, 24, 25
139, 126, 127, 23
140, 126, 23, 24
141, 125, 128, 127
142, 125, 127, 126
143, 124, 129, 128
144, 124, 128, 125
145, 123, 130, 129
146, 123, 129, 124
147, 42, 131, 132
148, 42, 132, 130
149, 130, 132, 133
150, 130, 133, 129
151, 129, 133, 134
152, 129, 134, 128
153, 128, 134, 135
154, 128, 135, 127
155, 127, 135, 22
156, 127, 22, 23
157, 135, 136, 21
158, 135, 21, 22
159, 134, 137, 136
160, 134, 136, 135
161, 133, 138, 137
162, 133, 137, 134
163, 132, 139, 138
164, 132, 138, 133
165, 131, 140, 139
166, 131, 139, 132
167, 140, 141, 142
168, 140, 142, 139
169, 139, 142, 143
170, 139, 143, 138
171, 138, 143, 144
172, 138, 144, 137
173, 137, 144, 145
174, 137, 145, 136
175, 136, 145, 20
176, 136, 20, 21
177, 145, 146, 19
178, 145, 19, 20
179, 144, 147, 146
180, 144, 146, 145
181, 143, 148, 147
182, 143, 147, 144
183, 142, 149, 148
184, 142, 148, 143
185, 141, 150, 149
186, 141, 149, 142
187, 150, 151, 152
188, 150, 152, 149
189, 149, 152, 153
190, 149, 153, 148
191, 148, 153, 154
192, 148, 154, 147
193, 147, 154, 155
194, 147, 155, 146
195, 146, 155, 18
196, 146, 18, 19
197, 155, 156, 17
198, 155, 17, 18
199, 154, 157, 156
200, 154, 156, 155
201, 153, 158, 157
202, 153, 157, 154
203, 152, 159, 158
204, 152, 158, 153
205, 151, 160, 159
206, 151, 159, 152
207, 160, 161, 162
208, 160, 162, 159
209, 159, 162, 163
210, 159, 163, 158
211, 158, 163, 164
212, 158, 164, 157
213, 157, 164, 165
214, 157, 165, 156
215, 156, 165, 16
216, 156, 16, 17
217, 165, 166, 15
218, 165, 15, 16
219, 164, 167, 166
220, 164, 166, 165
221, 163, 168, 167
222, 163, 167, 164
223, 162, 169, 168
224, 162, 168, 163
225, 161, 45, 169
226, 161, 169, 162
227, 45, 47, 170
228, 45, 170, 169
229, 169, 170, 171
230, 169, 171, 168
231, 168, 171, 172
232, 168, 172, 167
233, 167, 172, 173
234, 167, 173, 166
235, 166, 173, 14
236, 166, 14, 15
237, 173, 174, 13
238, 173, 13, 14
239, 172, 175, 174
240, 172, 174, 173
241, 171, 176, 175
242, 171, 175, 172
243, 170, 64, 176
244, 170, 176, 171
245, 176, 52, 49
246, 176, 49, 175
247, 175, 49, 81
248, 175, 81, 174
249, 174, 81, 12
250, 174, 12, 13
251, 81, 177, 11
252, 81, 11, 12
253, 177, 178, 10
254, 177, 10, 11
255, 178, 179, 9
256, 178, 9, 10
257, 84, 55, 180
258, 84, 180, 181
259, 181, 180, 182
260, 181, 182, 179
261, 179, 182, 8
262, 179, 8, 9
263, 182, 183, 7
264, 182, 7, 8
265, 180, 184, 183
266, 180, 183, 182
267, 55, 185, 184
268, 55, 184, 180
269, 54, 186, 185
270, 54, 185, 55
271, 186, 187, 188
272, 186, 188, 185
273, 185, 188, 189
274, 185, 189, 184
275, 184, 189, 190
276, 184, 190, 183
277, 183, 190, 6
278, 183, 6, 7
279, 190, 191, 5
280, 190, 5, 6
281, 189, 192, 191
282, 189, 191, 190
283, 188, 193, 192
284, 188, 192, 189
285, 187, 194, 193
286, 187, 193, 188
287, 56, 195, 194
288, 56, 194, 187
289, 195, 196, 197
290, 195, 197, 194
291, 194, 197, 198
292, 194, 198, 193
293, 193, 198, 199
294, 193, 199, 192
295, 192, 199, 200
296, 192, 200, 191
297, 191, 200, 4
298, 191, 4, 5
299, 1, 4, 200
300, 1, 200, 100
301, 199, 98, 100
302, 199, 100, 200
303, 198, 96, 98
304, 198, 98, 199
305, 197, 94, 96
306, 197, 96, 198
307, 196, 91, 94
308, 196, 94, 197
309, 91, 78, 201
310, 91, 201, 92
311, 78, 91, 196
312, 78, 196, 202
313, 105, 92, 201
314, 105, 201, 203
315, 105, 203, 37
316, 105, 37, 34
317, 38, 113, 36
318, 38, 36, 41
319, 37, 87, 36
320, 37, 36, 35
321, 41, 87, 40
322, 41, 40, 39
323, 69, 68, 120
324, 69, 120, 204
325, 122, 68, 70
326, 122, 70, 71
327, 123, 73, 75
328, 123, 75, 76
329, 130, 123, 76
330, 130, 76, 42
331, 131, 42, 44
332, 131, 44, 80
333, 140, 131, 80
334, 140, 80, 205
335, 141, 140, 205
336, 141, 205, 89
337, 151, 150, 88
338, 151, 88, 206
339, 151, 206, 207
340, 151, 207, 160
341, 161, 160, 207
342, 161, 207, 208
343, 88, 52, 207
344, 88, 207, 206
345, 161, 208, 48
346, 161, 48, 45
347, 64, 170, 47
348, 64, 47, 65
349, 48, 52, 47
350, 48, 47, 46
351, 178, 209, 210
352, 178, 210, 179
353, 55, 84, 86
354, 55, 86, 53
355, 186, 54, 77
356, 186, 77, 79
357, 187, 186, 79
358, 187, 79, 211
359, 57, 56, 187
360, 57, 187, 211
361, 195, 56, 58
362, 195, 58, 212
363, 79, 78, 58
364, 79, 58, 57
365, 196, 195, 212
366, 196, 212, 202
367, 78, 202, 212
368, 78, 212, 58
369, 60, 78, 210
370, 60, 210, 61
371, 205, 80, 70
372, 205, 70, 89
373, 49, 67, 82
374, 49, 82, 81
375, 51, 69, 82
376, 51, 82, 66
377, 90, 87, 60
378, 90, 60, 118
379, 59, 62, 213
380, 59, 213, 119
381, 61, 210, 213
382, 61, 213, 62
383, 69, 51, 50
384, 69, 50, 52
385, 213, 204, 120
386, 213, 120, 119
387, 71, 72, 74
388, 71, 74, 73
389, 70, 76, 74
390, 70, 74, 72
391, 76, 70, 44
392, 76, 44, 43
393, 141, 89, 88
394, 141, 88, 150
395, 69, 52, 88
396, 69, 88, 70
397, 64, 63, 52
398, 64, 52, 176
399, 214, 209, 178
400, 214, 178, 177
401, 179, 210, 215
402, 179, 215, 181
403, 78, 85, 215
404, 78, 215, 210
405, 181, 215, 85
406, 181, 85, 84
407, 78, 77, 53
408, 78, 53, 86
409, 203, 60, 87
410, 203, 87, 37
411, 52, 48, 208
412, 52, 208, 207
413, 204, 83, 82
414, 204, 82, 69
415, 81, 83, 214
416, 81, 214, 177
417, 209, 214, 213
418, 209, 213, 210
419, 60, 203, 201
420, 60, 201, 78
421, 52, 63, 65
422, 52, 65, 47
423, 213, 214, 83
424, 213, 83, 204

Colors, 424
Triangle:, Red:, Green:, Blue:
1, 58, 1, 2
2, 58, 1, 2
3, 58, 1, 2
4, 58, 1, 2
5, 58, 1, 2
6, 58, 1, 2
7, 58, 1, 2
8, 58, 1, 2
9, 58, 1, 2
10, 58, 1, 2
11, 58, 1, 2
12, 58, 1, 2
13, 58, 1, 2
14, 58, 1, 2
15, 58, 1, 2
16, 58, 1, 2
17, 58, 1, 2
18, 58, 1, 2
19, 58, 1, 2
20, 58, 1, 2
21, 58, 1, 2
22, 58, 1, 2
23, 58, 1, 2
24, 58, 1, 2
25, 58, 1, 2
26, 58, 1, 2
27, 58, 1, 2
28, 58, 1, 2
29, 58, 1, 2
30, 58, 1, 2
31, 58, 1, 2
32, 58, 1, 2
33, 58, 1, 2
34, 58, 1, 2
35, 58, 1, 2
36, 58, 1, 2
37, 58, 1, 2
38, 58, 1, 2
39, 58, 1, 2
40, 58, 1, 2
41, 58, 1, 2
42, 58, 1, 2
43, 58, 1, 2
44, 58, 1, 2
45, 58, 1, 2
46, 58, 1, 2
47, 58, 1, 2
48, 58, 1, 2
49, 58, 1, 2
50, 58, 1, 2
51, 58, 1, 2
52, 58, 1, 2
53, 58, 1, 2
54, 58, 1, 2
55, 58, 1, 2
56, 58, 1, 2
57, 58, 1, 2
58, 58, 1, 2
59, 58, 1, 2
60, 58, 1, 2
61, 58, 1, 2
62, 58, 1, 2
63, 58, 1, 2
64, 58, 1, 2
65, 58, 1, 2
66, 58, 1, 2
67, 58, 1, 2
68, 58, 1, 2
69, 58, 1, 2
70, 58, 1, 2
71, 58, 1, 2
72, 58, 1, 2
73, 58, 1, 2
74, 58, 1, 2
75, 58, 1, 2
76, 58, 1, 2
77, 58, 1, 2
78, 58, 1, 2
79, 58, 1, 2
80, 58, 1, 2
81, 58, 1, 2
82, 58, 1, 2
83, 58, 1, 2
84, 58, 1, 2
85, 58, 1, 2
86, 58, 1, 2
87, 58, 1, 2
88, 58, 1, 2
89, 58, 1, 2
90, 58, 1, 2
91, 58, 1, 2
92, 58, 1, 2
93, 58, 1, 2
94, 58, 1, 2
95, 58, 1, 2
96, 58, 1, 2
97, 58, 1, 2
98, 58, 1, 2
99, 58, 1, 2
100, 58, 1, 2
101, 58, 1, 2
102, 58, 1, 2
103, 58, 1, 2
104, 58, 1, 2
105, 58, 1, 2
106, 58, 1, 2
107, 58, 1, 2
108, 58, 1, 2
109, 58, 1, 2
110, 58, 1, 2
111, 58, 1, 2
112, 58, 1, 2
113, 58, 1, 2
114, 58, 1, 2
115, 58, 1, 2
116, 58, 1, 2
117, 58, 1, 2
118, 58, 1, 2
119, 58, 1, 2
120, 58, 1, 2
121, 58, 1, 2
122, 58, 1, 2
123, 58, 1, 2
124, 58, 1, 2
125, 58, 1, 2
126, 58, 1, 2
127, 58, 1, 2
128, 58, 1, 2
129, 58, 1, 2
130, 58, 1, 2
131, 58, 1, 2
132, 58, 1, 2
133, 58, 1, 2
134, 58, 1, 2
135, 58, 1, 2
136, 58, 1, 2
137, 58, 1, 2
138, 58, 1, 2
139, 58, 1, 2
140, 58, 1, 2
141, 58, 1, 2
142, 58, 1, 2
143, 58, 1, 2
144, 58, 1, 2
145, 58, 1, 2
146, 58, 1, 2
147, 58, 1, 2
148, 58, 1, 2
149, 58, 1, 2
150, 58, 1, 2
151, 58, 1, 2
152, 58, 1, 2
153, 58, 1, 2
154, 58, 1, 2
155, 58, 1, 2
156, 58, 1, 2
157, 58, 1, 2
158, 58, 1, 2
159, 58, 1, 2
160, 58, 1, 2
161, 58, 1, 2
162, 58, 1, 2
163, 58, 1, 2
164, 58, 1, 2
165, 58, 1, 2
166, 58, 1, 2
167, 58, 1, 2
168, 58, 1, 2
169, 58, 1, 2
170, 58, 1, 2
171, 58, 1, 2
172, 58, 1, 2
173, 58, 1, 2
174, 58, 1, 2
175, 58, 1, 2
176, 58, 1, 2
177, 58, 1, 2
178, 58, 1, 2
179, 58, 1, 2
180, 58, 1, 2
181, 58, 1, 2
182, 58, 1, 2
183, 58, 1, 2
184, 58, 1, 2
185, 58, 1, 2
186, 58, 1, 2
187, 58, 1, 2
188, 58, 1, 2
189, 58, 1, 2
190, 58, 1, 2
191, 58, 1, 2
192, 58, 1, 2
193, 58, 1, 2
194, 58, 1, 2
195, 58, 1, 2
196, 58, 1, 2
197, 58, 1, 2
198, 58, 1, 2
199, 58, 1, 2
200, 58, 1, 2
201, 58, 1, 2
202, 58, 1, 2
203, 58, 1, 2
204, 58, 1, 2
205, 58, 1, 2
206, 58, 1, 2
207, 58, 1, 2
208, 58, 1, 2
209, 58, 1, 2
210, 58, 1, 2
211, 58, 1, 2
212, 58, 1, 2
213, 58, 1, 2
214, 58, 1, 2
215, 58, 1, 2
216, 58, 1, 2
217, 58, 1, 2
218, 58, 1, 2
219, 58, 1, 2
220, 58, 1, 2
221, 58, 1, 2
222, 58, 1, 2
223, 58, 1, 2
224, 58, 1, 2
225, 58, 1, 2
226, 58, 1, 2
227, 58, 1, 2
228, 58, 1, 2
229, 58, 1, 2
230, 58, 1, 2
231, 58, 1, 2
232, 58, 1, 2
233, 58, 1, 2
234, 58, 1, 2
235, 58, 1, 2
236, 58, 1, 2
237, 58, 1, 2
238, 58, 1, 2
239, 58, 1, 2
240, 58, 1, 2
241, 58, 1, 2
242, 58, 1, 2
243, 58, 1, 2
244, 58, 1, 2
245, 58, 1, 2
246, 58, 1, 2
247, 58, 1, 2
248, 58, 1, 2
249, 58, 1, 2
250, 58, 1, 2
251, 58, 1, 2
252, 58, 1, 2
253, 58, 1, 2
254, 58, 1, 2
255, 58, 1, 2
256, 58, 1, 2
257, 58, 1, 2
258, 58, 1, 2
259, 58, 1, 2
260, 58, 1, 2
261, 58, 1, 2
262, 58, 1, 2
263, 58, 1, 2
264, 58, 1, 2
265, 58, 1, 2
266, 58, 1, 2
267, 58, 1, 2
268, 58, 1, 2
269, 58, 1, 2
270, 58, 1, 2
271, 58, 1, 2
272, 58, 1, 2
273, 58, 1, 2
274, 58, 1, 2
275, 58, 1, 2
276, 58, 1, 2
277, 58, 1, 2
278, 58, 1, 2
279, 58, 1, 2
280, 58, 1, 2
281, 58, 1, 2
282, 58, 1, 2
283, 58, 1, 2
284, 58, 1, 2
285, 58, 1, 2
286, 58, 1, 2
287, 58, 1, 2
288, 58, 1, 2
289, 58, 1, 2
290, 58, 1, 2
291, 58, 1, 2
292, 58, 1, 2
293, 58, 1, 2
294, 58, 1, 2
295, 58, 1, 2
296, 58, 1, 2
297, 58, 1, 2
298, 58, 1, 2
299, 58, 1, 2
300, 58, 1, 2
301, 58, 1, 2
302, 58, 1, 2
303, 58, 1, 2
304, 58, 1, 2
305, 58, 1, 2
306, 58, 1, 2
307, 58, 1, 2
308, 58, 1, 2
309, 58, 1, 2
310, 58, 1, 2
311, 58, 1, 2
312, 58, 1, 2
313, 58, 1, 2
314, 58, 1, 2
315, 58, 1, 2
316, 58, 1, 2
317, 58, 1, 2
318, 58, 1, 2
319, 58, 1, 2
320, 58, 1, 2
321, 58, 1, 2
322, 58, 1, 2
323, 58, 1, 2
324, 58, 1, 2
325, 58, 1, 2
326, 58, 1, 2
327, 58, 1, 2
328, 58, 1, 2
329, 58, 1, 2
330, 58, 1, 2
331, 58, 1, 2
332, 58, 1, 2
333, 58, 1, 2
334, 58, 1, 2
335, 58, 1, 2
336, 58, 1, 2
337, 58, 1, 2
338, 58, 1, 2
339, 58, 1, 2
340, 58, 1, 2
341, 58, 1, 2
342, 58, 1, 2
343, 58, 1, 2
344, 58, 1, 2
345, 58, 1, 2
346, 58, 1, 2
347, 58, 1, 2
348, 58, 1, 2
349, 58, 1, 2
350, 58, 1, 2
351, 58, 1, 2
352, 58, 1, 2
353, 58, 1, 2
354, 58, 1, 2
355, 58, 1, 2
356, 58, 1, 2
357, 58, 1, 2
358, 58, 1, 2
359, 58, 1, 2
360, 58, 1, 2
361, 58, 1, 2
362, 58, 1, 2
363, 58, 1, 2
364, 58, 1, 2
365, 58, 1, 2
366, 58, 1, 2
367, 58, 1, 2
368, 58, 1, 2
369, 58, 1, 2
370, 58, 1, 2
371, 58, 1, 2
372, 58, 1, 2
373, 58, 1, 2
374, 58, 1, 2
375, 58, 1, 2
376, 58, 1, 2
377, 58, 1, 2
378, 58, 1, 2
379, 58, 1, 2
380, 58, 1, 2
381, 58, 1, 2
382, 58, 1, 2
383, 58, 1, 2
384, 58, 1, 2
385, 58, 1, 2
386, 58, 1, 2
387, 58, 1, 2
388, 58, 1, 2
389, 58, 1, 2
390, 58, 1, 2
391, 58, 1, 2
392, 58, 1, 2
393, 58, 1, 2
394, 58, 1, 2
395, 58, 1, 2
396, 58, 1, 2
397, 58, 1, 2
398, 58, 1, 2
399, 58, 1, 2
400, 58, 1, 2
401, 58, 1, 2
402, 58, 1, 2
403, 58, 1, 2
404, 58, 1, 2
405, 58, 1, 2
406, 58, 1, 2
407, 58, 1, 2
408, 58, 1, 2
409, 58, 1, 2
410, 58, 1, 2
411, 58, 1, 2
412, 58, 1, 2
413, 58, 1, 2
414, 58, 1, 2
415, 58, 1, 2
416, 58, 1, 2
417, 58, 1, 2
418, 58, 1, 2
419, 58, 1, 2
420, 58, 1, 2
421, 58, 1, 2
422, 58, 1, 2
423, 58, 1, 2
424, 58, 1, 2
