Objects, 1
Object:, First Vertice:, Vertices:, First Triangle:, Triangles:
Mesh.001, 1, 218, 1, 372

Vertices, 218
Vertice:, X:, Y:, Z:
1, 0.13897252082824707, -2.0191538333892822, -0.6488505601882935
2, 0.11751699447631836, -2.0191538333892822, -0.6783815622329712
3, 0.11719584465026855, -2.0191538333892822, -0.6781182289123535
4, -0.01881498098373413, -2.0191538333892822, -0.5955930352210999
5, -0.01881498098373413, -2.0191538333892822, -0.6314941048622131
6, -0.019222497940063477, -2.0191538333892822, -0.6314539909362793
7, -0.18272578716278076, -2.0191540718078613, -1.0812116861343384
8, -0.16126972436904907, -2.0191540718078613, -1.0516802072525024
9, -0.1609487533569336, -2.0191540718078613, -1.0519436597824097
10, -0.019601643085479736, -2.0191538333892822, -0.6314166784286499
11, -0.01961684226989746, -2.0191538333892822, -0.6314151287078857
12, 0.23532068729400635, -2.0191540718078613, -0.784682035446167
13, 0.20037734508514404, -2.0191540718078613, -0.796035647392273
14, 0.2003307342529297, -2.0191540718078613, -0.7958815097808838
15, -0.27718180418014526, -2.0191540718078613, -0.778857946395874
16, -0.24235284328460693, -2.0191540718078613, -0.7901747226715088
17, -0.2424284815788269, -2.0191540718078613, -0.7904242277145386
18, 0.23342835903167725, -2.0191543102264404, -0.9512038230895996
19, 0.1985992193222046, -2.0191543102264404, -0.939887285232544
20, 0.19867491722106934, -2.0191543102264404, -0.9396377801895142
21, -0.27907413244247437, -2.0191540718078613, -0.784682035446167
22, -0.24413079023361206, -2.0191540718078613, -0.796035885810852
23, -0.24413079023361206, -2.0201714038848877, -0.796035885810852
24, 0.1340179443359375, -2.0191545486450195, -1.0848106145858765
25, 0.11277461051940918, -2.0191545486450195, -1.0555715560913086
26, 0.11309921741485596, -2.0191545486450195, -1.0553052425384521
27, -0.1777716875076294, -2.0191540718078613, -0.6452509760856628
28, -0.15652823448181152, -2.0191540718078613, -0.6744898557662964
29, -0.15685278177261353, -2.0191540718078613, -0.6747561693191528
30, 0.13897240161895752, -2.0191543102264404, -1.0812113285064697
31, 0.11751663684844971, -2.0201611518859863, -1.051680088043213
32, 0.11751663684844971, -2.0202062129974365, -1.051680088043213
33, 0.11751663684844971, -2.0191543102264404, -1.051680088043213
34, 0.11751663684844971, -2.0201542377471924, -1.051680088043213
35, 0.20037734508514404, -2.0191543102264404, -0.9340262413024902
36, 0.23532068729400635, -2.0191543102264404, -0.9453799724578857
37, 0.20037734508514404, -2.0202131271362305, -0.9340262413024902
38, 0.11277496814727783, -2.020195484161377, -0.6744899749755859
39, 0.13401854038238525, -2.0191538333892822, -0.6452510952949524
40, 0.11277496814727783, -2.0191538333892822, -0.6744899749755859
41, -0.024938464164733887, -2.0191538333892822, -0.5955926775932312
42, -0.024938523769378662, -2.0191538333892822, -0.6314941048622131
43, -0.024938523769378662, -2.020188331604004, -0.6314941048622131
44, 0.1134345531463623, -2.0191545486450195, -1.0550298690795898
45, -0.1612701416015625, -2.0202059745788574, -0.6783812642097473
46, -0.182725727558136, -2.0191540718078613, -0.64885014295578
47, -0.1612701416015625, -2.0191540718078613, -0.6783812642097473
48, -0.24235284328460693, -2.0266482830047607, -0.7901748418807983
49, -0.24413079023361206, -2.0266482830047607, -0.796035885810852
50, 0.20025122165679932, -2.0266482830047607, -0.9344416856765747
51, 0.1985992193222046, -2.0265963077545166, -0.939887285232544
52, -0.16094881296157837, -2.0266480445861816, -1.0519436597824097
53, -0.16061782836914062, -2.0266480445861816, -1.0522152185440063
54, -0.2441306710243225, -2.0191540718078613, -0.9340265989303589
55, -0.24389028549194336, -2.0191540718078613, -0.9348189830780029
56, -0.27907419204711914, -2.0191540718078613, -0.9453803300857544
57, -0.021876931190490723, -2.0191538333892822, -0.6311925649642944
58, 0.20026063919067383, -2.0266482830047607, -0.9344103336334229
59, -0.24413079023361206, -2.0202128887176514, -0.796035885810852
60, 0.20037734508514404, -2.0266480445861816, -0.796035647392273
61, 0.1985994577407837, -2.0266480445861816, -0.7901746034622192
62, -0.15652823448181152, -2.0266482830047607, -0.6744898557662964
63, -0.1612701416015625, -2.0266482830047607, -0.6783812642097473
64, -0.024938464164733887, -2.0266480445861816, -0.5955926775932312
65, -0.01881498098373413, -2.0266480445861816, -0.5955930352210999
66, 0.13897252082824707, -2.0266478061676025, -0.6488505601882935
67, 0.13401854038238525, -2.0266478061676025, -0.6452510952949524
68, -0.17777174711227417, -2.0266482830047607, -1.0848112106323242
69, -0.18272578716278076, -2.0266480445861816, -1.0812116861343384
70, 0.2334284782409668, -2.0266480445861816, -0.7788580656051636
71, 0.23532068729400635, -2.0266480445861816, -0.7846815586090088
72, -0.27718180418014526, -2.0266482830047607, -0.9512042999267578
73, -0.27907419204711914, -2.0266482830047607, -0.9453803300857544
74, 0.23532068729400635, -2.0266482830047607, -0.9453799724578857
75, 0.23342835903167725, -2.0266482830047607, -0.9512038230895996
76, -0.2790740728378296, -2.0266482830047607, -0.784682035446167
77, -0.27718180418014526, -2.0266482830047607, -0.778857946395874
78, 0.13897240161895752, -2.026648759841919, -1.0812114477157593
79, 0.1340179443359375, -2.026648759841919, -1.0848106145858765
80, -0.182725727558136, -2.0266482830047607, -0.6488502025604248
81, -0.1777716875076294, -2.0266482830047607, -0.6452509760856628
82, -0.01881498098373413, -2.0266480445861816, -0.6314941048622131
83, 0.11277496814727783, -2.0266478061676025, -0.6744899749755859
84, -0.2423526644706726, -2.0266482830047607, -0.9398874044418335
85, -0.27718180418014526, -2.0191540718078613, -0.9512041807174683
86, 0.20037734508514404, -2.0266482830047607, -0.9340262413024902
87, -0.2423526644706726, -2.0191540718078613, -0.9398874044418335
88, -0.2441306710243225, -2.026606798171997, -0.9340265989303589
89, -0.024938523769378662, -2.0266480445861816, -0.6314941048622131
90, 0.11277461051940918, -2.026648759841919, -1.0555715560913086
91, 0.11751663684844971, -2.026648759841919, -1.051680088043213
92, -0.1565280556678772, -2.0266482830047607, -1.055571436882019
93, -0.17777174711227417, -2.0191540718078613, -1.0848112106323242
94, -0.019222497940063477, -2.0266480445861816, -0.6314539909362793
95, 0.1985994577407837, -2.0191540718078613, -0.7901747226715088
96, -0.16126978397369385, -2.0266480445861816, -1.0516802072525024
97, -0.021876931190490723, -2.0266480445861816, -0.6311925649642944
98, -0.022494077682495117, -2.0266480445861816, -1.0925862789154053
99, -0.022494077682495117, -2.0191538333892822, -1.0925862789154053
100, -0.025148451328277588, -2.0266480445861816, -1.0923247337341309
101, -0.025555968284606934, -2.0191538333892822, -1.0922846794128418
102, -0.025555968284606934, -2.0266480445861816, -1.0922846794128418
103, -0.019432425498962402, -2.0266480445861816, -1.1281859874725342
104, -0.019432425498962402, -2.0191538333892822, -1.1281859874725342
105, -0.019432425498962402, -2.0266480445861816, -1.0922846794128418
106, -0.025555968284606934, -2.0266480445861816, -1.128185749053955
107, -0.025555968284606934, -2.0191538333892822, -1.128185749053955
108, -0.019432425498962402, -2.0191538333892822, -1.0922846794128418
109, -0.019432425498962402, -2.020188331604004, -1.0922846794128418
110, -0.024769365787506104, -2.0191538333892822, -1.0923621654510498
111, -0.025148451328277588, -2.0191538333892822, -1.0923247337341309
112, -0.02475416660308838, -2.0191538333892822, -1.0923635959625244
113, -0.15498006343841553, -2.0237929821014404, -0.8388655185699463
114, -0.14518004655838013, -2.0237929821014404, -0.8304654359817505
115, -0.14518004655838013, -2.0237929821014404, -0.8986655473709106
116, -0.16238003969192505, -2.0237929821014404, -0.8304654359817505
117, -0.16571974754333496, -2.0237929821014404, -0.8306159973144531
118, -0.1688309907913208, -2.0237929821014404, -0.8310608863830566
119, -0.17170196771621704, -2.0237929821014404, -0.831790566444397
120, -0.17432081699371338, -2.0237929821014404, -0.8327950239181519
121, -0.17667579650878906, -2.0237929821014404, -0.8340649604797363
122, -0.17875510454177856, -2.0237929821014404, -0.8355904817581177
123, -0.18054687976837158, -2.0237929821014404, -0.8373618125915527
124, -0.16128009557724, -2.0237929821014404, -0.8388655185699463
125, -0.1820393204689026, -2.0237929821014404, -0.8393691778182983
126, -0.15498006343841553, -2.0237929821014404, -0.8602654933929443
127, -0.16353744268417358, -2.0237929821014404, -0.8389459848403931
128, -0.16556435823440552, -2.0237929821014404, -0.839184045791626
129, -0.1673675775527954, -2.0237929821014404, -0.8395748138427734
130, -0.18322068452835083, -2.0237929821014404, -0.8416030406951904
131, -0.16895419359207153, -2.0237929821014404, -0.8401135206222534
132, -0.17033100128173828, -2.0237929821014404, -0.8407953977584839
133, -0.17150509357452393, -2.0237929821014404, -0.8416154384613037
134, -0.18407917022705078, -2.0237929821014404, -0.8440535068511963
135, -0.17248326539993286, -2.0237929821014404, -0.8425688743591309
136, -0.1732727289199829, -2.0237929821014404, -0.8436506986618042
137, -0.17388004064559937, -2.0237929821014404, -0.8448561429977417
138, -0.18460297584533691, -2.0237929821014404, -0.8467108011245728
139, -0.17431247234344482, -2.0237929821014404, -0.8461803197860718
140, -0.17457687854766846, -2.0237929821014404, -0.8476184606552124
141, -0.1847800612449646, -2.0237929821014404, -0.8495655059814453
142, -0.1746801733970642, -2.0237929821014404, -0.8491655588150024
143, -0.17463791370391846, -2.0237929821014404, -0.8505812883377075
144, -0.18469518423080444, -2.0237929821014404, -0.8514982461929321
145, -0.17445141077041626, -2.0237929821014404, -0.8519668579101562
146, -0.1844426393508911, -2.0237929821014404, -0.853344202041626
147, -0.17410504817962646, -2.0237929821014404, -0.8533045053482056
148, -0.1735837459564209, -2.0237929821014404, -0.854576587677002
149, -0.18402546644210815, -2.0237929821014404, -0.8550999164581299
150, -0.17287224531173706, -2.0237929821014404, -0.8557653427124023
151, -0.1834467649459839, -2.0237929821014404, -0.8567618131637573
152, -0.17195504903793335, -2.0237929821014404, -0.8568530082702637
153, -0.18270981311798096, -2.0237929821014404, -0.8583265542984009
154, -0.17081713676452637, -2.0237929821014404, -0.8578219413757324
155, -0.1694430112838745, -2.0237929821014404, -0.8586543798446655
156, -0.18181753158569336, -2.0237929821014404, -0.859790563583374
157, -0.16781765222549438, -2.0237929821014404, -0.8593326807022095
158, -0.1659255027770996, -2.0237929821014404, -0.8598390817642212
159, -0.1807733178138733, -2.0237929821014404, -0.8611503839492798
160, -0.16375142335891724, -2.0237929821014404, -0.8601559400558472
161, -0.16128009557724, -2.0237929821014404, -0.8602654933929443
162, -0.15498006343841553, -2.0237929821014404, -0.869065523147583
163, -0.17958009243011475, -2.0237929821014404, -0.8624025583267212
164, -0.17824095487594604, -2.0237929821014404, -0.8635436296463013
165, -0.1767592430114746, -2.0237929821014404, -0.864570140838623
166, -0.17513787746429443, -2.0237929821014404, -0.8654786348342896
167, -0.1733800172805786, -2.0237929821014404, -0.8662654161453247
168, -0.17488229274749756, -2.0237929821014404, -0.8673363924026489
169, -0.17629772424697876, -2.0237929821014404, -0.8684989213943481
170, -0.15908002853393555, -2.0237929821014404, -0.869065523147583
171, -0.160314679145813, -2.0237929821014404, -0.8691051006317139
172, -0.17763948440551758, -2.0237929821014404, -0.8697530031204224
173, -0.15498006343841553, -2.0237929821014404, -0.8986655473709106
174, -0.16153192520141602, -2.0237929821014404, -0.8692487478256226
175, -0.16275203227996826, -2.0237929821014404, -0.8695341348648071
176, -0.16399484872817993, -2.0237929821014404, -0.8699988126754761
177, -0.17892080545425415, -2.0237929821014404, -0.8710988759994507
178, -0.16528087854385376, -2.0237929821014404, -0.8706800937652588
179, -0.1666300892829895, -2.0237929821014404, -0.8716155290603638
180, -0.18015503883361816, -2.0237929821014404, -0.872536301612854
181, -0.16806268692016602, -2.0237929821014404, -0.87284255027771
182, -0.18135511875152588, -2.0237929821014404, -0.8740655183792114
183, -0.16959857940673828, -2.0237929821014404, -0.8743988275527954
184, -0.18253439664840698, -2.0237929821014404, -0.8756862878799438
185, -0.17125815153121948, -2.0237929821014404, -0.8763216733932495
186, -0.1837061047554016, -2.0237929821014404, -0.8773988485336304
187, -0.1730615496635437, -2.0237929821014404, -0.8786488771438599
188, -0.1848832368850708, -2.0237929821014404, -0.8792029619216919
189, -0.17502880096435547, -2.0237929821014404, -0.8814176321029663
190, -0.186079204082489, -2.0237929821014404, -0.881098747253418
191, -0.18730700016021729, -2.0237929821014404, -0.8830863237380981
192, -0.17718005180358887, -2.0237929821014404, -0.8846654891967773
193, -0.18858009576797485, -2.0237929821014404, -0.8851654529571533
194, -0.18618011474609375, -2.0237929821014404, -0.8986655473709106
195, -0.18928253650665283, -2.0237929821014404, -0.8862943649291992
196, -0.18994951248168945, -2.0237929821014404, -0.8873460292816162
197, -0.19059574604034424, -2.0237929821014404, -0.8883436918258667
198, -0.19123560190200806, -2.0237929821014404, -0.8893098831176758
199, -0.19188392162322998, -2.0237929821014404, -0.8902678489685059
200, -0.19255506992340088, -2.0237929821014404, -0.8912404775619507
201, -0.19326382875442505, -2.0237929821014404, -0.8922505378723145
202, -0.19402456283569336, -2.0237929821014404, -0.8933210372924805
203, -0.19485199451446533, -2.0237929821014404, -0.8944748640060425
204, -0.19576066732406616, -2.0237929821014404, -0.8957349061965942
205, -0.19676512479782104, -2.0237929821014404, -0.897124171257019
206, -0.19788014888763428, -2.0237929821014404, -0.8986655473709106
207, 0.12651991844177246, -2.0237929821014404, -0.8986655473709106
208, 0.11671996116638184, -2.0237929821014404, -0.8304654359817505
209, 0.12651991844177246, -2.0237929821014404, -0.8304654359817505
210, 0.11671996116638184, -2.0237929821014404, -0.889865517616272
211, 0.08591997623443604, -2.0237929821014404, -0.889865517616272
212, 0.08591997623443604, -2.0237929821014404, -0.8986655473709106
213, 0.1131056547164917, -2.0266478061676025, -0.6747612357139587
214, 0.11309337615966797, -2.0266478061676025, -0.6747511029243469
215, -0.15652799606323242, -2.0191540718078613, -1.055571436882019
216, 0.2334284782409668, -2.0191540718078613, -0.7788580656051636
217, -0.02454674243927002, -2.0266480445861816, -0.6314554810523987
218, -0.01982426643371582, -2.0266480445861816, -1.0923233032226562

Triangles, 200
Triangle:, Side1:, Side2:, Side3:
1, 1, 2, 3
2, 4, 5, 6
3, 7, 8, 9
4, 4, 10, 11
5, 10, 4, 6
6, 12, 13, 14
7, 15, 16, 17
8, 18, 19, 20
9, 21, 22, 23
10, 24, 25, 26
11, 27, 28, 29
12, 30, 31, 32
13, 30, 33, 34
14, 35, 36, 37
15, 38, 39, 40
16, 41, 42, 43
17, 44, 24, 26
18, 34, 33, 44
19, 33, 26, 44
20, 45, 46, 47
21, 16, 48, 49
22, 50, 19, 51
23, 9, 52, 53
24, 54, 55, 56
25, 22, 17, 23
26, 57, 42, 41
27, 58, 19, 50
28, 31, 26, 32
29, 23, 59, 21
30, 13, 60, 61
31, 62, 63, 29
32, 64, 65, 4
33, 66, 1, 67
34, 68, 69, 7
35, 70, 71, 12
36, 72, 73, 56
37, 74, 75, 18
38, 76, 77, 15
39, 78, 79, 24
40, 80, 81, 27
41, 65, 82, 5
42, 83, 67, 39
43, 84, 72, 85
44, 86, 74, 37
45, 84, 87, 88
46, 49, 76, 21
47, 58, 86, 19
48, 64, 41, 89
49, 79, 90, 25
50, 81, 62, 28
51, 91, 78, 32
52, 92, 68, 93
53, 63, 80, 45
54, 26, 90, 91
55, 5, 82, 94
56, 53, 92, 9
57, 95, 61, 70
58, 69, 96, 8
59, 8, 96, 52
60, 73, 88, 54
61, 71, 60, 13
62, 77, 48, 16
63, 75, 51, 19
64, 97, 57, 94
65, 98, 99, 100
66, 101, 102, 100
67, 103, 104, 105
68, 106, 102, 101
69, 103, 106, 107
70, 99, 108, 104
71, 104, 108, 109
72, 110, 107, 111
73, 107, 110, 112
74, 107, 101, 111
75, 113, 114, 115
76, 116, 114, 113
77, 113, 117, 116
78, 113, 118, 117
79, 113, 119, 118
80, 113, 120, 119
81, 113, 121, 120
82, 113, 122, 121
83, 113, 123, 122
84, 113, 124, 123
85, 124, 125, 123
86, 115, 126, 113
87, 127, 125, 124
88, 128, 125, 127
89, 129, 125, 128
90, 129, 130, 125
91, 131, 130, 129
92, 132, 130, 131
93, 133, 130, 132
94, 133, 134, 130
95, 135, 134, 133
96, 136, 134, 135
97, 137, 134, 136
98, 137, 138, 134
99, 139, 138, 137
100, 140, 138, 139
101, 140, 141, 138
102, 142, 141, 140
103, 143, 141, 142
104, 143, 144, 141
105, 145, 144, 143
106, 145, 146, 144
107, 147, 146, 145
108, 148, 146, 147
109, 148, 149, 146
110, 150, 149, 148
111, 150, 151, 149
112, 152, 151, 150
113, 152, 153, 151
114, 154, 153, 152
115, 155, 153, 154
116, 155, 156, 153
117, 157, 156, 155
118, 158, 156, 157
119, 158, 159, 156
120, 160, 159, 158
121, 161, 159, 160
122, 115, 162, 126
123, 162, 161, 126
124, 162, 159, 161
125, 162, 163, 159
126, 162, 164, 163
127, 162, 165, 164
128, 162, 166, 165
129, 162, 167, 166
130, 162, 168, 167
131, 162, 169, 168
132, 162, 170, 169
133, 170, 171, 169
134, 171, 172, 169
135, 115, 173, 162
136, 174, 172, 171
137, 175, 172, 174
138, 176, 172, 175
139, 176, 177, 172
140, 178, 177, 176
141, 179, 177, 178
142, 179, 180, 177
143, 181, 180, 179
144, 181, 182, 180
145, 183, 182, 181
146, 183, 184, 182
147, 185, 184, 183
148, 185, 186, 184
149, 187, 186, 185
150, 187, 188, 186
151, 189, 188, 187
152, 189, 190, 188
153, 189, 191, 190
154, 192, 191, 189
155, 192, 193, 191
156, 194, 193, 192
157, 194, 195, 193
158, 194, 196, 195
159, 194, 197, 196
160, 194, 198, 197
161, 194, 199, 198
162, 194, 200, 199
163, 194, 201, 200
164, 194, 202, 201
165, 194, 203, 202
166, 194, 204, 203
167, 194, 205, 204
168, 194, 206, 205
169, 207, 208, 209
170, 207, 210, 208
171, 207, 211, 210
172, 207, 212, 211
173, 41, 4, 11
174, 41, 11, 57
175, 3, 213, 214
176, 3, 214, 83
177, 22, 21, 15
178, 22, 15, 17
179, 33, 30, 24
180, 33, 24, 44
181, 26, 31, 34
182, 26, 34, 44
183, 215, 93, 7
184, 215, 7, 9
185, 1, 3, 40
186, 1, 40, 39
187, 87, 85, 56
188, 87, 56, 55
189, 95, 216, 12
190, 95, 12, 14
191, 217, 89, 57
192, 217, 57, 97
193, 18, 20, 35
194, 18, 35, 36
195, 29, 47, 46
196, 29, 46, 27
197, 218, 105, 99
198, 218, 99, 98
199, 104, 107, 112
200, 104, 112, 99

Colors, 200
Triangle:, Red:, Green:, Blue:
1, 204, 204, 204
2, 204, 204, 204
3, 204, 204, 204
4, 204, 204, 204
5, 204, 204, 204
6, 204, 204, 204
7, 204, 204, 204
8, 204, 204, 204
9, 204, 204, 204
10, 204, 204, 204
11, 204, 204, 204
12, 204, 204, 204
13, 204, 204, 204
14, 204, 204, 204
15, 204, 204, 204
16, 204, 204, 204
17, 204, 204, 204
18, 204, 204, 204
19, 204, 204, 204
20, 204, 204, 204
21, 204, 204, 204
22, 204, 204, 204
23, 204, 204, 204
24, 204, 204, 204
25, 204, 204, 204
26, 204, 204, 204
27, 204, 204, 204
28, 204, 204, 204
29, 204, 204, 204
30, 204, 204, 204
31, 204, 204, 204
32, 204, 204, 204
33, 204, 204, 204
34, 204, 204, 204
35, 204, 204, 204
36, 204, 204, 204
37, 204, 204, 204
38, 204, 204, 204
39, 204, 204, 204
40, 204, 204, 204
41, 204, 204, 204
42, 204, 204, 204
43, 204, 204, 204
44, 204, 204, 204
45, 204, 204, 204
46, 204, 204, 204
47, 204, 204, 204
48, 204, 204, 204
49, 204, 204, 204
50, 204, 204, 204
51, 204, 204, 204
52, 204, 204, 204
53, 204, 204, 204
54, 204, 204, 204
55, 204, 204, 204
56, 204, 204, 204
57, 204, 204, 204
58, 204, 204, 204
59, 204, 204, 204
60, 204, 204, 204
61, 204, 204, 204
62, 204, 204, 204
63, 204, 204, 204
64, 204, 204, 204
65, 204, 204, 204
66, 204, 204, 204
67, 204, 204, 204
68, 204, 204, 204
69, 204, 204, 204
70, 204, 204, 204
71, 204, 204, 204
72, 204, 204, 204
73, 204, 204, 204
74, 204, 204, 204
75, 204, 204, 204
76, 204, 204, 204
77, 204, 204, 204
78, 204, 204, 204
79, 204, 204, 204
80, 204, 204, 204
81, 204, 204, 204
82, 204, 204, 204
83, 204, 204, 204
84, 204, 204, 204
85, 204, 204, 204
86, 204, 204, 204
87, 204, 204, 204
88, 204, 204, 204
89, 204, 204, 204
90, 204, 204, 204
91, 204, 204, 204
92, 204, 204, 204
93, 204, 204, 204
94, 204, 204, 204
95, 204, 204, 204
96, 204, 204, 204
97, 204, 204, 204
98, 204, 204, 204
99, 204, 204, 204
100, 204, 204, 204
101, 204, 204, 204
102, 204, 204, 204
103, 204, 204, 204
104, 204, 204, 204
105, 204, 204, 204
106, 204, 204, 204
107, 204, 204, 204
108, 204, 204, 204
109, 204, 204, 204
110, 204, 204, 204
111, 204, 204, 204
112, 204, 204, 204
113, 204, 204, 204
114, 204, 204, 204
115, 204, 204, 204
116, 204, 204, 204
117, 204, 204, 204
118, 204, 204, 204
119, 204, 204, 204
120, 204, 204, 204
121, 204, 204, 204
122, 204, 204, 204
123, 204, 204, 204
124, 204, 204, 204
125, 204, 204, 204
126, 204, 204, 204
127, 204, 204, 204
128, 204, 204, 204
129, 204, 204, 204
130, 204, 204, 204
131, 204, 204, 204
132, 204, 204, 204
133, 204, 204, 204
134, 204, 204, 204
135, 204, 204, 204
136, 204, 204, 204
137, 204, 204, 204
138, 204, 204, 204
139, 204, 204, 204
140, 204, 204, 204
141, 204, 204, 204
142, 204, 204, 204
143, 204, 204, 204
144, 204, 204, 204
145, 204, 204, 204
146, 204, 204, 204
147, 204, 204, 204
148, 204, 204, 204
149, 204, 204, 204
150, 204, 204, 204
151, 204, 204, 204
152, 204, 204, 204
153, 204, 204, 204
154, 204, 204, 204
155, 204, 204, 204
156, 204, 204, 204
157, 204, 204, 204
158, 204, 204, 204
159, 204, 204, 204
160, 204, 204, 204
161, 204, 204, 204
162, 204, 204, 204
163, 204, 204, 204
164, 204, 204, 204
165, 204, 204, 204
166, 204, 204, 204
167, 204, 204, 204
168, 204, 204, 204
169, 204, 204, 204
170, 204, 204, 204
171, 204, 204, 204
172, 204, 204, 204
173, 204, 204, 204
174, 204, 204, 204
175, 204, 204, 204
176, 204, 204, 204
177, 204, 204, 204
178, 204, 204, 204
179, 204, 204, 204
180, 204, 204, 204
181, 204, 204, 204
182, 204, 204, 204
183, 204, 204, 204
184, 204, 204, 204
185, 204, 204, 204
186, 204, 204, 204
187, 204, 204, 204
188, 204, 204, 204
189, 204, 204, 204
190, 204, 204, 204
191, 204, 204, 204
192, 204, 204, 204
193, 204, 204, 204
194, 204, 204, 204
195, 204, 204, 204
196, 204, 204, 204
197, 204, 204, 204
198, 204, 204, 204
199, 204, 204, 204
200, 204, 204, 204
